id HH MM SS longitude latitude altitude adc_1_ch0 adc_1_ch1 adc_1_ch2 adc_1_ch3 adc_1_ch4 adc_1_ch5 adc_1_ch6 adc_1_ch7 adc_1_ch8 adc_2_ch0 adc_2_ch1 adc_2_ch2 adc_2_ch3 adc_2_ch4 adc_2_ch5 adc_2_ch6 adc_2_ch7 adc_2_ch8 temp hum pres t_prog t_gps t_split t_adc t_temp t_hum t_pres trame_gga
1 08 20 34 Nan Nan Nan 1101011010 1100010010 1100101101 10000001111 10000111101 1011111101 1100111001 1111100111 1100001011 1101100000 1011011010 1100000011 10000100000 10000111111 1100010000 1100000011 1100001000 1100000001 22.500 52.140 795.83 1992 17 -129 11 60 51 3 $GNGGA,082034.00,,,,,0,00,99.9,,,,,,*4C
2 08 20 35 Nan Nan Nan 1101011010 1100010110 1100110010 10000001101 10000111011 1100000001 1100110111 1111100111 1100001101 1101100000 1011011000 1100000000 10000100011 10000111110 1100011001 1100000101 1100000011 1011111000 22.500 52.125 1000.0 2991 16 -130 11 59 51 4 $GNGGA,082035.00,,,,,0,00,99.9,,,,,,*4D
3 08 20 36 Nan Nan Nan 1101011010 1100010100 1100101110 10000000111 10000110111 1100000101 1101000000 1111100011 1011111101 1101100000 1011011010 1011111111 10000100101 10000111101 1100010101 1100000010 1100001110 1011111111 22.500 52.155 1000.0 3991 17 -130 11 60 51 3 $GNGGA,082036.00,,,,,0,00,99.9,,,,,,*4E
4 08 20 37 Nan Nan Nan 1101011010 1100010010 1100101111 10000001010 10000111010 1011111111 1100111000 1111100111 1100001011 1101100000 1011011001 1100000000 10000100010 10000111110 1100010101 1100000010 1100001010 1011111111 22.500 52.170 1000.0 4988 16 -129 11 59 51 4 $GNGGA,082037.00,,,,,0,00,99.9,,,,,,*4F
5 08 20 38 Nan Nan Nan 1101011010 1100010100 1100101110 10000001010 10000111011 1011111111 1100111000 1111100000 1100000000 1101100000 1011011000 1100000010 10000011111 10000111110 1100010010 1100000011 1100001111 1100000110 22.500 52.117 1000.0 5987 16 -129 11 59 52 3 $GNGGA,082038.00,,,,,0,00,99.9,,,,,,*40
6 08 20 39 Nan Nan Nan 1101011010 1100010100 1100101111 10000010001 10000111011 1011111100 1100110101 1111100011 1100000100 1101011111 1011011001 1100000000 10000100000 10000111111 1100010100 1100001000 1100001011 1100000000 22.500 52.018 1000.0 6987 17 -129 11 59 51 3 $GNGGA,082039.00,,,,,0,00,99.9,,,,,,*41
7 08 20 40 Nan Nan Nan 1101011010 1100010011 1100101111 10000001100 10000111000 1100000000 1100111010 1111100011 1100000011 1101011111 1011011001 1100000010 10000100001 10000111101 1100010100 1100000011 1100001000 1100000000 22.500 52.086 1000.0 7986 16 -129 11 59 52 3 $GNGGA,082040.00,,,,,0,00,99.9,,,,,,*4F
8 08 20 41 Nan Nan Nan 1101011010 1100010011 1100110000 10000001100 10000111101 1100000001 1100110111 1111100001 1100000001 1101100000 1011011000 1100000011 10000011111 10000111011 1100010000 1100000000 1100001000 1100000001 22.500 52.102 1000.0 8985 17 -129 10 60 51 4 $GNGGA,082041.00,,,,,0,00,99.9,,,,,,*4E
9 08 20 42 Nan Nan Nan 1101011010 1100010100 1100101111 10000001101 10000111110 1100000000 1100111000 1111100000 1011111100 1101100000 1011010110 1100000010 10000011011 10000111100 1100010011 1100000101 1100000011 1011111000 22.500 52.041 1000.0 9985 16 -129 12 59 50 4 $GNGGA,082042.00,,,,,0,00,99.9,,,,,,*4D
10 08 20 43 Nan Nan Nan 1101011010 1100010010 1100101011 10000001110 10000111100 1011111011 1100110111 1111100010 1100000000 1101100000 1011010111 1100000010 10000011111 10000111111 1100011001 1100000101 1100001001 1100000011 22.500 52.041 1000.0 10983 18 -129 10 60 50 4 $GNGGA,082043.00,,,,,0,00,99.9,,,,,,*4C
11 08 20 44 Nan Nan Nan 1101011010 1100010101 1100101111 10000010000 10000111011 1011111100 1100111000 1111011011 1100000001 1101100000 1011010101 1100000001 10000011110 10000111100 1100010101 1100000111 1100000011 1011111100 22.500 52.071 1000.0 11983 17 -129 11 58 51 4 $GNGGA,082044.00,,,,,0,00,99.9,,,,,,*4B
12 08 20 45 Nan Nan Nan 1101011010 1100010100 1100101111 10000001111 10000111100 1011111011 1100110010 1111010111 1011111111 1101100000 1011011010 1100000011 10000011100 10000111110 1100001111 1011111101 1100000000 1011110111 22.500 52.125 1000.0 12981 16 -129 10 58 52 4 $GNGGA,082045.00,,,,,0,00,99.9,,,,,,*4A
13 08 20 46 Nan Nan Nan 1101011010 1100010100 1100101110 10000001000 10000111001 1100000100 1100111110 1111100000 1100000001 1101011111 1011011000 1100000001 10000010111 10000111101 1100010000 1100000100 1100000111 1011111010 22.500 52.125 1000.0 13980 17 -130 11 60 51 3 $GNGGA,082046.00,,,,,0,00,99.9,,,,,,*49
14 08 20 47 Nan Nan Nan 1101011010 1100010110 1100101110 10000001010 10000110111 1100000011 1100111000 1111100001 1011111111 1101100000 1011010111 1100000000 10000011110 10000111111 1100010010 1100000100 1100001100 1011111111 22.500 52.102 1000.0 14980 16 -130 11 59 51 4 $GNGGA,082047.00,,,,,0,00,99.9,,,,,,*48
15 08 20 48 Nan Nan Nan 1101011010 1100010101 1100110000 10000001010 10000111100 1100000000 1100111011 1111100000 1100000010 1101011111 1011010101 1100000010 10000100000 10001000010 1100010011 1011111111 1100000110 1011111100 22.500 52.064 1000.0 15978 17 -129 11 60 51 3 $GNGGA,082048.00,,,,,0,00,99.9,,,,,,*47
16 08 20 49 Nan Nan Nan 1101011010 1100010011 1100101111 10000001001 10000111100 1011111110 1100111011 1111100000 1011111101 1101011111 1011011101 1100000100 10000011100 10001000000 1100010000 1100000010 1100001001 1011111101 22.500 52.079 1000.0 16976 17 -129 11 58 51 4 $GNGGA,082049.00,,,,,0,00,99.9,,,,,,*46
17 08 20 50 Nan Nan Nan 1101011010 1100010110 1100110000 10000001000 10000111001 1100000000 1100110111 1111100010 1011111011 1101100000 1011010110 1100000010 10000011011 10000111110 1100010101 1100000010 1100001101 1011111110 22.500 51.980 1000.0 17976 16 -129 10 58 52 4 $GNGGA,082050.00,,,,,0,00,99.9,,,,,,*4E
18 08 20 51 Nan Nan Nan 1101011010 1100010011 1100101110 10000001011 10000111011 1011111110 1100110100 1111100001 1100000010 1101100000 1011011001 1100000010 10000011001 10000111101 1100010101 1100000001 1100001011 1011111101 22.500 51.873 1000.0 18975 17 -129 11 59 50 4 $GNGGA,082051.00,,,,,0,00,99.9,,,,,,*4F
19 08 20 52 Nan Nan Nan 1101011010 1100010011 1100101101 10000000100 10000111000 1100000010 1100110110 1111100100 1100000011 1101100000 1011011000 1100000001 10000011111 10000111110 1100010101 1100000010 1100001100 1011111101 22.500 51.789 1000.0 19974 17 -129 10 59 51 4 $GNGGA,082052.00,,,,,0,00,99.9,,,,,,*4C
20 08 20 53 Nan Nan Nan 1101011010 1100010101 1100101110 10000001011 10000111010 1100000101 1100111011 1111011110 1100000000 1101100000 1011011000 1100000010 10000011010 10000111011 1100011000 1100000001 1100010001 1100000111 22.500 51.713 1000.0 20973 17 -130 11 60 51 3 $GNGGA,082053.00,,,,,0,00,99.9,,,,,,*4D
21 08 20 54 Nan Nan Nan 1101011010 1100010010 1100101101 10000001010 10000111011 1011111011 1100110000 1111100111 1011111010 1101100000 1011011011 1100000011 10000011101 10000111110 1100011000 1100000110 1100001001 1011110110 22.500 51.644 1000.0 21972 16 -130 12 59 51 3 $GNGGA,082054.00,,,,,0,00,99.9,,,,,,*4A
22 08 20 55 Nan Nan Nan 1101011010 1100010100 1100101101 10000001011 10000111010 1100000101 1100111010 1111100101 1100000011 1101100000 1011011100 1100000110 10000100010 10000111111 1100010101 1100000101 1100000111 1011111011 22.500 51.659 1000.0 22971 16 -129 10 59 51 4 $GNGGA,082055.00,,,,,0,00,99.9,,,,,,*4B
23 08 20 56 Nan Nan Nan 1101011010 1100010101 1100101111 10000001110 10000111101 1011111111 1100111001 1111011100 1011111100 1101100000 1011011001 1100000011 10000011010 10000111101 1100001011 1011111110 1100010011 1100001001 22.500 51.652 1000.0 23970 17 -129 11 58 51 4 $GNGGA,082056.00,,,,,0,00,99.9,,,,,,*48
24 08 20 57 Nan Nan Nan 1101011010 1100010011 1100101110 10000010000 10000111010 1011111101 1100110101 1111011000 1011110100 1101100000 1011010111 1100000001 10000100001 10000111100 1100010011 1100000001 1100001100 1011110110 22.500 51.690 1000.0 24969 17 -129 10 58 52 4 $GNGGA,082057.00,,,,,0,00,99.9,,,,,,*49
25 08 20 58 Nan Nan Nan 1101011010 1100010100 1100101111 10000001001 10000110111 1011111110 1100111100 1111100011 1100000010 1101100000 1011011001 1100000100 10000100010 10000111110 1100010010 1100000010 1100010000 1100000001 22.500 52.064 1000.0 25968 17 -130 11 60 51 3 $GNGGA,082058.00,,,,,0,00,99.9,,,,,,*46
26 08 20 59 Nan Nan Nan 1101011010 1100010011 1100101101 10000010001 10000111100 1100000101 1100111110 1111100100 1011111001 1101100000 1011011001 1100000100 10000100111 10000111111 1100010011 1100000001 1100000110 1011111100 22.500 52.353 1000.0 26968 16 -130 12 59 51 3 $GNGGA,082059.00,,,,,0,00,99.9,,,,,,*47
27 08 21 00 Nan Nan Nan 1101011010 1100010110 1100110000 10000001100 10000111001 1100000011 1101000001 1111100100 1011111111 1101100000 1011011011 1100000000 10000100010 10000111111 1100011000 1100001110 1100001110 1100000010 22.500 52.475 1000.0 27965 17 -130 11 60 51 3 $GNGGA,082100.00,,,,,0,00,99.9,,,,,,*4A
28 08 21 01 Nan Nan Nan 1101011010 1100010100 1100101110 10000001011 10000111010 1011111111 1100110111 1111100100 1100000101 1101100000 1011011001 1100000011 10000100000 10000111100 1100011001 1100001010 1100000110 1011111100 22.500 52.254 1000.0 28965 16 -129 12 59 50 4 $GNGGA,082101.00,,,,,0,00,99.9,,,,,,*4B
29 08 21 02 Nan Nan Nan 1101011010 1100010010 1100101100 10000001011 10000110111 1011111011 1100110100 1111100110 1100000001 1101100000 1011011011 1100000100 10000011110 10000111101 1100010100 1100000001 1100000101 1011111110 22.500 51.980 1000.0 29964 17 -129 10 58 52 4 $GNGGA,082102.00,,,,,0,00,99.9,,,,,,*48
30 08 21 03 Nan Nan Nan 1101011010 1100010010 1100101111 10000001111 10000111001 1100000001 1100110101 1111100100 1011111101 1101100000 1011010110 1011111111 10000100001 10000111101 1100010110 1100001000 1100000111 1011111111 22.500 52.018 1000.0 30963 17 -129 11 60 51 3 $GNGGA,082103.00,,,,,0,00,99.9,,,,,,*49
31 08 21 04 Nan Nan Nan 1101011010 1100010010 1100101101 10000001011 10000111001 1100000010 1100110111 1111101011 1100000000 1101100000 1011011101 1100000101 10000100000 10000111101 1100010001 1100000101 1011111111 1011110110 22.500 52.041 1000.0 31963 16 -129 11 59 51 4 $GNGGA,082104.00,,,,,0,00,99.9,,,,,,*4E
32 08 21 05 Nan Nan Nan 1101011010 1100010111 1100110010 10000001111 10000111011 1100000100 1100111011 1111100110 1100000010 1101100000 1011011100 1100000101 10000100010 10000111111 1100010010 1100000011 1100001010 1011111101 22.500 51.995 1000.0 32962 17 -129 10 60 51 4 $GNGGA,082105.00,,,,,0,00,99.9,,,,,,*4F
33 08 21 06 Nan Nan Nan 1101011010 1100010010 1100101110 10000001000 10000111001 1011111110 1100111011 1111100111 1100000110 1101100000 1011011011 1100000100 10000100000 10000111111 1100010011 1100000001 1100001011 1100000000 22.500 51.835 1000.0 33960 16 -130 12 59 51 3 $GNGGA,082106.00,,,,,0,00,99.9,,,,,,*4C
34 08 21 07 Nan Nan Nan 1101011010 1100010101 1100101101 10000000111 10000111001 1100000010 1100111001 1111100011 1100000100 1101100000 1011011001 1100000100 10000010100 10000111101 1100010100 1100000110 1100001001 1100000100 22.500 51.728 1000.0 34958 17 -129 10 60 50 4 $GNGGA,082107.00,,,,,0,00,99.9,,,,,,*4D
35 08 21 08 Nan Nan Nan 1101011010 1100010101 1100110001 10000001111 10000111011 1011111110 1100110001 1111100000 1100001000 1101100000 1011011001 1100000000 10000100011 10000111110 1100010010 1100000011 1100000011 1011111110 22.500 51.690 1000.0 35958 17 -130 11 59 51 3 $GNGGA,082108.00,,,,,0,00,99.9,,,,,,*42
36 08 21 09 Nan Nan Nan 1101011010 1100010010 1100101101 10000001100 10000111011 1011111101 1100111001 1111100110 1100000011 1101100000 1011011011 1100000011 10000011111 10000111111 1100010011 1100000110 1100001000 1011111101 22.500 51.629 1000.0 36958 16 -129 11 59 52 3 $GNGGA,082109.00,,,,,0,00,99.9,,,,,,*43
37 08 21 10 Nan Nan Nan 1101011010 1100010100 1100101101 10000010000 10000111100 1100000000 1100111101 1111100100 1100000110 1101100000 1011011010 1100000101 10000100010 10000111110 1100010110 1100000110 1100001100 1011111110 22.500 51.613 1000.0 37956 18 -129 10 59 51 4 $GNGGA,082110.00,,,,,0,00,99.9,,,,,,*4B
38 08 21 11 Nan Nan Nan 1101011010 1100010110 1100110011 10000001100 10000111011 1011111110 1100111001 1111101010 1100000111 1101100000 1011011010 1100000011 10000011111 10000111100 1100011001 1100000111 1100001111 1100000011 22.500 51.690 1000.0 38956 17 -129 11 59 50 4 $GNGGA,082111.00,,,,,0,00,99.9,,,,,,*4A
39 08 21 12 Nan Nan Nan 1101011010 1100010100 1100101101 10000001000 10000110111 1011111101 1100110011 1111100010 1011111111 1101100000 1011011011 1100000011 10000011001 10000111110 1100010011 1100000110 1100000111 1100000011 22.500 51.873 1000.0 39955 17 -129 11 60 51 3 $GNGGA,082112.00,,,,,0,00,99.9,,,,,,*49
40 08 21 13 Nan Nan Nan 1101011010 1100010001 1100101110 10000000011 10000110101 1100000000 1100111010 1111011110 1100000011 1101100000 1011011010 1100000010 10000100101 10000111110 1100011000 1100000101 1100001010 1011111101 22.500 51.980 1000.0 40953 17 -129 11 58 51 4 $GNGGA,082113.00,,,,,0,00,99.9,,,,,,*48
41 08 21 14 Nan Nan Nan 1101011010 1100010100 1100101110 10000010011 10000111010 1011111011 1100110011 1111101000 1100000101 1101011111 1011011000 1100000010 10000011011 10000111100 1100010011 1100000000 1100001011 1011111111 22.500 52.010 1000.0 41953 16 -130 11 59 52 3 $GNGGA,082114.00,,,,,0,00,99.9,,,,,,*4F
42 08 21 15 Nan Nan Nan 1101011010 1100010011 1100101110 10000001101 10000111011 1100000001 1100111010 1111100101 1011111111 1101011111 1011011010 1100000010 10000011101 10000111101 1100001110 1100000010 1100010100 1100000100 22.500 52.300 1000.0 42952 17 -129 11 60 50 4 $GNGGA,082115.00,,,,,0,00,99.9,,,,,,*4E
43 08 21 16 Nan Nan Nan 1101011010 1100010010 1100101110 10000010000 10000111100 1011111111 1100111101 1111100101 1011111110 1101100000 1011010100 1100000001 10000011000 10000111110 1100010101 1100001000 1100010010 1100000011 22.500 52.582 1000.0 43951 17 -129 10 59 50 5 $GNGGA,082116.00,,,,,0,00,99.9,,,,,,*4D
44 08 21 17 Nan Nan Nan 1101011010 1100010101 1100101110 10000001011 10000111000 1100000000 1100111100 1111100100 1100001010 1101100000 1011011111 1100000100 10000011100 10000111101 1100010001 1100000001 1100001010 1011111111 22.500 52.552 1000.0 44950 17 -130 11 60 51 3 $GNGGA,082117.00,,,,,0,00,99.9,,,,,,*4C
45 08 21 18 Nan Nan Nan 1101011010 1100010010 1100101100 10000001111 10000111001 1100000001 1100111000 1111011110 1100000001 1101100000 1011011010 1100000011 10000011110 10000111110 1100011000 1100001011 1100010011 1100001000 22.563 52.323 1000.0 45948 16 -130 12 59 51 3 $GNGGA,082118.00,,,,,0,00,99.9,,,,,,*43
46 08 21 19 Nan Nan Nan 1101011010 1100010100 1100110000 10000010000 10000111101 1100000000 1100111000 1111011011 1100000000 1101100000 1011011001 1100000001 10000011101 10000111110 1100010110 1100000111 1100000111 1011111001 22.500 52.178 1000.0 46949 16 -130 11 60 51 3 $GNGGA,082119.00,,,,,0,00,99.9,,,,,,*42
47 08 21 20 Nan Nan Nan 1101011010 1100010010 1100101101 10000001111 10000110111 1100000011 1100111010 1111101001 1100010011 1101011111 1011011001 1100000100 10000011010 10000111110 1100010000 1100000101 1100001000 1011110111 22.563 52.079 1000.0 47947 17 -130 11 59 51 3 $GNGGA,082120.00,,,,,0,00,99.9,,,,,,*48
48 08 21 21 Nan Nan Nan 1101011010 1100010011 1100101101 10000001001 10000110111 1100000011 1100111101 1111101001 1100000011 1101100000 1011011011 1100000100 10000011111 10000111111 1100010011 1100000001 1100001110 1011111100 22.563 52.125 1000.0 48947 16 -129 11 59 51 4 $GNGGA,082121.00,,,,,0,00,99.9,,,,,,*49
49 08 21 22 Nan Nan Nan 1101011010 1100010011 1100101110 10000001101 10000111100 1011111110 1100111001 1111100010 1011111001 1101100000 1011011001 1100000010 10000011101 10000111110 1100010011 1100000100 1100001010 1100000100 22.563 52.353 1000.0 49946 17 -130 11 60 51 3 $GNGGA,082122.00,,,,,0,00,99.9,,,,,,*4A
50 08 21 23 Nan Nan Nan 1101011010 1100010100 1100101110 10000001101 10000111010 1100000001 1100110111 1111011101 1011111100 1101100000 1011011001 1100000010 10000011000 10000111101 1100010111 1100000100 1100001001 1011111101 22.563 52.949 1000.0 50944 16 -129 12 59 51 3 $GNGGA,082123.00,,,,,0,00,99.9,,,,,,*4B
51 08 21 24 Nan Nan Nan 1101011010 1100010010 1100101110 10000001011 10000111100 1100000010 1100111010 1111100111 1100000100 1101100000 1011010101 1100000001 10000010101 10000111101 1100010111 1100000110 1100001101 1100000101 22.563 52.971 1000.0 51943 18 -129 10 59 51 4 $GNGGA,082124.00,,,,,0,00,99.9,,,,,,*4C
52 08 21 25 Nan Nan Nan 1101011010 1100010100 1100101110 10000001100 10000111011 1100000010 1100111001 1111100111 1100000011 1101100000 1011011010 1100000011 10000011000 10000111100 1100010011 1100000101 1100000101 1011111011 22.563 53.071 1000.0 52942 16 -129 12 59 51 3 $GNGGA,082125.00,,,,,0,00,99.9,,,,,,*4D
53 08 21 26 Nan Nan Nan 1101011010 1100010110 1100110010 10000001010 10000111001 1011111101 1100111000 1111100010 1100001000 1101100000 1011011000 1100000010 10000011110 10000111110 1100010011 1100000011 1100000111 1011111011 22.563 52.903 1000.0 53941 17 -129 10 59 51 4 $GNGGA,082126.00,,,,,0,00,99.9,,,,,,*4E
54 08 21 27 Nan Nan Nan 1101011010 1100010010 1100101101 10000000110 10000111011 1100000011 1100111000 1111100000 1011111101 1101100000 1011011010 1100000011 10000010101 10000111011 1100010100 1100000011 1100001000 1011111010 22.563 52.933 1000.0 54941 17 -129 11 60 51 3 $GNGGA,082127.00,,,,,0,00,99.9,,,,,,*4F
55 08 21 28 Nan Nan Nan 1101011010 1100010011 1100101101 10000001110 10000111100 1100000101 1100111101 1111100111 1100000011 1101100000 1011011010 1100000101 10000011001 10000111010 1100010110 1100000101 1100000100 1011111010 22.563 52.796 1000.0 55940 16 -129 11 59 50 5 $GNGGA,082128.00,,,,,0,00,99.9,,,,,,*40
56 08 21 29 Nan Nan Nan 1101011010 1100010101 1100110000 10000001001 10000111001 1011111100 1100110100 1111100100 1100000001 1101100000 1011010111 1011111111 10000011100 10000111110 1100010000 1011111110 1100000111 1011111011 22.563 52.315 1000.0 56937 17 -129 10 59 51 4 $GNGGA,082129.00,,,,,0,00,99.9,,,,,,*41
57 08 21 30 Nan Nan Nan 1101011010 1100010011 1100101111 10000001000 10000110111 1011111110 1100111001 1111011110 1011111011 1101100000 1011010111 1100000010 10000010110 10000111101 1100010000 1100000010 1100000000 1011110001 22.563 52.300 1000.0 57937 16 -130 12 59 51 3 $GNGGA,082130.00,,,,,0,00,99.9,,,,,,*49
58 08 21 31 Nan Nan Nan 1101011010 1100010101 1100101111 10000000001 10000110110 1100000001 1100111000 1111011110 1100000001 1101100000 1011011000 1100000011 10000010110 10000111100 1100011001 1100000110 1100001011 1011111011 22.563 52.338 1000.0 58936 17 -129 10 60 50 4 $GNGGA,082131.00,,,,,0,00,99.9,,,,,,*48
59 08 21 32 Nan Nan Nan 1101011010 1100010011 1100101101 10000001000 10000111011 1011111111 1100110010 1111011010 1011111010 1101100000 1011011011 1100000110 10000100010 10001000010 1100010010 1011111111 1100001110 1011111100 22.625 52.376 1000.0 59935 18 -129 10 58 51 4 $GNGGA,082132.00,,,,,0,00,99.9,,,,,,*4B
60 08 21 33 Nan Nan Nan 1101011010 1100010011 1100110000 10000000110 10000111001 1100000010 1100111010 1111100011 1100000011 1101100000 1011011001 1100000010 10000011111 10000111111 1100010011 1100000001 1100001110 1100000101 22.625 52.399 1000.0 60935 16 -130 11 59 52 3 $GNGGA,082133.00,,,,,0,00,99.9,,,,,,*4A
61 08 21 34 Nan Nan Nan 1101011010 1100010100 1100101110 10000001100 10000111010 1100000010 1100111001 1111100010 1100000100 1101011111 1011010111 1100000001 10000011000 10000111101 1100010110 1100000110 1100001101 1100000101 22.563 52.414 1000.0 61933 18 -129 10 60 50 4 $GNGGA,082134.00,,,,,0,00,99.9,,,,,,*4D
62 08 21 35 Nan Nan Nan 1101011010 1100010100 1100101111 10000000110 10000111011 1011111110 1100110111 1111101010 1100000010 1101100000 1011010101 1100000010 10000011111 10001000000 1100010111 1100000100 1100000000 1100000000 22.625 52.140 1000.0 62931 17 -129 11 59 50 4 $GNGGA,082135.00,,,,,0,00,99.9,,,,,,*4C
63 08 21 36 Nan Nan Nan 1101011010 1100010011 1100101111 10000001110 10000111000 1011111111 1100111001 1111011110 1100000011 1101100000 1011011000 1100000010 10000011101 10000111101 1100010000 1011111111 1100001101 1100000001 22.625 51.903 1000.0 63931 16 -129 11 60 51 3 $GNGGA,082136.00,,,,,0,00,99.9,,,,,,*4F
64 08 21 37 Nan Nan Nan 1101011010 1100010100 1100101111 10000001000 10000111000 1011111110 1100110111 1111011101 1100000001 1101100000 1011011101 1100000101 10000011100 10000111101 1100010001 1100000000 1100001100 1100000000 22.625 51.903 1000.0 64930 17 -129 11 58 51 4 $GNGGA,082137.00,,,,,0,00,99.9,,,,,,*4E
65 08 21 38 Nan Nan Nan 1101011010 1100010101 1100101110 10000001110 10000111011 1100000001 1100110111 1111100000 1100000000 1101100000 1011010110 1100000001 10000011011 10000111011 1100001110 1011111100 1100001110 1100000100 22.625 51.949 1000.0 65929 16 -129 10 59 52 4 $GNGGA,082138.00,,,,,0,00,99.9,,,,,,*41
66 08 21 39 Nan Nan Nan 1101011010 1100010100 1100101101 10000001000 10000111000 1011111111 1100111001 1111011111 1100000000 1101100000 1011011011 1100000011 10000011111 10001000000 1100011010 1100000101 1100001100 1011111111 22.625 52.338 1000.0 66928 17 -129 11 60 50 4 $GNGGA,082139.00,,,,,0,00,99.9,,,,,,*40
67 08 21 40 Nan Nan Nan 1101011010 1100010011 1100101110 10000001011 10000111001 1011111011 1100110110 1111101001 1100000011 1101100000 1011011100 1100000100 10000011111 10000111110 1100010110 1100000110 1100000100 1100000000 22.625 52.468 1000.0 67926 17 -129 11 58 51 4 $GNGGA,082140.00,,,,,0,00,99.9,,,,,,*4E
68 08 21 41 Nan Nan Nan 1101011010 1100010101 1100110000 10000001110 10000111100 1100000011 1100111101 1111100101 1100000001 1101100000 1011010111 1100000010 10000011101 10000111101 1100010010 1100000100 1100000111 1011111110 22.625 52.590 1000.0 68926 18 -129 10 59 51 4 $GNGGA,082141.00,,,,,0,00,99.9,,,,,,*4F
69 08 21 42 Nan Nan Nan 1101011011 1100010001 1100101111 10000001111 10000111010 1100000011 1100111001 1111100000 1011111011 1101100000 1011011010 1100000010 10000011110 10000111101 1100010000 1100000011 1100001111 1100000010 22.625 52.384 1000.0 69925 16 -129 11 58 51 4 $GNGGA,082142.00,,,,,0,00,99.9,,,,,,*4C
70 08 21 43 Nan Nan Nan 1101011010 1100010100 1100110000 10000010000 10000111011 1011111000 1100110011 1111100000 1011111011 1101100000 1011010110 1011111111 10000100001 10000111101 1100010100 1100000001 1100010011 1100001011 22.625 52.208 1000.0 70925 16 -130 11 59 52 3 $GNGGA,082143.00,,,,,0,00,99.9,,,,,,*4D
71 08 21 44 Nan Nan Nan 1101011010 1100010110 1100110010 10000001101 10000111001 1100000001 1100111010 1111100010 1100000100 1101100000 1011010110 1100000011 10000011101 10000111101 1100010101 1100000010 1100001100 1011110111 22.625 52.163 1000.0 71924 17 -129 11 59 50 4 $GNGGA,082144.00,,,,,0,00,99.9,,,,,,*4A
72 08 21 45 Nan Nan Nan 1101011010 1100010010 1100101110 10000001111 10000111100 1011111010 1100110111 1111101000 1100000010 1101100000 1011011000 1100000010 10000011011 10000111011 1100011000 1100000110 1100001011 1011111111 22.625 52.201 1000.0 72922 16 -129 11 59 50 5 $GNGGA,082145.00,,,,,0,00,99.9,,,,,,*4B
73 08 21 46 Nan Nan Nan 1101011010 1100010100 1100101101 10000001100 10000111001 1100000011 1100111100 1111101010 1100000011 1101100000 1011011000 1100000001 10000100010 10000111110 1100010010 1011111011 1100001101 1100000111 22.625 52.056 1000.0 73922 17 -129 11 60 51 3 $GNGGA,082146.00,,,,,0,00,99.9,,,,,,*48
74 08 21 47 Nan Nan Nan 1101011010 1100010100 1100101111 10000000111 10000110100 1100000011 1100110111 1111101001 1100000000 1101011111 1011010110 1100000010 10000011110 10000111100 1100010000 1100000001 1100001111 1011111111 22.625 52.025 1000.0 74919 17 -129 11 59 50 4 $GNGGA,082147.00,,,,,0,00,99.9,,,,,,*49
75 08 21 48 Nan Nan Nan 1101011010 1100010100 1100101110 10000001010 10000111011 1100000000 1100110101 1111100101 1100000101 1101100000 1011011001 1100000100 10000011111 10000111110 1100010100 1100000011 1100000110 1011111010 22.625 51.865 1000.0 75919 17 -129 10 60 50 4 $GNGGA,082148.00,,,,,0,00,99.9,,,,,,*46
76 08 21 49 Nan Nan Nan 1101011010 1100010001 1100101101 10000001000 10000110111 1100000010 1100111000 1111100111 1100000011 1101100000 1011011000 1100000100 10000011110 10000111110 1100010001 1100000101 1100010010 1100000111 22.625 51.789 1000.0 76919 16 -130 12 59 51 3 $GNGGA,082149.00,,,,,0,00,99.9,,,,,,*47
77 08 21 50 Nan Nan Nan 1101011010 1100010011 1100101110 10000001011 10000111100 1100000101 1100111101 1111100100 1100000110 1101100000 1011011100 1100000110 10000100000 10000111110 1100010110 1100000101 1100001111 1100000100 22.625 51.888 1000.0 77918 16 -130 11 59 52 3 $GNGGA,082150.00,,,,,0,00,99.9,,,,,,*4F
78 08 21 51 Nan Nan Nan 1101011010 1100010011 1100101111 10000000111 10000111000 1011111100 1100111000 1111100011 1100000011 1101100000 1011010110 1100000000 10000100000 10000111111 1100010010 1100000001 1100000111 1011111111 22.625 52.140 1000.0 78916 17 -129 11 60 50 4 $GNGGA,082151.00,,,,,0,00,99.9,,,,,,*4E
79 08 21 52 Nan Nan Nan 1101011010 1100010011 1100101101 10000001001 10000110111 1100000001 1100111000 1111011101 1011111010 1101100000 1011011001 1100000011 10000100000 10000111111 1100010101 1100000011 1100000100 1011111100 22.625 52.170 1000.0 79916 16 -129 11 58 51 4 $GNGGA,082152.00,,,,,0,00,99.9,,,,,,*4D
80 08 21 53 Nan Nan Nan 1101011010 1100010110 1100110010 10000010001 10000111011 1100000000 1100111100 1111101100 1100000010 1101100000 1011011100 1100000100 10000011110 10000111101 1100010001 1100000010 1100001010 1011111111 22.625 52.201 1000.0 80915 17 -129 11 60 50 4 $GNGGA,082153.00,,,,,0,00,99.9,,,,,,*4C
81 08 21 54 Nan Nan Nan 1101011010 1100010100 1100101111 10000001011 10000111001 1100000010 1100110110 1111100010 1011111100 1101100000 1011010011 1100000000 10000011101 10000111101 1100010100 1100000011 1100000010 1011110111 22.625 52.193 1000.0 81913 16 -129 11 58 51 4 $GNGGA,082154.00,,,,,0,00,99.9,,,,,,*4B
82 08 21 55 Nan Nan Nan 1101011010 1100010011 1100110001 10000001101 10000111101 1100000000 1100111100 1111101000 1100000110 1101100000 1011010111 1100000010 10000011100 10000111110 1100010100 1100000001 1100000100 1011111100 22.625 52.178 1000.0 82913 16 -130 11 59 52 3 $GNGGA,082155.00,,,,,0,00,99.9,,,,,,*4A
83 08 21 56 Nan Nan Nan 1101011010 1100010101 1100110010 10000000101 10000110111 1011111111 1100110101 1111100110 1100000101 1101100000 1011011010 1100000011 10000011110 10000111101 1100010101 1100000101 1100001001 1011111111 22.625 52.331 1000.0 83911 17 -129 10 59 51 4 $GNGGA,082156.00,,,,,0,00,99.9,,,,,,*49
84 08 21 57 Nan Nan Nan 1101011010 1100010001 1100101011 10000001100 10000111000 1100000100 1100111000 1111011111 1011111100 1101100000 1011011001 1100000010 10000011010 10000111010 1100010010 1100000111 1100001001 1100000011 22.688 52.224 1000.0 84911 16 -130 11 59 51 4 $GNGGA,082157.00,,,,,0,00,99.9,,,,,,*48
85 08 21 58 Nan Nan Nan 1101011010 1100010101 1100110000 10000001000 10000111001 1100000100 1100111000 1111100101 1100001010 1101100000 1011011100 1100000100 10000011010 10000111100 1100010110 1100000011 1100010001 1100000010 22.625 52.094 1000.0 85909 17 -129 11 60 51 3 $GNGGA,082158.00,,,,,0,00,99.9,,,,,,*47
86 08 21 59 Nan Nan Nan 1101011010 1100010010 1100101110 10000001011 10000111010 1100000111 1101000001 1111100001 1100000011 1101100000 1011011010 1100000011 10000010100 10000111100 1100010100 1100000000 1100001000 1011111101 22.625 51.888 1000.0 86908 17 -129 11 58 51 4 $GNGGA,082159.00,,,,,0,00,99.9,,,,,,*46
87 08 22 00 Nan Nan Nan 1101011010 1100010011 1100101101 10000000011 10000110110 1100000010 1100111001 1111011010 1100000111 1101100000 1011011000 1100000011 10000011100 10001000000 1100010010 1100000101 1100000101 1100000010 22.625 52.186 1000.0 87908 16 -129 10 60 51 4 $GNGGA,082200.00,,,,,0,00,99.9,,,,,,*49
88 08 22 01 Nan Nan Nan 1101011010 1100010011 1100101100 10000010001 10000111101 1100000011 1100111000 1111011101 1011111010 1101011111 1011011000 1100000011 10000011110 10001000000 1100010101 1100000111 1100001011 1100001000 22.625 52.201 1000.0 88906 17 -129 11 59 51 3 $GNGGA,082201.00,,,,,0,00,99.9,,,,,,*48
89 08 22 02 Nan Nan Nan 1101011010 1100010101 1100101111 10000001101 10000111011 1011111101 1100110010 1111100101 1100000101 1101100000 1011011001 1100000011 10000011000 10000111100 1100010101 1100000011 1100001100 1100000010 22.625 51.972 1000.0 89906 16 -130 11 59 52 3 $GNGGA,082202.00,,,,,0,00,99.9,,,,,,*4B
90 08 22 03 Nan Nan Nan 1101011010 1100010010 1100101101 10000001000 10000111001 1100000000 1100110111 1111100011 1100000001 1101100000 1011011010 1100000100 10000010100 10000111110 1100010010 1100000101 1100000101 1011111000 22.625 51.941 1000.0 90906 17 -130 11 60 51 3 $GNGGA,082203.00,,,,,0,00,99.9,,,,,,*4A
91 08 22 04 Nan Nan Nan 1101011010 1100010100 1100110000 10000001100 10000111100 1100000010 1100111100 1111011110 1011111110 1101100000 1011010110 1011111110 10000011100 10000111110 1100010010 1100000000 1100001110 1100000101 22.625 51.758 1000.0 91905 16 -129 12 59 51 3 $GNGGA,082204.00,,,,,0,00,99.9,,,,,,*4D
92 08 22 05 Nan Nan Nan 1101011010 1100010100 1100101110 10000001101 10000111100 1100000010 1100111001 1111100001 1011111011 1101100000 1011010111 1100000010 10000011100 10000111101 1100011000 1100000111 1100001001 1100000001 22.625 52.117 1000.0 92904 17 -130 11 60 51 3 $GNGGA,082205.00,,,,,0,00,99.9,,,,,,*4C
93 08 22 06 Nan Nan Nan 1101011010 1100010010 1100101110 10000001010 10000111010 1011111111 1100110111 1111100000 1100000101 1101100000 1011011101 1100000100 10000011111 10000111110 1100010010 1100000110 1100000100 1011110111 22.688 52.208 1000.0 93901 17 -129 11 59 50 4 $GNGGA,082206.00,,,,,0,00,99.9,,,,,,*4F
94 08 22 07 Nan Nan Nan 1101011010 1100010111 1100110010 10000000101 10000111001 1100000001 1100111011 1111011100 1100000011 1101100000 1011011000 1100000001 10000100011 10001000000 1100010101 1100000000 1100010000 1011111111 22.688 52.064 1000.0 94901 16 -130 11 59 52 3 $GNGGA,082207.00,,,,,0,00,99.9,,,,,,*4E
95 08 22 08 Nan Nan Nan 1101011010 1100010101 1100110001 10000010010 10000111011 1011111111 1100111000 1111100111 1100001010 1101100000 1011010111 1100000010 10000011001 10000111101 1100010110 1100000100 1100001100 1100000100 22.688 51.796 1000.0 95899 18 -129 10 59 51 4 $GNGGA,082208.00,,,,,0,00,99.9,,,,,,*41
96 08 22 09 Nan Nan Nan 1101011010 1100010101 1100101111 10000010000 10000111011 1011111101 1100110101 1111011011 1100000110 1101100000 1011011000 1100000001 10000011101 10000111110 1100010000 1100000101 1100000111 1011111011 22.688 51.987 1000.0 96899 16 -130 11 59 51 4 $GNGGA,082209.00,,,,,0,00,99.9,,,,,,*40
97 08 22 10 Nan Nan Nan 1101011010 1100010100 1100101011 10000010011 10000111100 1011111101 1100110100 1111100011 1100000101 1101100000 1011010101 1100000001 10000100011 10000111111 1100010010 1100000000 1100010001 1100001000 22.625 51.934 1000.0 97898 17 -130 11 60 51 3 $GNGGA,082210.00,,,,,0,00,99.9,,,,,,*48
98 08 22 11 Nan Nan Nan 1101011010 1100010101 1100110000 10000001011 10000111000 1100000010 1100111110 1111011111 1100000001 1101100000 1011010110 1011111111 10000011010 10000111110 1100001100 1011111110 1100001110 1100000001 22.688 51.758 1000.0 98896 17 -129 11 59 50 4 $GNGGA,082211.00,,,,,0,00,99.9,,,,,,*49
99 08 22 12 Nan Nan Nan 1101011010 1100010100 1100110010 10000010001 10000110111 1100000011 1100111011 1111011011 1100000011 1101100000 1011011000 1100000001 10000011001 10000111110 1100010100 1100000100 1100001111 1100001011 22.688 51.796 1000.0 99896 17 -129 10 60 50 4 $GNGGA,082212.00,,,,,0,00,99.9,,,,,,*4A
100 08 22 13 Nan Nan Nan 1101011010 1100010010 1100101100 10000010000 10000111001 1100000100 1100111110 1111010111 1011111000 1101100000 1011011010 1100000100 10000011110 10000111111 1100011001 1100000111 1100001001 1100000011 22.688 51.865 1000.0 100895 17 -130 11 59 51 3 $GNGGA,082213.00,,,,,0,00,99.9,,,,,,*4B
101 08 22 14 Nan Nan Nan 1101011010 1100010111 1100110001 10000001000 10000111001 1100000010 1100111001 1111010111 1011111110 1101100000 1011011000 1100000011 10000011111 10000111101 1100011000 1100000100 1100000110 1100000001 22.688 51.819 1000.0 101894 16 -129 10 58 52 4 $GNGGA,082214.00,,,,,0,00,99.9,,,,,,*4C
102 08 22 15 Nan Nan Nan 1101011010 1100001111 1100101101 10000001100 10000111011 1011111101 1100110010 1111101000 1100000111 1101100000 1011011000 1100000010 10000011100 10000111101 1100010101 1100000100 1100001010 1100000001 22.688 51.949 1000.0 102893 17 -129 11 60 50 4 $GNGGA,082215.00,,,,,0,00,99.9,,,,,,*4D
103 08 22 16 Nan Nan Nan 1101011010 1100010110 1100101111 10000001101 10000111001 1100000011 1100110101 1111011010 1100000000 1101100000 1011011001 1100000011 10000011010 10000111111 1100010110 1100000011 1100000111 1011111011 22.688 52.201 1000.0 103891 16 -130 12 59 51 3 $GNGGA,082216.00,,,,,0,00,99.9,,,,,,*4E
104 08 22 17 Nan Nan Nan 1101011010 1100010011 1100101100 10000001010 10000111000 1100000110 1100111011 1111100000 1100000101 1101100000 1011011000 1100000010 10000100101 10000111111 1100010011 1100000101 1100010011 1100000011 22.688 52.109 1000.0 104892 16 -130 11 60 51 3 $GNGGA,082217.00,,,,,0,00,99.9,,,,,,*4F
105 08 22 18 Nan Nan Nan 1101011010 1100010010 1100101100 10000001101 10000111010 1011111111 1100111000 1111100001 1011111101 1101100000 1011011110 1100000101 10000100001 10000111110 1100011011 1100000111 1100001001 1011111100 22.688 51.972 1000.0 105890 16 -129 12 59 51 3 $GNGGA,082218.00,,,,,0,00,99.9,,,,,,*40
106 08 22 19 Nan Nan Nan 1101011010 1100010101 1100110001 10000000111 10000111001 1100000100 1100111100 1111100100 1100001010 1101100000 1011010111 1100000001 10000011110 10000111110 1100010101 1100000111 1100010000 1100000001 22.688 52.041 1000.0 106890 16 -129 11 59 51 4 $GNGGA,082219.00,,,,,0,00,99.9,,,,,,*41
107 08 22 20 Nan Nan Nan 1101011010 1100010110 1100101111 10000010001 10000111111 1100000100 1100111100 1111011011 1011111111 1101100000 1011010110 1100000000 10000100011 10000111110 1100010100 1100000011 1100000100 1011111101 22.688 52.094 1000.0 107888 17 -129 10 59 51 4 $GNGGA,082220.00,,,,,0,00,99.9,,,,,,*4B
108 08 22 21 Nan Nan Nan 1101011010 1100010010 1100101011 10000001110 10000111011 1011111000 1100110101 1111011110 1011111110 1101100000 1011011100 1100000110 10000011100 10000111110 1100010001 1011111110 1100001000 1011111111 22.688 51.995 1000.0 108888 16 -131 12 59 51 3 $GNGGA,082221.00,,,,,0,00,99.9,,,,,,*4A
109 08 22 22 Nan Nan Nan 1101011010 1100010101 1100101110 10000001100 10000111010 1100000011 1100111100 1111011000 1011111101 1101100000 1011100000 1100000100 10000011110 10000111101 1100001110 1011111101 1100001101 1100000000 22.688 51.842 1000.0 109887 18 -129 10 60 50 4 $GNGGA,082222.00,,,,,0,00,99.9,,,,,,*49
110 08 22 23 Nan Nan Nan 1101011010 1100010100 1100101010 10000001101 10000111001 1100000000 1100110111 1111100110 1011111101 1101100000 1011011010 1100000100 10000011011 10000111100 1100001101 1011111101 1100001011 1100000000 22.688 51.796 1000.0 110885 16 -129 11 58 51 4 $GNGGA,082223.00,,,,,0,00,99.9,,,,,,*48
111 08 22 24 Nan Nan Nan 1101011010 1100010011 1100101101 10000000111 10000111000 1011111110 1100110111 1111100001 1011111111 1101100000 1011010100 1100000000 10000011110 10000111101 1100010110 1100000001 1100001111 1100000101 22.688 51.850 1000.0 111885 16 -129 11 59 51 4 $GNGGA,082224.00,,,,,0,00,99.9,,,,,,*4F
112 08 22 25 Nan Nan Nan 1101011010 1100010101 1100101110 10000001001 10000111001 1011111101 1100111001 1111100111 1100000100 1101100000 1011010111 1100000100 10000100011 10000111110 1100001111 1100000010 1100010011 1100000111 22.688 51.941 1000.0 112883 17 -130 11 60 51 3 $GNGGA,082225.00,,,,,0,00,99.9,,,,,,*4E
113 08 22 26 Nan Nan Nan 1101011010 1100010101 1100110000 10000001001 10000111001 1100000110 1100111110 1111100011 1100000000 1101100000 1011011001 1100000100 10000011010 10000111101 1100011000 1100001000 1100001101 1100000010 22.688 51.873 1000.0 113883 16 -129 11 59 50 5 $GNGGA,082226.00,,,,,0,00,99.9,,,,,,*4D
114 08 22 27 Nan Nan Nan 1101011010 1100010000 1100101101 10000000111 10000110110 1100000010 1101000000 1111100010 1011111110 1101100000 1011010111 1100000011 10000011110 10000111110 1100010010 1100000010 1100001110 1100000000 22.688 51.781 1000.0 114880 17 -130 11 60 51 3 $GNGGA,082227.00,,,,,0,00,99.9,,,,,,*4C
115 08 22 28 Nan Nan Nan 1101011010 1100010011 1100110001 10000001101 10000111011 1100000001 1100111010 1111100000 1100000000 1101100000 1011011000 1011111111 10000100001 10001000001 1100010000 1100000011 1100010001 1100000100 22.688 51.873 1000.0 115880 16 -129 11 58 51 4 $GNGGA,082228.00,,,,,0,00,99.9,,,,,,*43
116 08 22 29 Nan Nan Nan 1101011010 1100010010 1100101111 10000001000 10000111000 1011111011 1100110100 1111100000 1100000101 1101100000 1011011000 1100000001 10000011010 10000111110 1100010001 1100000110 1100001001 1100000001 22.688 51.987 1000.0 116880 16 -130 11 60 51 3 $GNGGA,082229.00,,,,,0,00,99.9,,,,,,*42
117 08 22 30 Nan Nan Nan 1101011010 1100010100 1100101110 10000001010 10000111010 1011111111 1100111010 1111011100 1011111100 1101100000 1011011010 1100000010 10000011010 10000111101 1100010011 1011111101 1100001000 1011111110 22.688 51.949 1000.0 117878 18 -129 10 59 50 4 $GNGGA,082230.00,,,,,0,00,99.9,,,,,,*4A
118 08 22 31 Nan Nan Nan 1101011010 1100010101 1100101111 10000001100 10000110111 1100000010 1100111001 1111100101 1100000111 1101100000 1011011011 1100000111 10000011011 10000111110 1100010011 1100000001 1100000111 1011111010 22.688 51.812 1000.0 118878 17 -129 10 58 52 4 $GNGGA,082231.00,,,,,0,00,99.9,,,,,,*4B
119 08 22 32 Nan Nan Nan 1101011010 1100010001 1100101100 10000001001 10000111001 1100000011 1100111011 1111101010 1100001000 1101100000 1011011010 1100000011 10000100000 10000111101 1100010011 1100000010 1100000010 1011111101 22.688 51.606 1000.0 119877 17 -129 11 60 50 4 $GNGGA,082232.00,,,,,0,00,99.9,,,,,,*48
120 08 22 33 Nan Nan Nan 1101011010 1100010011 1100101100 10000001010 10000111011 1100000010 1100111001 1111011111 1011111111 1101100000 1011011000 1100000100 10000011011 10000111101 1100010001 1100000010 1100001100 1100000010 22.688 51.720 1000.0 120876 16 -129 12 59 51 3 $GNGGA,082233.00,,,,,0,00,99.9,,,,,,*49
121 08 22 34 Nan Nan Nan 1101011010 1100010101 1100110000 10000001010 10000111011 1100000011 1100111010 1111100100 1100000101 1101100000 1011011010 1100000011 10000011010 10000111100 1100010001 1100000111 1100001000 1100000100 22.688 51.629 1000.0 121875 17 -129 11 60 51 3 $GNGGA,082234.00,,,,,0,00,99.9,,,,,,*4E
122 08 22 35 Nan Nan Nan 1101011010 1100010110 1100110001 10000001001 10000111100 1100000001 1100110100 1111100100 1100000010 1101100000 1011011001 1100000011 10000011011 10000111011 1100010000 1100000010 1100001000 1011111010 22.688 51.796 1000.0 122873 17 -129 11 59 50 4 $GNGGA,082235.00,,,,,0,00,99.9,,,,,,*4F
123 08 22 36 Nan Nan Nan 1101011010 1100010100 1100110001 10000000101 10000111011 1100000010 1100111101 1111011100 1100000001 1101100000 1011011100 1100000100 10000011110 10000111110 1100010110 1011111111 1100001001 1100000000 22.688 51.949 1000.0 123872 16 -129 11 59 51 4 $GNGGA,082236.00,,,,,0,00,99.9,,,,,,*4C
124 08 22 37 Nan Nan Nan 1101011010 1100010100 1100101110 10000001111 10000111010 1011111101 1100110011 1111100110 1100000000 1101100000 1011010111 1100000100 10000011111 10000111110 1100001010 1100000001 1100000011 1011111011 22.688 52.025 1000.0 124872 17 -130 11 60 51 3 $GNGGA,082237.00,,,,,0,00,99.9,,,,,,*4D
125 08 22 38 Nan Nan Nan 1101011010 1100010010 1100101110 10000001110 10000111001 1011111101 1100110010 1111100010 1100000111 1101100000 1011011011 1100000011 10000011010 10000111111 1100010000 1100000000 1100001110 1100000010 22.688 52.071 1000.0 125870 17 -129 10 59 50 5 $GNGGA,082238.00,,,,,0,00,99.9,,,,,,*42
126 08 22 39 Nan Nan Nan 1101011010 1100010100 1100101101 10000010000 10000111001 1100000101 1100111111 1111100011 1100000000 1101100000 1011011010 1100000101 10000011001 10000111110 1100010100 1100000001 1100001001 1011111111 22.688 51.987 1000.0 126869 17 -129 11 60 50 4 $GNGGA,082239.00,,,,,0,00,99.9,,,,,,*43
127 08 22 40 Nan Nan Nan 1101011010 1100010100 1100110000 10000001010 10000111000 1100000001 1100110110 1111101001 1100000101 1101100000 1011011010 1100000011 10000011011 10000111111 1100010101 1100000101 1100001110 1100001000 22.688 51.835 1000.0 127868 17 -129 11 59 50 4 $GNGGA,082240.00,,,,,0,00,99.9,,,,,,*4D
128 08 22 41 Nan Nan Nan 1101011010 1100010101 1100101101 10000001010 10000111001 1011111101 1100111001 1111100010 1100001011 1101100000 1011011010 1100000100 10000011100 10000111110 1100010101 1100000011 1100001100 1011111101 22.688 51.659 1000.0 128868 16 -129 11 60 51 3 $GNGGA,082241.00,,,,,0,00,99.9,,,,,,*4C
129 08 22 42 Nan Nan Nan 1101011010 1100010101 1100101111 10000001011 10000111001 1100001000 1100111110 1111100011 1100000100 1101100000 1011011010 1100000011 10000011011 10000111101 1100010101 1100000011 1100001101 1100000001 22.688 51.568 1000.0 129867 17 -129 11 59 51 3 $GNGGA,082242.00,,,,,0,00,99.9,,,,,,*4F
130 08 22 43 Nan Nan Nan 1101011010 1100010011 1100101111 10000000101 10000110111 1100000100 1100111011 1111100000 1011111010 1101100000 1011010101 1011111111 10000010111 10000111101 1100010100 1100000100 1100001010 1100000000 22.688 51.568 1000.0 130866 16 -129 10 58 52 4 $GNGGA,082243.00,,,,,0,00,99.9,,,,,,*4E
131 08 22 44 Nan Nan Nan 1101011010 1100010101 1100101110 10000001000 10000111001 1011111110 1100111100 1111011110 1100001001 1101100000 1011011010 1100000001 10000011111 10000111111 1100011011 1100001000 1100000111 1100000100 22.688 51.499 1000.0 131865 17 -129 11 60 51 3 $GNGGA,082244.00,,,,,0,00,99.9,,,,,,*49
132 08 22 45 Nan Nan Nan 1101011010 1100010101 1100101111 10000010011 10000111010 1100000001 1100110110 1111100110 1100001001 1101100000 1011010110 1100000000 10000010111 10000111101 1100010100 1100000100 1100010001 1011111100 22.688 51.590 1000.0 132862 17 -129 11 59 50 4 $GNGGA,082245.00,,,,,0,00,99.9,,,,,,*48
133 08 22 46 Nan Nan Nan 1101011010 1100010011 1100101101 10000010000 10000110110 1011111111 1100111010 1111100010 1100000110 1101100000 1011011000 1100000010 10000011111 10001000000 1100010010 1100000011 1100000010 1011110101 22.688 51.621 1000.0 133863 17 -130 11 60 51 3 $GNGGA,082246.00,,,,,0,00,99.9,,,,,,*4B
134 08 22 47 Nan Nan Nan 1101011010 1100010101 1100101111 10000001011 10000111000 1100000011 1100111010 1111100011 1100000001 1101100000 1011011010 1100000011 10000011011 10000111100 1100010100 1100001000 1100001101 1100000011 22.688 51.568 1000.0 134862 16 -129 12 59 50 4 $GNGGA,082247.00,,,,,0,00,99.9,,,,,,*4A
135 08 22 48 Nan Nan Nan 1101011010 1100010011 1100101110 10000001010 10000111001 1011111111 1100110101 1111100010 1100000100 1101100000 1011011001 1100000010 10000011111 10000111111 1100010110 1100000011 1100000110 1011111100 22.688 51.659 1000.0 135862 16 -130 11 59 52 3 $GNGGA,082248.00,,,,,0,00,99.9,,,,,,*45
136 08 22 49 Nan Nan Nan 1101011010 1100010100 1100101111 10000001000 10000110111 1100000101 1100111000 1111100111 1100010000 1101100000 1011011100 1100000110 10000011110 10000111100 1100010110 1100000000 1100001001 1100000110 22.688 51.652 1000.0 136860 17 -130 11 60 51 3 $GNGGA,082249.00,,,,,0,00,99.9,,,,,,*44
137 08 22 50 Nan Nan Nan 1101011010 1100010100 1100110000 10000001001 10000111010 1100000001 1100111001 1111100001 1100000110 1101100000 1011011011 1100000010 10000011101 10000111110 1100010101 1011111101 1100000001 1011110101 22.688 51.758 1000.0 137860 16 -129 11 59 50 5 $GNGGA,082250.00,,,,,0,00,99.9,,,,,,*4C
138 08 22 51 Nan Nan Nan 1101011010 1100010100 1100101110 10000001010 10000111001 1011111100 1100111011 1111100000 1100000111 1101100000 1011011011 1100000101 10000011101 10000111111 1100010111 1100000010 1100010000 1011111111 22.688 51.888 1000.0 138859 17 -130 11 60 51 3 $GNGGA,082251.00,,,,,0,00,99.9,,,,,,*4D
139 08 22 52 Nan Nan Nan 1101011010 1100010010 1100101011 10000001100 10000111010 1011111110 1100110100 1111100011 1100000111 1101100000 1011011010 1100000010 10000011000 10000111110 1100010011 1100000110 1100001111 1011111100 22.688 52.338 1000.0 139856 16 -129 11 58 51 4 $GNGGA,082252.00,,,,,0,00,99.9,,,,,,*4E
140 08 22 53 Nan Nan Nan 1101011010 1100010011 1100101100 10000010001 10000111011 1100000011 1100110111 1111101011 1100001010 1101100000 1011010111 1100000001 10000011011 10000111110 1100010111 1100000110 1100000111 1011111100 22.750 52.414 1000.0 140856 16 -129 11 59 52 3 $GNGGA,082253.00,,,,,0,00,99.9,,,,,,*4F
141 08 22 54 Nan Nan Nan 1101011010 1100010111 1100110001 10000001010 10000111001 1011111100 1100111000 1111101100 1100001001 1101100000 1011011000 1100000001 10000011001 10000111100 1100010011 1100000010 1100001010 1011111110 22.688 52.270 1000.0 141855 17 -130 11 59 51 3 $GNGGA,082254.00,,,,,0,00,99.9,,,,,,*48
142 08 22 55 Nan Nan Nan 1101011010 1100010101 1100110001 10000001011 10000111000 1100001000 1100111100 1111011100 1100000001 1101100000 1011011000 1100000010 10000011010 10000111111 1100010100 1100001000 1100000100 1011110110 22.750 52.094 1000.0 142855 16 -129 11 59 51 4 $GNGGA,082255.00,,,,,0,00,99.9,,,,,,*49
143 08 22 56 Nan Nan Nan 1101011010 1100010101 1100110000 10000001000 10000111011 1011111011 1100110101 1111100111 1100001111 1101100000 1011010111 1100000011 10000011100 10000111101 1100010011 1100000101 1100010011 1100000101 22.750 52.132 1000.0 143852 17 -130 11 60 51 3 $GNGGA,082256.00,,,,,0,00,99.9,,,,,,*4A
144 08 22 57 Nan Nan Nan 1101011010 1100010100 1100101110 10000000101 10000111011 1100000010 1100111010 1111100011 1100001000 1101100000 1011010111 1100000001 10000011100 10000111101 1100010111 1100000110 1100001110 1100000101 22.750 52.147 1000.0 144851 16 -129 12 59 51 3 $GNGGA,082257.00,,,,,0,00,99.9,,,,,,*4B
145 08 22 58 Nan Nan Nan 1101011010 1100010011 1100101101 10000001110 10000111001 1100000000 1100110100 1111100001 1100000010 1101100000 1011010110 1100000001 10000011001 10000111010 1100010000 1100000011 1100010011 1100000111 22.750 52.041 1000.0 145851 16 -129 11 60 51 3 $GNGGA,082258.00,,,,,0,00,99.9,,,,,,*44
146 08 22 59 Nan Nan Nan 1101011010 1100010010 1100101111 10000010000 10000111101 1100000001 1100110111 1111101011 1100001000 1101100000 1011010101 1100000100 10000010111 10000111101 1100010001 1100000011 1100010000 1100000000 22.750 52.025 1000.0 146850 16 -129 12 59 50 4 $GNGGA,082259.00,,,,,0,00,99.9,,,,,,*45
147 08 23 00 Nan Nan Nan 1101011010 1100010101 1100101101 10000001101 10000111010 1100000101 1100111101 1111101110 1100010000 1101100000 1011010110 1100000010 10000011010 10000111101 1100011001 1100001011 1100001110 1100000100 22.750 51.957 1000.0 147849 17 -129 10 58 52 4 $GNGGA,082300.00,,,,,0,00,99.9,,,,,,*48
148 08 23 01 Nan Nan Nan 1101011010 1100010100 1100101101 10000001111 10000111101 1100000000 1100110111 1111100110 1100000110 1101100000 1011011001 1100000011 10000011110 10000111101 1100010001 1011111101 1100001101 1011111110 22.750 51.842 1000.0 148848 17 -129 10 60 51 4 $GNGGA,082301.00,,,,,0,00,99.9,,,,,,*49
149 08 23 02 Nan Nan Nan 1101011010 1100010010 1100101101 10000001000 10000111000 1100000010 1100111000 1111101000 1100000100 1101100000 1011011101 1100000011 10000011000 10000111111 1100011010 1100000111 1100001000 1011111011 22.750 51.858 1000.0 149847 17 -129 11 58 51 4 $GNGGA,082302.00,,,,,0,00,99.9,,,,,,*4A
150 08 23 03 Nan Nan Nan 1101011010 1100010101 1100110001 10000001001 10000111010 1100000000 1100111011 1111101010 1100010000 1101100000 1011011001 1100000001 10000100001 10000111100 1100010011 1100000011 1100001011 1011111100 22.750 52.018 1000.0 150847 17 -129 11 60 50 4 $GNGGA,082303.00,,,,,0,00,99.9,,,,,,*4B
151 08 23 04 Nan Nan Nan 1101011010 1100010100 1100101111 10000001110 10000111100 1100000010 1100111110 1111101011 1100001011 1101100000 1011010110 1100000011 10000011000 10000111110 1100010111 1100001000 1100001010 1100000010 22.750 51.964 1000.0 151845 17 -129 11 58 51 4 $GNGGA,082304.00,,,,,0,00,99.9,,,,,,*4C
152 08 23 05 Nan Nan Nan 1101011010 1100010011 1100110000 10000001011 10000111001 1100000000 1100111001 1111101011 1100001001 1101100000 1011010110 1100000001 10000100000 10000111101 1100011001 1100001011 1100010010 1100001011 22.750 52.086 1000.0 152845 16 -129 11 59 52 3 $GNGGA,082305.00,,,,,0,00,99.9,,,,,,*4D
153 08 23 06 Nan Nan Nan 1101011010 1100010011 1100101110 10000000100 10000111000 1100000010 1100111100 1111100100 1100001000 1101100000 1011010110 1100000001 10000100001 10000111111 1100010001 1100000010 1100001001 1100000101 22.750 52.094 1000.0 153843 18 -129 10 58 51 4 $GNGGA,082306.00,,,,,0,00,99.9,,,,,,*4E
154 08 23 07 Nan Nan Nan 1101011010 1100010100 1100101111 10000001101 10000111100 1100000101 1100111010 1111100000 1011111111 1101100000 1011010110 1100000000 10000011011 10000111100 1100010010 1100000010 1100000111 1011111101 22.750 51.957 1000.0 154842 17 -129 10 58 51 5 $GNGGA,082307.00,,,,,0,00,99.9,,,,,,*4F
155 08 23 08 Nan Nan Nan 1101011010 1100010000 1100101101 10000001001 10000111001 1100000101 1100111010 1111100100 1100001000 1101100000 1011011101 1100000101 10000100000 10000111101 1100010111 1100000110 1100000101 1011111110 22.750 51.980 1000.0 155841 18 -129 10 60 50 4 $GNGGA,082308.00,,,,,0,00,99.9,,,,,,*40
156 08 23 09 Nan Nan Nan 1101011010 1100010100 1100101111 10000001111 10000111101 1100000011 1100111101 1111101001 1100000110 1101100000 1011011000 1100000101 10000011000 10000111101 1100001111 1011111111 1100001101 1011111111 22.750 51.919 1000.0 156840 17 -129 11 58 51 4 $GNGGA,082309.00,,,,,0,00,99.9,,,,,,*41
157 08 23 10 Nan Nan Nan 1101011010 1100010110 1100110000 10000001101 10000111001 1011111110 1100111010 1111100011 1100000101 1101100000 1011011010 1100000101 10000011001 10000111101 1100011100 1100000110 1100001000 1011111100 22.750 52.117 1000.0 157839 16 -129 11 60 51 3 $GNGGA,082310.00,,,,,0,00,99.9,,,,,,*49
158 08 23 11 Nan Nan Nan 1101011010 1100010011 1100101101 10000001101 10000111100 1011111110 1100110010 1111100011 1011111011 1101100000 1011011010 1100000011 10000011000 10000111101 1100010101 1100000111 1100001101 1100000110 22.750 51.957 1000.0 158838 17 -130 11 59 51 3 $GNGGA,082311.00,,,,,0,00,99.9,,,,,,*48
159 08 23 12 Nan Nan Nan 1101011010 1100010010 1100101101 10000001011 10000110101 1011111010 1100110001 1111100100 1100000011 1101100000 1011010111 1100000010 10000011110 10000111110 1100011000 1100000100 1100001011 1011111011 22.750 51.880 1000.0 159838 16 -130 11 59 52 3 $GNGGA,082312.00,,,,,0,00,99.9,,,,,,*4B
160 08 23 13 Nan Nan Nan 1101011010 1100010100 1100101110 10000001111 10000111100 1100000001 1100111110 1111100101 1011111110 1101100000 1011010100 1100000000 10000100000 10001000000 1100010110 1100000101 1100001001 1011111100 22.750 51.674 1000.0 160837 17 -130 11 60 51 3 $GNGGA,082313.00,,,,,0,00,99.9,,,,,,*4A
161 08 23 14 Nan Nan Nan 1101011010 1100010100 1100110000 10000001000 10000111010 1100000000 1100110101 1111011100 1011110101 1101100000 1011011101 1100000111 10000011110 10000111110 1100010110 1100000100 1100000111 1011111110 22.750 51.522 1000.0 161836 16 -129 11 58 51 4 $GNGGA,082314.00,,,,,0,00,99.9,,,,,,*4D
162 08 23 15 Nan Nan Nan 1101011010 1100010101 1100110000 10000001000 10000111011 1100000001 1100111000 1111011110 1100000010 1101100000 1011011000 1100000001 10000100000 10000111110 1100010001 1100000001 1100000110 1011111000 22.813 51.453 1000.0 162835 17 -130 11 60 51 3 $GNGGA,082315.00,,,,,0,00,99.9,,,,,,*4C
163 08 23 16 Nan Nan Nan 1101011010 1100010101 1100101110 10000001110 10000111101 1011111110 1100111001 1111100101 1011111110 1101100000 1011010111 1100000010 10000100000 10000111110 1100010110 1100000100 1100001111 1100000101 22.750 51.529 1000.0 163833 17 -129 11 59 50 4 $GNGGA,082316.00,,,,,0,00,99.9,,,,,,*4F
164 08 23 17 Nan Nan Nan 1101011010 1100010101 1100101111 10000001010 10000111001 1011111111 1100110011 1111100010 1100000011 1101100000 1011011100 1100000011 10000010111 10000111110 1100010001 1100000101 1100001110 1100010000 22.813 51.529 1000.0 164833 17 -129 10 58 52 4 $GNGGA,082317.00,,,,,0,00,99.9,,,,,,*4E
165 08 23 18 Nan Nan Nan 1101011010 1100010110 1100110000 10000001001 10000110100 1011111011 1100110001 1111011111 1011111101 1101100000 1011011010 1100000011 10000011011 10000111101 1100011000 1100000101 1100001100 1100000110 22.813 51.537 1000.0 165830 17 -129 11 60 51 3 $GNGGA,082318.00,,,,,0,00,99.9,,,,,,*41
166 08 23 19 Nan Nan Nan 1101011010 1100010101 1100110001 10000000110 10000111001 1100000100 1100111110 1111100011 1100000001 1101100000 1011011000 1100000010 10000011011 10000111111 1100010001 1100000010 1100010001 1100000111 22.813 51.438 1000.0 166831 16 -129 11 59 51 4 $GNGGA,082319.00,,,,,0,00,99.9,,,,,,*40
167 08 23 20 Nan Nan Nan 1101011010 1100010100 1100101110 10000001000 10000110111 1100000011 1100110111 1111100001 1100000010 1101100000 1011011011 1100000101 10000011100 10000111110 1100010010 1100000010 1100010001 1100000101 22.813 51.285 1000.0 167829 18 -129 10 59 51 4 $GNGGA,082320.00,,,,,0,00,99.9,,,,,,*4A
168 08 23 21 Nan Nan Nan 1101011010 1100010100 1100101111 10000000111 10000111010 1100000010 1100110111 1111011111 1100000011 1101100000 1011010110 1100000010 10000011111 10000111110 1100011000 1100000110 1100010000 1011111111 22.813 51.308 1000.0 168828 17 -129 11 58 51 4 $GNGGA,082321.00,,,,,0,00,99.9,,,,,,*4B
169 08 23 22 Nan Nan Nan 1101011010 1100010010 1100110000 10000000111 10000111001 1100000011 1100111010 1111011010 1100000100 1101100000 1011011010 1100000011 10000011011 10000111110 1100010010 1100000001 1100000111 1011111000 22.813 51.278 1000.0 169829 16 -130 11 60 51 3 $GNGGA,082322.00,,,,,0,00,99.9,,,,,,*48
170 08 23 23 Nan Nan Nan 1101011010 1100010101 1100110001 10000000101 10000110111 1100000010 1100111000 1111010111 1011111101 1101100000 1011011010 1100000010 10000011010 10000111110 1100010110 1100000111 1100010000 1011111111 22.813 51.606 1000.0 170826 17 -130 11 59 51 3 $GNGGA,082323.00,,,,,0,00,99.9,,,,,,*49
171 08 23 24 Nan Nan Nan 1101011010 1100010100 1100110000 10000000000 10000110110 1100000001 1100110111 1111011011 1011111100 1101100000 1011010110 1100000000 10000100000 10001000000 1100010001 1100000010 1100001001 1011111100 22.750 51.735 1000.0 171826 16 -129 11 59 52 3 $GNGGA,082324.00,,,,,0,00,99.9,,,,,,*4E
172 08 23 25 Nan Nan Nan 1101011010 1100010101 1100110001 10000001000 10000111001 1100000110 1100110111 1111011100 1011110111 1101100000 1011010110 1100000010 10000100010 10000111110 1100010100 1100000101 1100001010 1011111111 22.750 51.652 1000.0 172823 17 -129 10 59 51 4 $GNGGA,082325.00,,,,,0,00,99.9,,,,,,*4F
173 08 23 26 Nan Nan Nan 1101011010 1100010110 1100110011 10000001110 10000111010 1011111111 1100111000 1111011100 1011111001 1101100000 1011010101 1100000010 10000011111 10000111101 1100011001 1100000101 1100000000 1011111010 22.750 51.629 1000.0 173824 16 -130 12 59 51 3 $GNGGA,082326.00,,,,,0,00,99.9,,,,,,*4C
174 08 23 27 Nan Nan Nan 1101011010 1100010101 1100101111 10000001010 10000111001 1100000001 1100111101 1111011100 1011111110 1101100000 1011011000 1100000011 10000011001 10000111101 1100011010 1100000100 1100001100 1100000011 22.813 51.499 1000.0 174822 18 -129 10 60 50 4 $GNGGA,082327.00,,,,,0,00,99.9,,,,,,*4D
175 08 23 28 Nan Nan Nan 1101011010 1100010100 1100110001 10000001010 10000111011 1100000010 1100111000 1111011110 1011111100 1101100000 1011011010 1100000011 10000011010 10000111100 1100010011 1100000010 1100000101 1011111111 22.750 51.423 1000.0 175821 16 -129 11 58 51 4 $GNGGA,082328.00,,,,,0,00,99.9,,,,,,*42
176 08 23 29 Nan Nan Nan 1101011010 1100010100 1100101110 10000000110 10000111000 1011111110 1100110010 1111100101 1100000010 1101100000 1011011001 1100000011 10000011001 10000111100 1100010100 1100000001 1100000110 1011111000 22.813 51.308 1000.0 176821 17 -129 10 58 52 4 $GNGGA,082329.00,,,,,0,00,99.9,,,,,,*43
177 08 23 30 Nan Nan Nan 1101011010 1100010010 1100101100 1111111110 10000110100 1011111011 1100111000 1111011001 1100000100 1101100000 1011011001 1100000100 10000011011 10000111100 1100001111 1011111101 1100001110 1100000100 22.813 51.217 1000.0 177819 18 -129 10 60 50 4 $GNGGA,082330.00,,,,,0,00,99.9,,,,,,*4B
178 08 23 31 Nan Nan Nan 1101011010 1100010010 1100101011 10000001000 10000110101 1100000001 1100111010 1111100100 1100000101 1101100000 1011011001 1100000100 10000011010 10001000000 1100010010 1100000010 1100000110 1100000111 22.813 51.217 1000.0 178819 16 -129 11 59 51 4 $GNGGA,082331.00,,,,,0,00,99.9,,,,,,*4A
179 08 23 32 Nan Nan Nan 1101011010 1100010010 1100101101 10000000110 10000110111 1011111101 1100111000 1111100110 1011111111 1101100000 1011010011 1100000001 10000010111 10000111011 1100010100 1100000011 1100000011 1011111011 22.813 51.171 1000.0 179818 17 -129 11 60 50 4 $GNGGA,082332.00,,,,,0,00,99.9,,,,,,*49
180 08 23 33 Nan Nan Nan 1101011010 1100010111 1100110010 10000000111 10000111000 1011111100 1100110110 1111101000 1011111111 1101100000 1011010110 1100000011 10000011110 10000111101 1100010101 1100000010 1100001100 1011111100 22.813 51.102 1000.0 180817 17 -129 11 58 51 4 $GNGGA,082333.00,,,,,0,00,99.9,,,,,,*48
181 08 23 34 Nan Nan Nan 1101011010 1100010001 1100101110 10000001010 10000111000 1011111101 1100110101 1111100110 1011111101 1101100000 1011010110 1100000000 10000011101 10000111110 1100010111 1100000111 1100001010 1011111010 22.813 51.072 1000.0 181817 16 -130 11 60 51 3 $GNGGA,082334.00,,,,,0,00,99.9,,,,,,*4F
182 08 23 35 Nan Nan Nan 1101011010 1100010011 1100101100 10000001101 10000111011 1100000010 1100111011 1111101000 1011111011 1101100000 1011010111 1100000000 10000011000 10000111010 1100010001 1100000000 1100010000 1100000001 22.813 50.980 1000.0 182815 17 -129 11 59 51 3 $GNGGA,082335.00,,,,,0,00,99.9,,,,,,*4E
183 08 23 36 Nan Nan Nan 1101011010 1100010010 1100101110 10000001100 10000111010 1011111110 1100110100 1111100101 1100000010 1101100000 1011010111 1011111111 10000011110 10000111100 1100010001 1100000001 1100001111 1100000010 22.813 51.026 1000.0 183814 16 -129 11 59 50 5 $GNGGA,082336.00,,,,,0,00,99.9,,,,,,*4D
184 08 23 37 Nan Nan Nan 1101011010 1100010111 1100110000 10000001101 10000111000 1011111111 1100111000 1111011111 1011111111 1101100000 1011010110 1011111111 10000011011 10000111100 1100010110 1100000100 1100000100 1011111100 22.813 51.095 1000.0 184813 17 -130 11 60 51 3 $GNGGA,082337.00,,,,,0,00,99.9,,,,,,*4C
185 08 23 38 Nan Nan Nan 1101011010 1100010100 1100101110 10000001010 10000111001 1011111111 1100111010 1111100011 1100000101 1101100000 1011011001 1100000010 10000011011 10000111101 1100010101 1100001001 1100001000 1011111001 22.813 51.140 1000.0 185811 17 -129 11 59 50 4 $GNGGA,082338.00,,,,,0,00,99.9,,,,,,*43
186 08 23 39 Nan Nan Nan 1101011010 1100010010 1100101110 10000001000 10000110110 1011111110 1100111000 1111101001 1100001100 1101100000 1011011000 1100000010 10000011011 10000111110 1100010110 1100000110 1100010000 1100000000 22.813 51.270 1000.0 186811 17 -129 10 59 51 4 $GNGGA,082339.00,,,,,0,00,99.9,,,,,,*42
