id HH MM SS longitude latitude altitude adc_1_ch0 adc_1_ch1 adc_1_ch2 adc_1_ch3 adc_1_ch4 adc_1_ch5 adc_1_ch6 adc_1_ch7 adc_1_ch8 adc_2_ch0 adc_2_ch1 adc_2_ch2 adc_2_ch3 adc_2_ch4 adc_2_ch5 adc_2_ch6 adc_2_ch7 adc_2_ch8 temp hum pres t_prog t_gps t_split t_adc t_temp t_hum t_pres trame_gga
1 08 23 55 Nan Nan Nan 1101011010 1100010011 1100101101 10000010010 10000111100 1100000000 1100111101 1111100010 1011110100 1101100000 1011011011 1100000001 10000011110 10000111110 1100010111 1100000111 1100001101 1100000011 22.813 51.079 795.83 1815 18 -126 10 60 50 4 $GNGGA,082355.00,,,,,0,00,99.9,,,,,,*48
2 08 23 56 Nan Nan Nan 1101011010 1100010001 1100101101 10000010001 10000111010 1100000000 1100111000 1111011011 1011110000 1101100000 1011011100 1100000001 10000100010 10000111111 1100010011 1011111100 1100001001 1100000000 22.813 51.049 999.97 2814 16 -126 12 59 51 3 $GNGGA,082356.00,,,,,0,00,99.9,,,,,,*4B
3 08 23 57 Nan Nan Nan 1101011010 1100010010 1100101111 10000001100 10000110110 1011111100 1100110100 1111100011 1100000000 1101100000 1011011101 1100000011 10000100100 10000111110 1100010100 1100001000 1100001100 1100000111 22.750 50.988 999.98 3814 16 -126 10 60 51 4 $GNGGA,082357.00,,,,,0,00,99.9,,,,,,*4A
4 08 23 58 Nan Nan Nan 1101011010 1100010011 1100101111 10000001111 10000111011 1100000110 1101000000 1111100100 1100000001 1101100000 1011011001 1100000011 10000101000 10000111101 1100010110 1100000101 1100001111 1100001000 22.813 51.003 999.99 4812 17 -126 11 59 50 4 $GNGGA,082358.00,,,,,0,00,99.9,,,,,,*45
5 08 23 59 Nan Nan Nan 1101011010 1100010100 1100101101 10000001101 10000111100 1011111111 1100111110 1111010101 1011110010 1101100000 1011011010 1100000011 10000101110 10001000001 1100010001 1011111111 1100010011 1100000010 22.813 50.965 999.99 5812 17 -126 10 58 52 4 $GNGGA,082359.00,,,,,0,00,99.9,,,,,,*44
6 08 24 00 Nan Nan Nan 1101011010 1100010101 1100110000 10000000111 10000111000 1100000011 1100111101 1111100000 1100001000 1101100000 1011011000 1100000001 10000101001 10000111111 1100001110 1100000001 1100001101 1100000111 22.813 50.934 999.98 6810 18 -126 10 59 51 4 $GNGGA,082400.00,,,,,0,00,99.9,,,,,,*4F
7 08 24 01 Nan Nan Nan 1101011010 1100010011 1100101111 10000010011 10000111100 1100000100 1100111001 1111100011 1011111110 1101100000 1011011001 1100000011 10000100100 10000111111 1100010000 1100000100 1100001110 1100000000 22.813 50.950 1000.0 7810 17 -126 10 59 50 5 $GNGGA,082401.00,,,,,0,00,99.9,,,,,,*4E
8 08 24 02 Nan Nan Nan 1101011010 1100010100 1100101111 10000010010 10000111011 1100000100 1100111001 1111100000 1100000111 1101100000 1011011010 1100000011 10000100111 10000111110 1100010001 1011111111 1100001001 1011111011 22.750 50.950 1000.0 8809 17 -126 10 59 51 4 $GNGGA,082402.00,,,,,0,00,99.9,,,,,,*4D
9 08 24 03 Nan Nan Nan 1101011010 1100010101 1100110001 10000001100 10000111001 1100000000 1100111001 1111100011 1100000111 1101100000 1011010100 1011111101 10000100000 10000111101 1100010101 1100000010 1100001100 1100000011 22.813 50.934 1000.0 9807 16 -126 11 58 51 4 $GNGGA,082403.00,,,,,0,00,99.9,,,,,,*4C
10 08 24 04 Nan Nan Nan 1101011010 1100010100 1100110000 10000001111 10000111010 1100000001 1100111001 1111101010 1100000111 1101100000 1011010110 1100000100 10000011001 10000111001 1100010101 1100000100 1100001110 1100000011 22.813 50.973 1000.0 10807 17 -126 10 58 52 4 $GNGGA,082404.00,,,,,0,00,99.9,,,,,,*4B
11 08 24 05 Nan Nan Nan 1101011010 1100010100 1100110000 10000001001 10000110111 1011111110 1100110111 1111100010 1100000100 1101100000 1011011000 1100000010 10000010011 10000111110 1100010010 1100000101 1100000101 1011111110 22.813 51.003 1000.0 11805 17 -126 10 59 51 4 $GNGGA,082405.00,,,,,0,00,99.9,,,,,,*4A
12 08 24 06 Nan Nan Nan 1101011010 1100010110 1100110101 10000010001 10001000000 1100000000 1100111100 1111100101 1100000110 1101100000 1011011001 1100000101 10000011010 10000111110 1100010011 1100000010 1100001011 1011111111 22.750 51.140 1000.0 12805 16 -126 11 59 51 4 $GNGGA,082406.00,,,,,0,00,99.9,,,,,,*49
13 08 24 07 Nan Nan Nan 1101011010 1100010010 1100110001 10000001100 10000111011 1100000010 1100111010 1111100100 1011111000 1101100000 1011011001 1100000001 10000011010 10000111101 1100010100 1100000110 1100001000 1011111001 22.750 51.354 1000.0 13804 18 -126 10 60 50 4 $GNGGA,082407.00,,,,,0,00,99.9,,,,,,*48
14 08 24 08 Nan Nan Nan 1101011010 1100010100 1100110010 10000001001 10000111000 1011111111 1100111000 1111100011 1100000000 1101100000 1011010110 1100000010 10000011100 10000111110 1100010101 1100000000 1100001001 1011111000 22.813 51.369 1000.0 14803 16 -127 12 59 51 3 $GNGGA,082408.00,,,,,0,00,99.9,,,,,,*47
15 08 24 09 Nan Nan Nan 1101011010 1100010010 1100101110 10000001000 10000111001 1100000010 1100111011 1111100000 1011110110 1101100000 1011011010 1100000001 10000011011 10000111101 1100010011 1100000110 1100001100 1011111111 22.813 51.232 1000.0 15802 17 -126 10 60 50 4 $GNGGA,082409.00,,,,,0,00,99.9,,,,,,*46
16 08 24 10 Nan Nan Nan 1101011010 1100010100 1100101011 10000001101 10000111100 1011111011 1100110101 1111100011 1100001100 1101100000 1011011001 1100000010 10000011101 10000111010 1100010010 1100000011 1100001100 1100000011 22.813 51.384 1000.0 16800 17 -126 10 58 51 4 $GNGGA,082410.00,,,,,0,00,99.9,,,,,,*4E
17 08 24 11 Nan Nan Nan 1101011010 1100010110 1100101110 10000001011 10000111010 1100000101 1100111010 1111100110 1100000101 1101100000 1011010111 1100000011 10000011111 10000111110 1100010000 1100000000 1100001100 1011111111 22.813 51.400 1000.0 17801 16 -126 11 59 51 4 $GNGGA,082411.00,,,,,0,00,99.9,,,,,,*4F
18 08 24 12 Nan Nan Nan 1101011010 1100010000 1100101110 10000001100 10000111001 1011111100 1100110010 1111011011 1011111110 1101100000 1011010110 1100000001 10000011110 10001000000 1100010110 1100001000 1100010010 1100001001 22.813 51.331 1000.0 18799 18 -126 10 59 51 4 $GNGGA,082412.00,,,,,0,00,99.9,,,,,,*4C
19 08 24 13 Nan Nan Nan 1101011010 1100011000 1100110000 10000001100 10000111100 1100000000 1100110100 1111101000 1100000110 1101100000 1011010100 1100000000 10000011011 10000111111 1100001111 1011111110 1100001100 1011111100 22.813 51.293 1000.0 19798 17 -125 11 58 51 4 $GNGGA,082413.00,,,,,0,00,99.9,,,,,,*4D
20 08 24 14 Nan Nan Nan 1101011010 1100010101 1100101111 10000001101 10000111010 1011111100 1100111000 1111100010 1100000010 1101100000 1011011000 1100000000 10000011001 10000111111 1100010011 1100000010 1100010101 1011111100 22.813 51.247 1000.0 20797 18 -126 10 60 50 4 $GNGGA,082414.00,,,,,0,00,99.9,,,,,,*4A
21 08 24 15 Nan Nan Nan 1101011010 1100010110 1100101110 10000001101 10000111011 1100000000 1100110111 1111100010 1100000110 1101100000 1011011000 1100000001 10000011011 10000111101 1100011011 1100001100 1100001101 1100000101 22.813 51.308 1000.0 21796 17 -126 11 59 50 4 $GNGGA,082415.00,,,,,0,00,99.9,,,,,,*4B
22 08 24 16 Nan Nan Nan 1101011010 1100010010 1100101100 10000001111 10000111100 1100000111 1101000100 1111100110 1100000111 1101100000 1011011000 1100000010 10000011101 10000111110 1100010011 1100000000 1100010000 1011111110 22.750 51.285 1000.0 22794 16 -127 11 59 52 3 $GNGGA,082416.00,,,,,0,00,99.9,,,,,,*48
23 08 24 17 Nan Nan Nan 1101011010 1100010100 1100110010 10000001011 10000111100 1100000010 1100111010 1111100011 1011111110 1101100000 1011010101 1100000011 10000100000 10000111101 1100010001 1100000010 1100001011 1100000000 22.750 51.621 1000.0 23794 17 -127 11 60 51 3 $GNGGA,082417.00,,,,,0,00,99.9,,,,,,*49
24 08 24 18 Nan Nan Nan 1101011010 1100010110 1100110000 10000001010 10000110111 1011111100 1100110101 1111011010 1011111000 1101100000 1011010101 1100000010 10000100001 10000111111 1100010010 1100000011 1100001010 1011111011 22.750 51.674 1000.0 24794 16 -127 11 59 51 4 $GNGGA,082418.00,,,,,0,00,99.9,,,,,,*46
25 08 24 19 Nan Nan Nan 1101011010 1100010101 1100101101 10000001010 10000111001 1011111110 1100111001 1111100101 1100000111 1101100000 1011011000 1100000011 10000011100 10000111111 1100010011 1100000110 1100001110 1011111101 22.813 51.613 1000.0 25793 17 -127 11 60 51 3 $GNGGA,082419.00,,,,,0,00,99.9,,,,,,*47
26 08 24 20 Nan Nan Nan 1101011010 1100010010 1100101101 10000010000 10000111011 1100000000 1100111001 1111100000 1011110111 1101100000 1011011001 1100000001 10000011101 10000111100 1100001110 1011111100 1100001111 1011111111 22.813 51.507 1000.0 26791 17 -126 11 59 50 4 $GNGGA,082420.00,,,,,0,00,99.9,,,,,,*4D
27 08 24 21 Nan Nan Nan 1101011010 1100010101 1100101111 10000000110 10000110101 1011111111 1100110111 1111011111 1100000001 1101100000 1011011011 1100000011 10000011110 10000111110 1100010101 1100000011 1100001000 1011110110 22.750 51.499 1000.0 27791 16 -126 11 60 51 3 $GNGGA,082421.00,,,,,0,00,99.9,,,,,,*4C
28 08 24 22 Nan Nan Nan 1101011010 1100010101 1100101100 10000001000 10000111001 1011111111 1100111000 1111011010 1011111110 1101100000 1011010110 1100000011 10000011000 10000111100 1100010001 1011111111 1100001111 1011111111 22.750 51.407 1000.0 28789 17 -126 11 59 50 4 $GNGGA,082422.00,,,,,0,00,99.9,,,,,,*4F
29 08 24 23 Nan Nan Nan 1101011010 1100010101 1100110011 10000001100 10000111000 1100000100 1100111101 1111011011 1011111110 1101100000 1011010100 1100000010 10000010101 10000111100 1100010011 1100000110 1100010001 1100000101 22.750 51.377 1000.0 29789 16 -127 11 59 52 3 $GNGGA,082423.00,,,,,0,00,99.9,,,,,,*4E
30 08 24 24 Nan Nan Nan 1101011010 1100010110 1100110000 10000001100 10000111100 1011111010 1100110010 1111100010 1100000101 1101100000 1011011001 1100000010 10000011001 10000111100 1100010111 1100000100 1100000101 1011111000 22.813 51.270 1000.0 30788 17 -126 11 60 50 4 $GNGGA,082424.00,,,,,0,00,99.9,,,,,,*49
31 08 24 25 Nan Nan Nan 1101011010 1100010100 1100101101 10000001010 10000111101 1100000010 1100111010 1111100011 1011111010 1101100000 1011010111 1100000001 10000100000 10000111110 1100010011 1100000011 1100000001 1011111101 22.750 51.323 1000.0 31787 16 -126 12 59 50 4 $GNGGA,082425.00,,,,,0,00,99.9,,,,,,*48
32 08 24 26 Nan Nan Nan 1101011010 1100010101 1100101110 10000010001 10000111110 1100000011 1100110100 1111100011 1011110111 1101100000 1011011000 1100000011 10000011101 10001000000 1100010010 1100000100 1100000110 1100000110 22.813 51.484 1000.0 32785 18 -126 10 60 50 4 $GNGGA,082426.00,,,,,0,00,99.9,,,,,,*4B
33 08 24 27 Nan Nan Nan 1101011010 1100010101 1100110001 10000001110 10000111011 1100000101 1100111011 1111100001 1011111100 1101100000 1011011001 1100000011 10000011110 10000111110 1100010101 1100000011 1100001000 1100000100 22.813 51.514 1000.0 33783 16 -127 12 59 51 3 $GNGGA,082427.00,,,,,0,00,99.9,,,,,,*4A
34 08 24 28 Nan Nan Nan 1101011010 1100010100 1100101110 10000001011 10000111100 1100000010 1100111011 1111100100 1100000010 1101100000 1011010111 1100000100 10000010110 10000111100 1100010110 1100000101 1100001100 1100000111 22.813 51.407 1000.0 34784 16 -126 11 58 52 3 $GNGGA,082428.00,,,,,0,00,99.9,,,,,,*45
35 08 24 29 Nan Nan Nan 1101011010 1100010011 1100101101 10000001011 10000111010 1100000100 1100111000 1111100101 1100000111 1101100000 1011011000 1100000001 10000011110 10000111110 1100010011 1100000011 1100000110 1011111110 22.750 51.285 1000.0 35782 17 -126 10 59 51 4 $GNGGA,082429.00,,,,,0,00,99.9,,,,,,*44
36 08 24 30 Nan Nan Nan 1101011010 1100010101 1100110010 10000001011 10000111010 1100000011 1100111001 1111100011 1100000101 1101100000 1011011001 1100000011 10000011110 10000111110 1100010001 1100000010 1100001100 1100000000 22.750 51.186 1000.0 36781 16 -126 11 59 50 5 $GNGGA,082430.00,,,,,0,00,99.9,,,,,,*4C
37 08 24 31 Nan Nan Nan 1101011010 1100010110 1100101111 10000000101 10000111010 1100000001 1100111010 1111011100 1100000100 1101100000 1011010111 1100000000 10000011011 10000111110 1100010111 1100001001 1100001111 1100000001 22.813 51.194 1000.0 37781 17 -127 11 60 51 3 $GNGGA,082431.00,,,,,0,00,99.9,,,,,,*4D
38 08 24 32 Nan Nan Nan 1101011010 1100010111 1100110000 10000000111 10000111011 1100000000 1101000001 1111011100 1100000001 1101100000 1011011000 1100000011 10000011001 10000111110 1100010011 1011111110 1100001101 1100000001 22.750 51.194 1000.0 38779 16 -126 12 59 50 4 $GNGGA,082432.00,,,,,0,00,99.9,,,,,,*4E
39 08 24 33 Nan Nan Nan 1101011010 1100010100 1100110000 10000010000 10000111011 1100000000 1100111000 1111101000 1100001100 1101100000 1011011000 1100000011 10000011101 10000111101 1100010110 1100000111 1100000010 1100000001 22.750 51.095 1000.0 39779 16 -126 11 59 52 3 $GNGGA,082433.00,,,,,0,00,99.9,,,,,,*4F
40 08 24 34 Nan Nan Nan 1101011010 1100010010 1100101011 10000001001 10000111000 1011111101 1100110011 1111100010 1100001100 1101100000 1011011011 1100000101 10000011001 10000111101 1100010010 1011111111 1100001000 1011111000 22.813 51.041 1000.0 40776 18 -126 10 60 50 4 $GNGGA,082434.00,,,,,0,00,99.9,,,,,,*48
41 08 24 35 Nan Nan Nan 1101011010 1100010100 1100110000 10000001101 10000111001 1100000011 1100111000 1111011011 1100000101 1101011111 1011011011 1100000011 10000011010 10001000000 1100010010 1100000001 1100001001 1100000011 22.813 50.973 1000.0 41777 17 -126 10 58 52 4 $GNGGA,082435.00,,,,,0,00,99.9,,,,,,*49
42 08 24 36 Nan Nan Nan 1101011010 1100010101 1100110000 10000001010 10000110101 1100000001 1100111001 1111100001 1100000110 1101100000 1011010101 1100000000 10000011011 10000111101 1100010101 1100000011 1100001110 1011111001 22.813 50.881 1000.0 42776 17 -127 11 60 51 3 $GNGGA,082436.00,,,,,0,00,99.9,,,,,,*4A
43 08 24 37 Nan Nan Nan 1101011010 1100010100 1100101111 10000001111 10000111011 1100000000 1100110110 1111100111 1100000101 1101100000 1011011000 1100000100 10000011100 10000111110 1100010001 1100000001 1100000100 1100000010 22.813 50.805 1000.0 43776 16 -127 12 59 51 3 $GNGGA,082437.00,,,,,0,00,99.9,,,,,,*4B
44 08 24 38 Nan Nan Nan 1101011010 1100010111 1100110001 10000010000 10000111001 1100000000 1100110100 1111101000 1100000111 1101100000 1011010110 1100000000 10000011101 10000111101 1100010000 1100000010 1100001001 1100000000 22.813 50.751 1000.0 44773 17 -126 10 60 50 4 $GNGGA,082438.00,,,,,0,00,99.9,,,,,,*44
45 08 24 39 Nan Nan Nan 1101011010 1100010101 1100110011 10000001100 10000111101 1100000010 1100111010 1111011100 1011110111 1101100000 1011011001 1100000001 10000011100 10000111101 1100010011 1100000011 1100001100 1100000010 22.813 50.751 1000.0 45773 16 -126 12 59 51 3 $GNGGA,082439.00,,,,,0,00,99.9,,,,,,*45
46 08 24 40 Nan Nan Nan 1101011010 1100010011 1100101111 10000001010 10000111100 1100000011 1100110111 1111011101 1011111101 1101100000 1011011100 1100000111 10000011000 10000111101 1100010100 1100000100 1100000110 1100000000 22.813 50.767 1000.0 46772 16 -127 11 59 52 3 $GNGGA,082440.00,,,,,0,00,99.9,,,,,,*4B
47 08 24 41 Nan Nan Nan 1101011010 1100010011 1100101111 10000001111 10000111110 1011111110 1100111001 1111011011 1011110111 1101100000 1011011000 1100000100 10000011100 10000111111 1100010100 1100000101 1011111111 1011110111 22.813 50.744 1000.0 47771 17 -126 10 59 51 4 $GNGGA,082441.00,,,,,0,00,99.9,,,,,,*4A
48 08 24 42 Nan Nan Nan 1101011010 1100010011 1100101110 10000001010 10000111000 1011111110 1100111001 1111100000 1011101111 1101100000 1011010110 1100000001 10000011100 10000111100 1100010100 1100000101 1100000110 1011111011 22.813 51.064 1000.0 48771 16 -126 11 59 51 4 $GNGGA,082442.00,,,,,0,00,99.9,,,,,,*49
49 08 24 43 Nan Nan Nan 1101011010 1100010110 1100110010 10000000111 10000111000 1011111101 1100110001 1111100011 1100000000 1101100000 1011010110 1100000000 10000011001 10000111111 1100010110 1100000010 1100001101 1100000010 22.813 51.026 1000.0 49769 17 -127 11 60 51 3 $GNGGA,082443.00,,,,,0,00,99.9,,,,,,*48
50 08 24 44 Nan Nan Nan 1101011010 1100010100 1100101111 10000010000 10000111100 1100000001 1100110110 1111011100 1011111010 1101100000 1011010111 1100000000 10000011011 10000111110 1100010010 1100000010 1100001101 1100000000 22.813 50.980 1000.0 50768 16 -127 12 59 51 3 $GNGGA,082444.00,,,,,0,00,99.9,,,,,,*4F
51 08 24 45 Nan Nan Nan 1101011010 1100010100 1100101111 10000001001 10000111100 1011111101 1100110010 1111011000 1011111001 1101100000 1011011011 1100000110 10000100011 10001000000 1100010111 1100000101 1100001111 1100000111 22.813 50.919 1000.0 51766 17 -126 10 58 52 4 $GNGGA,082445.00,,,,,0,00,99.9,,,,,,*4E
52 08 24 46 Nan Nan Nan 1101011010 1100010100 1100101111 10000001000 10000111010 1011111101 1100110100 1111100101 1011111011 1101100000 1011010110 1100000010 10000011110 10000111100 1100010100 1011111101 1100010000 1100000001 22.813 50.988 1000.0 52766 17 -127 11 60 51 3 $GNGGA,082446.00,,,,,0,00,99.9,,,,,,*4D
53 08 24 47 Nan Nan Nan 1101011010 1100010101 1100101110 10000001001 10000111000 1011111111 1100110111 1111011111 1011111001 1101100000 1011011001 1100000010 10000011100 10000111110 1100010111 1100001000 1100001010 1100000000 22.813 51.056 1000.0 53766 16 -127 11 59 52 3 $GNGGA,082447.00,,,,,0,00,99.9,,,,,,*4C
54 08 24 48 Nan Nan Nan 1101011010 1100010110 1100101111 10000000111 10000111001 1011111111 1100111100 1111100011 1011111010 1101100000 1011011001 1100000001 10000011111 10000111110 1100010010 1100000011 1100010010 1100000101 22.813 51.041 1000.0 54764 17 -127 11 60 51 3 $GNGGA,082448.00,,,,,0,00,99.9,,,,,,*43
55 08 24 49 Nan Nan Nan 1101011010 1100010100 1100110000 10000000110 10000111011 1100000011 1100111001 1111100100 1100000100 1101100000 1011011000 1100000000 10000011010 10000111111 1100010111 1100000110 1100001010 1100000011 22.813 51.011 1000.0 55763 16 -126 11 58 51 4 $GNGGA,082449.00,,,,,0,00,99.9,,,,,,*42
56 08 24 50 Nan Nan Nan 1101011010 1100010110 1100110000 10000001000 10000111000 1100000100 1101000001 1111100001 1100000011 1101100000 1011011010 1100000100 10000011110 10000111110 1100010011 1100001000 1100001110 1011111101 22.750 50.988 1000.0 56762 16 -127 11 60 51 3 $GNGGA,082450.00,,,,,0,00,99.9,,,,,,*4A
57 08 24 51 Nan Nan Nan 1101011010 1100010010 1100101101 10000001000 10000110111 1011111110 1100110101 1111101000 1100010000 1101100000 1011010111 1100000010 10000100001 10001000001 1100010111 1100000111 1100001001 1011111111 22.813 50.843 1000.0 57761 17 -126 11 59 51 3 $GNGGA,082451.00,,,,,0,00,99.9,,,,,,*4B
58 08 24 52 Nan Nan Nan 1101011010 1100010010 1100101110 10000001110 10000111010 1011111000 1100110000 1111100110 1100000100 1101100000 1011011000 1100000000 10000010110 10000111101 1100010111 1100000100 1100000011 1011111110 22.813 50.957 1000.0 58761 16 -126 11 59 51 4 $GNGGA,082452.00,,,,,0,00,99.9,,,,,,*48
59 08 24 53 Nan Nan Nan 1101011010 1100010110 1100110000 10000001101 10000111000 1100000011 1100110111 1111011010 1011111111 1101100000 1011010110 1011111111 10000011101 10000111110 1100010110 1100000001 1100000111 1011111000 22.813 50.988 1000.0 59759 17 -126 11 60 50 4 $GNGGA,082453.00,,,,,0,00,99.9,,,,,,*49
60 08 24 54 Nan Nan Nan 1101011010 1100010101 1100101110 10000001111 10000111011 1011111101 1100110100 1111100000 1100000100 1101100000 1011010111 1100000010 10000011010 10000111010 1100010110 1100000010 1100001101 1100000010 22.813 51.156 1000.0 60759 16 -125 12 59 51 3 $GNGGA,082454.00,,,,,0,00,99.9,,,,,,*4E
61 08 24 55 Nan Nan Nan 1101011010 1100010001 1100101101 10000001101 10000111011 1100000011 1100111101 1111100100 1100000101 1101100000 1011011010 1100000010 10000100010 10000111110 1100010001 1100000000 1100000111 1011111100 22.750 51.163 1000.0 61758 17 -127 11 60 51 3 $GNGGA,082455.00,,,,,0,00,99.9,,,,,,*4F
62 08 24 56 Nan Nan Nan 1101011010 1100010110 1100101111 10000001101 10000111010 1100000100 1100110110 1111100100 1100000101 1101100000 1011011001 1100000010 10000100000 10000111111 1100010101 1100000111 1100000110 1100000000 22.813 51.056 1000.0 62755 16 -126 11 58 51 4 $GNGGA,082456.00,,,,,0,00,99.9,,,,,,*4C
63 08 24 57 Nan Nan Nan 1101011010 1100010010 1100101110 10000001100 10000111001 1011111111 1100111000 1111100100 1100001001 1101100000 1011011000 1100000100 10000011000 10000111011 1100010000 1100000001 1100001110 1100000000 22.813 50.942 1000.0 63756 16 -126 11 59 52 3 $GNGGA,082457.00,,,,,0,00,99.9,,,,,,*4D
64 08 24 58 Nan Nan Nan 1101011010 1100010100 1100101110 10000001001 10000111010 1100000011 1100111010 1111100001 1011111001 1101100000 1011011001 1100000101 10000011011 10000111101 1100010100 1011111111 1100001101 1100001000 22.813 51.087 1000.0 64754 17 -126 11 60 50 4 $GNGGA,082458.00,,,,,0,00,99.9,,,,,,*42
65 08 24 59 Nan Nan Nan 1101011010 1100010011 1100110000 10000010010 10000111110 1100000111 1100111001 1111100111 1100001010 1101100000 1011011001 1100000010 10000100100 10000111110 1100010110 1100000101 1100001100 1100000110 22.813 51.163 1000.0 65754 16 -127 11 59 51 4 $GNGGA,082459.00,,,,,0,00,99.9,,,,,,*43
66 08 25 00 Nan Nan Nan 1101011010 1100010100 1100101101 10000001101 10000111000 1100000011 1100110101 1111011010 1100000010 1101100000 1011010111 1100000100 10000011000 10000111010 1100010101 1100000100 1100001001 1100000100 22.813 51.316 1000.0 66752 18 -126 10 60 50 4 $GNGGA,082500.00,,,,,0,00,99.9,,,,,,*4E
67 08 25 01 Nan Nan Nan 1101011010 1100010011 1100101101 10000001000 10000111010 1011111110 1100110101 1111011100 1011111010 1101100000 1011010110 1100000011 10000011100 10000111110 1100010100 1100000001 1100001001 1011111100 22.813 51.156 1000.0 67751 17 -126 11 59 50 4 $GNGGA,082501.00,,,,,0,00,99.9,,,,,,*4F
68 08 25 02 Nan Nan Nan 1101011010 1100010100 1100101100 10000001001 10000111001 1100000010 1100111100 1111011100 1011111100 1101100000 1011010110 1100000010 10000100010 10000111110 1100010010 1100000000 1100001110 1011111101 22.813 51.140 1000.0 68751 16 -126 11 60 50 4 $GNGGA,082502.00,,,,,0,00,99.9,,,,,,*4C
69 08 25 03 Nan Nan Nan 1101011010 1100010100 1100110000 10000000101 10000111011 1011111101 1100110010 1111011110 1011111001 1101100000 1011011010 1100000010 10000100001 10000111110 1100010010 1100000001 1100001000 1011111111 22.813 51.163 1000.0 69749 18 -126 10 59 50 4 $GNGGA,082503.00,,,,,0,00,99.9,,,,,,*4D
70 08 25 04 Nan Nan Nan 1101011010 1100010100 1100110000 10000001000 10000111011 1100000100 1101000010 1111011110 1011110011 1101100000 1011011010 1100000010 10000011001 10000111110 1100010001 1100000101 1100001100 1011111101 22.813 51.224 1000.0 70750 16 -126 11 59 51 4 $GNGGA,082504.00,,,,,0,00,99.9,,,,,,*4A
71 08 25 05 Nan Nan Nan 1101011010 1100010101 1100101110 10000001100 10000111001 1011111111 1100110101 1111100001 1100000011 1101100000 1011011010 1100000010 10000011001 10000111100 1100010011 1100000100 1100001100 1011110111 22.813 51.201 1000.0 71749 17 -127 11 60 51 3 $GNGGA,082505.00,,,,,0,00,99.9,,,,,,*4B
72 08 25 06 Nan Nan Nan 1101011010 1100010011 1100101111 10000001010 10000111010 1100000010 1100110101 1111101001 1100001001 1101100001 1011011100 1100000110 10000011100 10000111110 1100010100 1100000011 1100001111 1100000011 22.813 51.049 1000.0 72747 17 -125 11 59 50 4 $GNGGA,082506.00,,,,,0,00,99.9,,,,,,*48
73 08 25 07 Nan Nan Nan 1101011010 1100010011 1100110000 10000001100 10000111111 1100000001 1100111100 1111100010 1011111110 1101100000 1011010110 1011111110 10000100010 10000111110 1100010111 1100000100 1100001010 1011111010 22.813 50.995 1000.0 73744 16 -127 11 60 51 3 $GNGGA,082507.00,,,,,0,00,99.9,,,,,,*49
74 08 25 08 Nan Nan Nan 1101011010 1100010001 1100101100 10000000101 10000111001 1011111111 1100111001 1111011110 1011111100 1101100000 1011010111 1100000101 10000011101 10000111110 1100010100 1100000001 1100001001 1011111111 22.813 51.049 1000.0 74744 16 -126 12 59 50 4 $GNGGA,082508.00,,,,,0,00,99.9,,,,,,*46
75 08 25 09 Nan Nan Nan 1101011010 1100010100 1100110000 10000010000 10000111111 1011111110 1100110111 1111011111 1100000000 1101100000 1011011001 1100000011 10000011110 10000111110 1100010110 1100000101 1100001110 1100000000 22.813 50.973 1000.0 75744 16 -126 11 59 51 4 $GNGGA,082509.00,,,,,0,00,99.9,,,,,,*47
76 08 25 10 Nan Nan Nan 1101011010 1100010100 1100101111 10000001001 10000111001 1100001000 1100111010 1111011001 1100000110 1101100000 1011011000 1100000010 10000011110 10000111101 1100010010 1100000011 1100001010 1011111111 22.750 50.965 1000.0 76743 17 -126 10 59 51 4 $GNGGA,082510.00,,,,,0,00,99.9,,,,,,*4F
77 08 25 11 Nan Nan Nan 1101011010 1100010100 1100110000 10000000110 10000110111 1011111100 1100110100 1111011110 1100000001 1101100000 1011010111 1100000010 10000011010 10000111011 1100010111 1100000101 1100001101 1100000100 22.813 51.003 1000.0 77743 16 -126 11 59 51 4 $GNGGA,082511.00,,,,,0,00,99.9,,,,,,*4E
78 08 25 12 Nan Nan Nan 1101011010 1100010011 1100101100 10000001101 10000111100 1011111011 1100111010 1111010110 1100000010 1101100000 1011011001 1100000011 10000011001 10000111011 1100010011 1100000101 1100010001 1100000100 22.813 51.079 1000.0 78741 17 -127 11 60 51 3 $GNGGA,082512.00,,,,,0,00,99.9,,,,,,*4D
79 08 25 13 Nan Nan Nan 1101011010 1100010000 1100101101 10000010000 10000111101 1011111111 1100111011 1111100000 1011111101 1101100000 1011011100 1100000101 10000011001 10000111111 1100010101 1100000011 1100001001 1011111101 22.813 51.095 1000.0 79740 16 -126 12 59 51 3 $GNGGA,082513.00,,,,,0,00,99.9,,,,,,*4C
80 08 25 14 Nan Nan Nan 1101011010 1100010011 1100101101 10000001110 10000111100 1100001000 1100111101 1111100001 1100000001 1101100000 1011011000 1100000001 10000011010 10000111101 1100001111 1100000001 1100001101 1011111110 22.813 51.079 999.99 80738 16 -126 11 59 52 3 $GNGGA,082514.00,,,,,0,00,99.9,,,,,,*4B
81 08 25 15 Nan Nan Nan 1101011010 1100010011 1100101101 10000001011 10000111100 1100000000 1100111011 1111101011 1100001011 1101100000 1011011000 1100000011 10000011101 10000111110 1100010010 1100000100 1100001101 1100000000 22.813 51.064 999.99 81738 18 -126 10 58 51 4 $GNGGA,082515.00,,,,,0,00,99.9,,,,,,*4A
82 08 25 16 Nan Nan Nan 1101011010 1100010101 1100101111 10000010001 10000111011 1011111111 1100111010 1111100001 1011111110 1101100000 1011011011 1100000011 10000010111 10000111101 1100010111 1100000101 1100001011 1011111101 22.750 51.110 1000.0 82737 17 -126 10 58 52 4 $GNGGA,082516.00,,,,,0,00,99.9,,,,,,*49
83 08 25 17 Nan Nan Nan 1101011010 1100010100 1100101110 10000010100 10000111100 1100000000 1100110110 1111101010 1100001100 1101100000 1011011000 1100000011 10000100000 10000111110 1100001111 1011111110 1100001100 1100000000 22.750 51.125 1000.0 83736 17 -127 11 60 51 3 $GNGGA,082517.00,,,,,0,00,99.9,,,,,,*48
84 08 25 18 Nan Nan Nan 1101011010 1100010001 1100101111 10000010100 10000111100 1100000110 1100111010 1111100000 1100000100 1101100000 1011010111 1100000001 10000011010 10001000000 1100010110 1100000101 1100001100 1011111000 22.750 51.072 1000.0 84737 16 -125 12 59 50 4 $GNGGA,082518.00,,,,,0,00,99.9,,,,,,*47
85 08 25 19 Nan Nan Nan 1101011010 1100010101 1100110000 10000000111 10000111000 1100000010 1100111010 1111011000 1011111101 1101100000 1011010111 1100000001 10000100010 10000111111 1100010101 1100000100 1100001111 1011111101 22.750 51.049 1000.0 85735 17 -127 11 60 51 3 $GNGGA,082519.00,,,,,0,00,99.9,,,,,,*46
86 08 25 20 Nan Nan Nan 1101011010 1100010001 1100110010 10000001001 10000110110 1100000101 1100111000 1111100110 1100001000 1101100000 1011011000 1100000010 10000011000 10000111100 1100010011 1100000100 1100001000 1011111010 22.813 51.072 1000.0 86734 16 -127 12 59 51 3 $GNGGA,082520.00,,,,,0,00,99.9,,,,,,*4C
87 08 25 21 Nan Nan Nan 1101011010 1100010101 1100110000 10000000110 10000111000 1100000001 1100110100 1111100101 1100001001 1101100000 1011010110 1100000011 10000011100 10000111110 1100010111 1100000100 1100001101 1011111110 22.813 51.262 1000.0 87733 16 -127 11 59 52 3 $GNGGA,082521.00,,,,,0,00,99.9,,,,,,*4D
88 08 25 22 Nan Nan Nan 1101011010 1100010100 1100101100 10000001110 10000111001 1011111011 1100110011 1111011101 1011111111 1101100000 1011010111 1100000001 10000011001 10000111100 1100010010 1100000010 1100000110 1011111110 22.750 51.293 1000.0 88734 17 -126 11 60 50 4 $GNGGA,082522.00,,,,,0,00,99.9,,,,,,*4E
89 08 25 23 Nan Nan Nan 1101011010 1100010010 1100110001 10000010010 10000111101 1100000101 1100111110 1111100110 1100001100 1101100000 1011011000 1100000110 10000010111 10000111011 1100010110 1100000100 1100000110 1100000100 22.750 51.392 1000.0 89731 16 -126 11 59 51 4 $GNGGA,082523.00,,,,,0,00,99.9,,,,,,*4F
90 08 25 24 Nan Nan Nan 1101011010 1100010010 1100101110 10000001111 10000111000 1100000011 1100111000 1111100101 1100001110 1101100000 1011010111 1100000010 10000011101 10000111110 1100010000 1100000001 1100000010 1011111011 22.813 51.323 1000.0 90730 17 -127 11 60 51 3 $GNGGA,082524.00,,,,,0,00,99.9,,,,,,*48
91 08 25 25 Nan Nan Nan 1101011010 1100010100 1100101100 10000001110 10000111011 1100000101 1100111101 1111011111 1100000011 1101100000 1011011001 1100000001 10000011010 10000111110 1100010010 1100000010 1100001100 1100000110 22.813 51.384 1000.0 91728 16 -127 12 59 51 3 $GNGGA,082525.00,,,,,0,00,99.9,,,,,,*49
92 08 25 26 Nan Nan Nan 1101011010 1100010101 1100110000 10000001100 10000111101 1100000110 1101000000 1111011111 1100000010 1101100000 1011011010 1100000011 10000011001 10000111101 1100010001 1100000001 1100001001 1011111010 22.813 51.461 1000.0 92728 16 -127 11 59 52 3 $GNGGA,082526.00,,,,,0,00,99.9,,,,,,*4A
93 08 25 27 Nan Nan Nan 1101011010 1100010011 1100101111 10000000111 10000111000 1100000010 1100111101 1111011110 1011111111 1101100000 1011010111 1100000011 10000011101 10000111110 1100010100 1100000010 1100001101 1100000000 22.813 51.560 1000.0 93726 17 -126 11 59 50 4 $GNGGA,082527.00,,,,,0,00,99.9,,,,,,*4B
94 08 25 28 Nan Nan Nan 1101011010 1100010111 1100110000 10000001111 10000111100 1100000101 1100111100 1111011101 1100000010 1101100000 1011010110 1100000011 10000011000 10000111110 1100011010 1100000100 1100001111 1011111110 22.750 51.682 1000.0 94726 17 -126 10 59 51 4 $GNGGA,082528.00,,,,,0,00,99.9,,,,,,*44
95 08 25 29 Nan Nan Nan 1101011010 1100010100 1100101100 10000001111 10000111100 1100000010 1100111001 1111100001 1100000110 1101100000 1011010100 1100000000 10000011011 10000111100 1100010110 1100000110 1100001101 1100000001 22.750 51.461 1000.0 95725 17 -127 11 60 51 3 $GNGGA,082529.00,,,,,0,00,99.9,,,,,,*45
96 08 25 30 Nan Nan Nan 1101011010 1100010011 1100101101 10000001011 10000111001 1011111111 1100111010 1111100010 1100001010 1101100000 1011010101 1100000011 10000011001 10000111101 1100010011 1100000101 1100001110 1100000000 22.813 51.384 1000.0 96723 16 -126 11 58 51 4 $GNGGA,082530.00,,,,,0,00,99.9,,,,,,*4D
97 08 25 31 Nan Nan Nan 1101011010 1100010101 1100101111 10000000100 10000111010 1100000001 1100111001 1111100000 1100000010 1101100000 1011011011 1100000011 10000010110 10000111101 1100010001 1100000000 1100000001 1011110001 22.750 51.362 1000.0 97723 16 -126 10 59 51 4 $GNGGA,082531.00,,,,,0,00,99.9,,,,,,*4C
98 08 25 32 Nan Nan Nan 1101011010 1100010100 1100110000 10000001000 10000111100 1011111011 1100101111 1111100100 1011111110 1101100000 1011010111 1100000100 10000011001 10000111100 1100001111 1100000001 1100000110 1011111011 22.813 51.468 999.99 98722 16 -127 12 59 51 3 $GNGGA,082532.00,,,,,0,00,99.9,,,,,,*4F
99 08 25 33 Nan Nan Nan 1101011010 1100010100 1100101110 10000000111 10000111010 1011111010 1100110110 1111011011 1100000000 1101100000 1011011000 1100000010 10000011100 10000111101 1100001111 1100000001 1100001000 1100000100 22.813 51.468 999.98 99721 16 -127 11 59 52 3 $GNGGA,082533.00,,,,,0,00,99.9,,,,,,*4E
100 08 25 34 Nan Nan Nan 1101011010 1100010111 1100110000 10000000100 10000110111 1100000001 1100111101 1111011111 1100000010 1101100000 1011011001 1100000101 10000011100 10000111110 1100010110 1100000100 1100001111 1011111111 22.813 51.430 999.99 100720 17 -126 10 60 51 4 $GNGGA,082534.00,,,,,0,00,99.9,,,,,,*49
101 08 25 35 Nan Nan Nan 1101011010 1100010100 1100101111 10000000011 10000111010 1011111101 1100110011 1111011100 1100000000 1101100000 1011010011 1100000000 10000100111 10001000001 1100011010 1100001001 1100000000 1011111100 22.813 51.438 999.99 101719 17 -125 11 59 50 4 $GNGGA,082535.00,,,,,0,00,99.9,,,,,,*48
102 08 25 36 Nan Nan Nan 1101011010 1100010100 1100101111 10000000101 10000111000 1100000000 1100111000 1111100100 1100000010 1101100000 1011011000 1100000011 10000011101 10000111101 1100010001 1100000001 1100001100 1100000001 22.813 51.476 1000.0 102717 17 -126 11 60 50 4 $GNGGA,082536.00,,,,,0,00,99.9,,,,,,*4B
103 08 25 37 Nan Nan Nan 1101011010 1100011000 1100110010 10000010000 10000111101 1100000000 1100111000 1111100001 1100000101 1101100000 1011011000 1100000000 10000011111 10000111111 1100010100 1100000111 1100001010 1100000110 22.750 51.514 1000.0 103717 16 -127 12 59 51 3 $GNGGA,082537.00,,,,,0,00,99.9,,,,,,*4A
104 08 25 38 Nan Nan Nan 1101011010 1100010101 1100110001 10000001101 10000111011 1011111111 1100110110 1111100101 1100000011 1101100000 1011011101 1100000101 10000011101 10000111101 1100010110 1100000110 1100000110 1011111100 22.813 51.529 1000.0 104716 16 -126 10 58 52 4 $GNGGA,082538.00,,,,,0,00,99.9,,,,,,*45
105 08 25 39 Nan Nan Nan 1101011010 1100010110 1100110000 10000000101 10000111000 1100000000 1100111110 1111011011 1100000011 1101100000 1011011100 1100000011 10000011110 10000111110 1100010110 1100001010 1100001100 1011111111 22.813 51.384 1000.0 105715 18 -126 10 59 50 4 $GNGGA,082539.00,,,,,0,00,99.9,,,,,,*44
106 08 25 40 Nan Nan Nan 1101011010 1100010101 1100101101 10000001010 10000111011 1100000100 1101000000 1111011011 1011111010 1101100000 1011010111 1100000010 10000011011 10000111011 1100001111 1011111110 1100010001 1100001001 22.813 51.217 1000.0 106714 17 -126 10 59 50 5 $GNGGA,082540.00,,,,,0,00,99.9,,,,,,*4A
107 08 25 41 Nan Nan Nan 1101011010 1100010100 1100110000 10000001010 10000111000 1100001010 1100111101 1111100100 1100000101 1101100000 1011011000 1100000010 10000011011 10000111110 1100010000 1011111101 1100001110 1011111100 22.813 51.217 1000.0 107713 17 -126 10 59 51 4 $GNGGA,082541.00,,,,,0,00,99.9,,,,,,*4B
108 08 25 42 Nan Nan Nan 1101011010 1100010010 1100101101 10000001001 10000111000 1100000010 1100111100 1111011011 1011111110 1101100000 1011010101 1100000011 10000100000 10000111011 1100010100 1100000100 1100001110 1100000011 22.813 51.346 1000.0 108712 16 -126 12 59 51 3 $GNGGA,082542.00,,,,,0,00,99.9,,,,,,*48
109 08 25 43 Nan Nan Nan 1101011010 1100010010 1100101110 10000001100 10000110111 1011111111 1100111011 1111010111 1011111101 1101100000 1011011001 1100000100 10000011001 10000111011 1100010101 1100000110 1100001111 1100000110 22.813 51.636 1000.0 109711 16 -127 11 60 51 3 $GNGGA,082543.00,,,,,0,00,99.9,,,,,,*49
110 08 25 44 Nan Nan Nan 1101011010 1100010011 1100101100 10000010010 10000111100 1011111010 1100110110 1111100001 1100000100 1101100000 1011011000 1100000001 10000011000 10000111101 1100010111 1100000011 1100001101 1011111100 22.813 51.827 1000.0 110710 18 -126 10 58 51 4 $GNGGA,082544.00,,,,,0,00,99.9,,,,,,*4E
111 08 25 45 Nan Nan Nan 1101011010 1100010100 1100101111 10000001010 10000111001 1100000010 1100111001 1111011101 1011111001 1101100000 1011010101 1100000001 10000100001 10000111110 1100010101 1100000110 1100001011 1011111110 22.813 52.193 1000.0 111710 16 -126 11 59 51 4 $GNGGA,082545.00,,,,,0,00,99.9,,,,,,*4F
112 08 25 46 Nan Nan Nan 1101011010 1100010100 1100101110 10000010000 10000111011 1100001001 1100111100 1111100110 1100000011 1101100000 1011011001 1100000001 10000011000 10000111110 1100010100 1100000011 1100001010 1011111110 22.875 52.392 1000.0 112708 17 -127 11 60 51 3 $GNGGA,082546.00,,,,,0,00,99.9,,,,,,*4C
113 08 25 47 Nan Nan Nan 1101011010 1100010010 1100101111 10000001111 10000111011 1100000100 1100111000 1111100000 1011111100 1101100000 1011011100 1100000011 10000011110 10000111111 1100010100 1100000001 1100001001 1100000011 22.813 52.041 1000.0 113707 16 -125 12 59 50 4 $GNGGA,082547.00,,,,,0,00,99.9,,,,,,*4D
114 08 25 48 Nan Nan Nan 1101011010 1100010111 1100110000 10000001001 10000111010 1011111110 1100111000 1111100010 1011111010 1101100000 1011011101 1100001001 10000010111 10000111110 1100010000 1100000001 1100000001 1011111001 22.875 51.705 1000.0 114709 17 -126 11 60 50 4 $GNGGA,082548.00,,,,,0,00,99.9,,,,,,*42
115 08 25 49 Nan Nan Nan 1101011010 1100010000 1100101100 10000000110 10000111001 1100000010 1100111001 1111100111 1100000101 1101100000 1011011000 1100000010 10000100011 10001000000 1100010110 1100000010 1100010000 1100000000 22.813 51.529 1000.0 115705 16 -126 12 59 50 4 $GNGGA,082549.00,,,,,0,00,99.9,,,,,,*43
116 08 25 50 Nan Nan Nan 1101011010 1100010011 1100101110 10000001000 10000111001 1100000000 1100111010 1111011110 1011111010 1101100000 1011011100 1100000110 10000011011 10000111100 1100010100 1100000001 1100001010 1011110110 22.875 51.751 1000.0 116706 17 -126 10 58 52 4 $GNGGA,082550.00,,,,,0,00,99.9,,,,,,*4B
117 08 25 51 Nan Nan Nan 1101011010 1100010100 1100101111 10000001001 10000110111 1100000010 1100111100 1111010010 1011110000 1101100000 1011011100 1100000101 10000100000 10000111111 1100010011 1100000101 1100001100 1011111101 22.813 51.850 1000.0 117704 17 -126 11 60 50 4 $GNGGA,082551.00,,,,,0,00,99.9,,,,,,*4A
118 08 25 52 Nan Nan Nan 1101011010 1100010110 1100110001 10000000111 10000111001 1100000011 1100111011 1111100000 1011111010 1101100000 1011011001 1100000011 10000011011 10000111101 1100010110 1100000001 1100001111 1100000000 22.813 51.873 1000.0 118702 16 -126 11 59 51 4 $GNGGA,082552.00,,,,,0,00,99.9,,,,,,*49
119 08 25 53 Nan Nan Nan 1101011010 1100010101 1100101111 10000000100 10000111010 1011111110 1100111001 1111100101 1100000000 1101100000 1011010100 1100000010 10000011111 10000111101 1100010011 1100000010 1100010000 1100000100 22.813 51.728 1000.0 119701 17 -126 10 59 51 4 $GNGGA,082553.00,,,,,0,00,99.9,,,,,,*48
120 08 25 54 Nan Nan Nan 1101011010 1100010100 1100101110 10000001001 10000110111 1100000111 1101000000 1111100100 1011111110 1101100000 1011011001 1100000011 10000100000 10000111111 1100010001 1100000010 1100001110 1100000010 22.813 51.629 1000.0 120699 16 -126 11 58 51 4 $GNGGA,082554.00,,,,,0,00,99.9,,,,,,*4F
121 08 25 55 Nan Nan Nan 1101011010 1100010011 1100101111 10000001110 10000111100 1100000011 1100111101 1111011111 1100000010 1101100000 1011011100 1100000100 10000100000 10000111111 1100010100 1100000101 1100010010 1100000101 22.875 51.606 1000.0 121699 16 -126 10 58 52 4 $GNGGA,082555.00,,,,,0,00,99.9,,,,,,*4E
122 08 25 56 Nan Nan Nan 1101011010 1100010110 1100110000 10000010001 10000111100 1100000100 1100111011 1111100010 1011111100 1101100000 1011011000 1100000000 10000011100 10000111110 1100001111 1100000001 1100000100 1011111111 22.813 51.468 1000.0 122698 17 -126 11 59 51 3 $GNGGA,082556.00,,,,,0,00,99.9,,,,,,*4D
123 08 25 57 Nan Nan Nan 1101011010 1100010001 1100101110 10000010100 10000111011 1100000011 1100110111 1111100010 1100000100 1101100000 1011011010 1100000101 10000100000 10000111110 1100010010 1100000010 1100000110 1011111010 22.813 51.392 1000.0 123698 16 -127 11 59 52 3 $GNGGA,082557.00,,,,,0,00,99.9,,,,,,*4C
124 08 25 58 Nan Nan Nan 1101011010 1100010100 1100101101 10000001011 10000111010 1011111111 1100110110 1111101111 1100000111 1101100000 1011010111 1100000001 10000011101 10000111011 1100010001 1100000010 1100001001 1100000001 22.875 51.209 1000.0 124696 17 -126 11 60 51 3 $GNGGA,082558.00,,,,,0,00,99.9,,,,,,*43
125 08 25 59 Nan Nan Nan 1101011010 1100010010 1100101110 10000010001 10000111011 1100000110 1100111010 1111100110 1100000111 1101100000 1011010110 1100000010 10000100001 10000111110 1100001011 1011111111 1100001010 1011111001 22.875 51.278 1000.0 125696 16 -125 12 59 51 3 $GNGGA,082559.00,,,,,0,00,99.9,,,,,,*42
126 08 26 00 Nan Nan Nan 1101011010 1100010011 1100101111 10000001010 10000111110 1100000000 1100111100 1111100011 1100000111 1101100000 1011010111 1100000000 10000011111 10000111101 1100010010 1011111110 1100001101 1011111011 22.875 51.362 1000.0 126694 16 -126 11 60 51 3 $GNGGA,082600.00,,,,,0,00,99.9,,,,,,*4D
127 08 26 01 Nan Nan Nan 1101011010 1100010100 1100110000 10000001001 10000111100 1100000101 1100111001 1111100101 1100001100 1101100000 1011010110 1100000011 10000011111 10000111101 1100010110 1100000010 1100000100 1100000001 22.813 51.560 1000.0 127693 16 -127 12 59 51 3 $GNGGA,082601.00,,,,,0,00,99.9,,,,,,*4C
128 08 26 02 Nan Nan Nan 1101011010 1100010010 1100101100 10000001001 10000111011 1011111011 1100110011 1111100101 1100000101 1101100000 1011011001 1100000011 10000011100 10000111110 1100001111 1100000000 1100001010 1011111111 22.875 51.575 1000.0 128693 16 -126 10 58 52 4 $GNGGA,082602.00,,,,,0,00,99.9,,,,,,*4F
129 08 26 03 Nan Nan Nan 1101011010 1100010100 1100101101 10000001000 10000111000 1100000011 1100111000 1111100001 1011111111 1101100000 1011010111 1100000001 10000011110 10000111110 1100010100 1100000100 1100001000 1011111100 22.875 51.728 1000.0 129692 17 -127 11 60 51 3 $GNGGA,082603.00,,,,,0,00,99.9,,,,,,*4E
130 08 26 04 Nan Nan Nan 1101011010 1100010100 1100101101 10000010001 10000111010 1011111100 1100110101 1111101110 1100001111 1101100000 1011011001 1100000010 10000011101 10000111111 1100010110 1100000011 1100001001 1011111111 22.875 51.652 1000.0 130691 17 -126 10 59 50 5 $GNGGA,082604.00,,,,,0,00,99.9,,,,,,*49
131 08 26 05 Nan Nan Nan 1101011010 1100010111 1100110000 10000001010 10000111000 1100000101 1100111111 1111101110 1100001001 1101100000 1011011001 1100000100 10000011100 10000111100 1100010110 1100000010 1100001110 1011111100 22.875 51.720 1000.0 131689 18 -126 10 59 51 4 $GNGGA,082605.00,,,,,0,00,99.9,,,,,,*48
132 08 26 06 Nan Nan Nan 1101011010 1100010011 1100101111 10000010000 10000111100 1100000000 1100111011 1111101100 1011111110 1101100000 1011011000 1100000001 10000011111 10000111110 1100010011 1100000100 1100000111 1011110110 22.875 51.629 1000.0 132688 16 -126 12 59 50 4 $GNGGA,082606.00,,,,,0,00,99.9,,,,,,*4B
133 08 26 07 Nan Nan Nan 1101011010 1100010011 1100110000 10000001011 10000111011 1100000110 1100111101 1111100111 1100000010 1101100000 1011010111 1100000010 10000011110 10000111111 1100010101 1100000011 1100000111 1011111001 22.875 51.598 1000.0 133688 16 -127 11 59 52 3 $GNGGA,082607.00,,,,,0,00,99.9,,,,,,*4A
134 08 26 08 Nan Nan Nan 1101011010 1100010100 1100110000 10000001110 10000111010 1100000001 1100111000 1111100001 1100000100 1101100000 1011011000 1011111111 10000011100 10000111101 1100011001 1100000110 1100001010 1100000011 22.875 51.507 1000.0 134686 17 -126 11 59 50 4 $GNGGA,082608.00,,,,,0,00,99.9,,,,,,*45
135 08 26 09 Nan Nan Nan 1101011010 1100010001 1100101101 10000001001 10000111010 1011111111 1100110101 1111100001 1100000100 1101100000 1011010101 1100000000 10000011100 10000111101 1100010110 1100000000 1100001100 1100000011 22.875 51.446 1000.0 135686 17 -126 10 59 51 4 $GNGGA,082609.00,,,,,0,00,99.9,,,,,,*44
136 08 26 10 Nan Nan Nan 1101011010 1100010101 1100110000 10000010000 10000111100 1100000001 1100110111 1111101000 1100000111 1101100000 1011011000 1100000011 10000100010 10001000000 1100010010 1100000101 1100001000 1100000101 22.875 51.293 1000.0 136684 18 -126 10 59 51 4 $GNGGA,082610.00,,,,,0,00,99.9,,,,,,*4C
137 08 26 11 Nan Nan Nan 1101011010 1100010010 1100101110 10000001001 10000111000 1100000011 1100111100 1111100010 1100000011 1101100000 1011010111 1100000010 10000011100 10000111100 1100010101 1100000001 1100001111 1100000000 22.875 51.301 1000.0 137684 16 -127 12 59 51 3 $GNGGA,082611.00,,,,,0,00,99.9,,,,,,*4D
138 08 26 12 Nan Nan Nan 1101011010 1100010011 1100101101 10000001100 10000111010 1100000011 1100111101 1111100100 1100001001 1101100000 1011011001 1100000100 10000011101 10000111111 1100011001 1100001011 1100001000 1011111100 22.875 51.590 1000.0 138681 16 -126 11 60 50 4 $GNGGA,082612.00,,,,,0,00,99.9,,,,,,*4E
139 08 26 13 Nan Nan Nan 1101011010 1100010101 1100101111 10000001100 10000110111 1100000101 1100111000 1111100100 1100001001 1101100000 1011011001 1100000010 10000011100 10000111110 1100010110 1100000110 1100001100 1100000011 22.875 51.743 1000.0 139682 16 -126 12 59 51 3 $GNGGA,082613.00,,,,,0,00,99.9,,,,,,*4F
140 08 26 14 Nan Nan Nan 1101011010 1100010101 1100110000 10000001011 10000111010 1100000010 1100111000 1111100011 1100000001 1101100000 1011010101 1100000001 10000011101 10000111101 1100010100 1100000001 1100001001 1011111000 22.875 51.812 1000.0 140681 16 -127 11 59 52 3 $GNGGA,082614.00,,,,,0,00,99.9,,,,,,*48
141 08 26 15 Nan Nan Nan 1101011010 1100010010 1100101011 10000001000 10000110110 1011111100 1100111000 1111100001 1100000110 1101100000 1011010101 1100000001 10000011110 10000111110 1100010011 1100000100 1100000111 1011111011 22.875 51.674 1000.0 141679 18 -126 10 60 50 4 $GNGGA,082615.00,,,,,0,00,99.9,,,,,,*49
142 08 26 16 Nan Nan Nan 1101011010 1100010011 1100101110 10000001110 10000111100 1011111110 1100111110 1111100001 1100000001 1101100000 1011010111 1100000011 10000011101 10000111011 1100010110 1100000111 1100000001 1011111011 22.875 51.461 1000.0 142679 16 -126 12 59 51 3 $GNGGA,082616.00,,,,,0,00,99.9,,,,,,*4A
143 08 26 17 Nan Nan Nan 1101011010 1100010111 1100110000 10000010000 10000111110 1100000001 1100111011 1111100010 1100000001 1101100000 1011010011 1100000001 10000100000 10001000000 1100010001 1100000000 1100001000 1011110111 22.875 51.224 1000.0 143678 17 -127 11 60 51 3 $GNGGA,082617.00,,,,,0,00,99.9,,,,,,*4B
144 08 26 18 Nan Nan Nan 1101011010 1100010010 1100101100 10000000111 10000110110 1011111110 1100110011 1111100011 1100000010 1101100000 1011011001 1100000100 10000011011 10000111110 1100010110 1100000100 1100000100 1011111001 22.875 50.980 1000.0 144676 17 -126 11 59 50 4 $GNGGA,082618.00,,,,,0,00,99.9,,,,,,*44
145 08 26 19 Nan Nan Nan 1101011010 1100010101 1100101111 10000001011 10000111001 1100000101 1100111101 1111100000 1011111111 1101100000 1011010111 1011111111 10000011000 10000111100 1100011001 1100001000 1100000111 1011111110 22.875 50.957 1000.0 145676 16 -127 11 59 52 3 $GNGGA,082619.00,,,,,0,00,99.9,,,,,,*45
146 08 26 20 Nan Nan Nan 1101011010 1100010010 1100101011 10000001101 10000111011 1011111111 1100110100 1111100100 1100000101 1101100000 1011011000 1100000001 10000011010 10000111111 1100010100 1100000001 1100001000 1100000011 22.875 51.095 1000.0 146674 18 -126 10 59 51 4 $GNGGA,082620.00,,,,,0,00,99.9,,,,,,*4F
147 08 26 21 Nan Nan Nan 1101011010 1100010101 1100110001 10000000111 10000111010 1100000001 1100111100 1111100000 1100001001 1101100000 1011010111 1100000101 10000100000 10000111111 1100001100 1011111111 1100001010 1011111011 22.875 51.095 1000.0 147674 16 -126 10 58 51 5 $GNGGA,082621.00,,,,,0,00,99.9,,,,,,*4E
148 08 26 22 Nan Nan Nan 1101011010 1100010110 1100110001 10000000100 10000110101 1011111100 1100111010 1111011110 1100000011 1101100000 1011011000 1100000100 10000011011 10000111100 1100010001 1100000101 1100001011 1100000110 22.875 51.087 1000.0 148674 17 -126 11 60 50 4 $GNGGA,082622.00,,,,,0,00,99.9,,,,,,*4D
149 08 26 23 Nan Nan Nan 1101011010 1100010100 1100101111 10000010001 10000111100 1100000001 1100110110 1111100011 1100001011 1101100000 1011011000 1100000000 10000011110 10001000000 1100010111 1100000011 1100000111 1100000001 22.938 50.980 1000.0 149670 17 -126 11 58 51 4 $GNGGA,082623.00,,,,,0,00,99.9,,,,,,*4C
150 08 26 24 Nan Nan Nan 1101011010 1100010010 1100101110 10000000110 10000110110 1100000101 1100111001 1111011111 1100000111 1101100000 1011011000 1100000001 10000010010 10000111001 1100010011 1100000011 1100000111 1100000011 22.875 50.805 1000.0 150671 16 -126 11 60 51 3 $GNGGA,082624.00,,,,,0,00,99.9,,,,,,*4B
151 08 26 25 Nan Nan Nan 1101011010 1100010100 1100101110 10000001111 10000111010 1100000000 1100111100 1111100010 1100000000 1101100000 1011010111 1100000011 10000011000 10000111110 1100010110 1100000101 1100000100 1011111011 22.875 50.652 1000.0 151670 17 -127 11 59 51 3 $GNGGA,082625.00,,,,,0,00,99.9,,,,,,*4A
152 08 26 26 Nan Nan Nan 1101011010 1100010011 1100101100 10000001001 10000111011 1100000111 1100111110 1111011111 1100001001 1101100000 1011011001 1100000011 10000011011 10000111100 1100010011 1100000001 1100001000 1011111111 22.875 50.614 1000.0 152670 16 -127 11 59 52 3 $GNGGA,082626.00,,,,,0,00,99.9,,,,,,*49
153 08 26 27 Nan Nan Nan 1101011010 1100010010 1100101110 10000000100 10000111000 1011111010 1100110101 1111011110 1100000010 1101100000 1011011011 1100000011 10000011110 10000111110 1100010100 1100000011 1100000001 1011111010 22.938 50.660 1000.0 153668 17 -126 10 59 51 4 $GNGGA,082627.00,,,,,0,00,99.9,,,,,,*48
154 08 26 28 Nan Nan Nan 1101011010 1100010011 1100101111 10000000110 10000111001 1100000100 1100111101 1111011011 1100000001 1101100000 1011010110 1100000010 10000011110 10000111100 1100010111 1100000110 1100001110 1011111111 22.875 50.744 1000.0 154667 17 -125 11 59 50 4 $GNGGA,082628.00,,,,,0,00,99.9,,,,,,*47
155 08 26 29 Nan Nan Nan 1101011010 1100010100 1100101111 10000000010 10000110110 1100000111 1100111111 1111100001 1011111101 1101100000 1011011010 1100000011 10000011010 10000111110 1100010000 1100000101 1100001001 1100000000 22.938 50.728 1000.0 155666 18 -126 10 59 51 4 $GNGGA,082629.00,,,,,0,00,99.9,,,,,,*46
156 08 26 30 Nan Nan Nan 1101011010 1100010011 1100101110 1111111111 10000111000 1011111111 1100110111 1111011011 1100000011 1101100000 1011011010 1100000100 10000011010 10000111101 1100010011 1100000110 1100001111 1100000000 22.875 50.751 1000.0 156664 16 -126 12 59 50 4 $GNGGA,082630.00,,,,,0,00,99.9,,,,,,*4E
157 08 26 31 Nan Nan Nan 1101011011 1100010010 1100101111 10000001000 10000111010 1011111100 1100110010 1111100001 1100000000 1101100000 1011011001 1100000010 10000011000 10000111100 1100011000 1100000011 1100000011 1011111010 22.875 50.850 1000.0 157665 16 -126 11 59 51 4 $GNGGA,082631.00,,,,,0,00,99.9,,,,,,*4F
158 08 26 32 Nan Nan Nan 1101011010 1100010101 1100101111 10000000111 10000111010 1100001010 1101000010 1111011001 1011111001 1101100000 1011011011 1100000100 10000100001 10000111111 1100010000 1011111111 1100001110 1100000010 22.938 50.683 1000.0 158662 18 -126 10 60 50 4 $GNGGA,082632.00,,,,,0,00,99.9,,,,,,*4C
159 08 26 33 Nan Nan Nan 1101011010 1100010001 1100101110 10000000110 10000111000 1100000001 1100111001 1111100011 1100000110 1101100000 1011010111 1100000100 10000010101 10000111110 1100010000 1100000010 1100001011 1011111011 22.875 50.622 1000.0 159663 16 -126 10 58 51 5 $GNGGA,082633.00,,,,,0,00,99.9,,,,,,*4D
160 08 26 34 Nan Nan Nan 1101011010 1100010100 1100110001 10000010000 10000111100 1100000000 1100111010 1111100100 1100000011 1101100000 1011011001 1100000011 10000011010 10000111110 1100010011 1100000001 1100001000 1100000001 22.938 50.713 1000.0 160661 17 -127 11 60 51 3 $GNGGA,082634.00,,,,,0,00,99.9,,,,,,*4A
161 08 26 35 Nan Nan Nan 1101011010 1100010100 1100110001 10000001101 10000111011 1011111001 1100110111 1111100010 1100000001 1101100000 1011010100 1100000001 10000011001 10000111101 1100001110 1100000101 1100001100 1100000011 22.875 50.751 1000.0 161660 16 -127 12 59 51 3 $GNGGA,082635.00,,,,,0,00,99.9,,,,,,*4B
162 08 26 36 Nan Nan Nan 1101011010 1100010101 1100101101 10000000110 10000110101 1011111111 1100111010 1111100110 1100001000 1101100000 1011010101 1100000010 10000011110 10000111100 1100010101 1100001001 1100001101 1100000011 22.875 50.850 1000.0 162659 16 -126 10 58 52 4 $GNGGA,082636.00,,,,,0,00,99.9,,,,,,*48
163 08 26 37 Nan Nan Nan 1101011010 1100010110 1100101110 10000001011 10000111101 1011111111 1100110110 1111100101 1100001000 1101100000 1011011000 1100000011 10000011100 10000111101 1100010101 1100000101 1100001111 1100000110 22.875 50.782 1000.0 163658 17 -127 11 59 51 3 $GNGGA,082637.00,,,,,0,00,99.9,,,,,,*49
164 08 26 38 Nan Nan Nan 1101011010 1100010100 1100101110 10000001010 10000110111 1100000010 1100111000 1111100010 1011111111 1101100000 1011011100 1100000011 10000011100 10000111111 1100010101 1100000100 1100001001 1011111110 22.875 50.660 1000.0 164657 17 -126 10 58 52 4 $GNGGA,082638.00,,,,,0,00,99.9,,,,,,*46
165 08 26 39 Nan Nan Nan 1101011010 1100010011 1100101100 10000001100 10000111100 1011111100 1100101111 1111011001 1011110111 1101100000 1011011100 1100000100 10000010111 10000111010 1100010001 1011111110 1100001110 1011111011 22.938 50.843 1000.0 165656 17 -127 11 60 51 3 $GNGGA,082639.00,,,,,0,00,99.9,,,,,,*47
166 08 26 40 Nan Nan Nan 1101011010 1100010100 1100101110 10000001001 10000111010 1100000001 1100111101 1111011100 1011111001 1101100000 1011011011 1100000011 10000011110 10000111110 1100010110 1100000010 1100000111 1011111111 22.875 51.049 1000.0 166656 16 -125 12 59 51 3 $GNGGA,082640.00,,,,,0,00,99.9,,,,,,*49
167 08 26 41 Nan Nan Nan 1101011010 1100010100 1100101110 10000010000 10000111010 1100000001 1100110100 1111100100 1100000010 1101100000 1011011010 1100000100 10000011101 10000111110 1100010111 1100001011 1100001101 1100000110 22.938 51.209 1000.0 167654 17 -126 11 60 50 4 $GNGGA,082641.00,,,,,0,00,99.9,,,,,,*48
168 08 26 42 Nan Nan Nan 1101011010 1100010100 1100110000 10000001100 10000111001 1011111110 1100111000 1111011111 1011111110 1101100000 1011011011 1100000110 10000011000 10000111101 1100010110 1100000010 1100010010 1100001000 22.875 51.186 1000.0 168653 16 -127 12 59 51 3 $GNGGA,082642.00,,,,,0,00,99.9,,,,,,*4B
169 08 26 43 Nan Nan Nan 1101011010 1100010100 1100110000 10000001011 10000111101 1100000000 1100110111 1111011111 1011111101 1101100000 1011011001 1100000010 10000011001 10000111111 1100010110 1100000100 1100000100 1011111000 22.938 51.262 1000.0 169653 16 -126 11 59 52 3 $GNGGA,082643.00,,,,,0,00,99.9,,,,,,*4A
170 08 26 44 Nan Nan Nan 1101011010 1100010100 1100101111 10000001101 10000111010 1011111100 1100110001 1111100101 1100000110 1101100000 1011011000 1100000000 10000011111 10000111110 1100010011 1100000001 1100001100 1100000010 22.938 51.049 1000.0 170652 17 -127 11 60 51 3 $GNGGA,082644.00,,,,,0,00,99.9,,,,,,*4D
171 08 26 45 Nan Nan Nan 1101011010 1100010011 1100110000 10000001100 10000111010 1011111100 1100110011 1111101011 1100001000 1101100000 1011010110 1100000010 10000011011 10000111101 1100010111 1100000100 1100001110 1100000001 22.875 50.889 1000.0 171650 16 -125 12 59 50 4 $GNGGA,082645.00,,,,,0,00,99.9,,,,,,*4C
172 08 26 46 Nan Nan Nan 1101011010 1100010101 1100110000 10000001011 10000111011 1100000101 1101000000 1111100000 1100001100 1101100000 1011010111 1100000000 10000011110 10000111101 1100010000 1100000000 1100001010 1100000010 22.938 50.767 1000.0 172649 18 -126 10 59 51 4 $GNGGA,082646.00,,,,,0,00,99.9,,,,,,*4F
173 08 26 47 Nan Nan Nan 1101011010 1100010100 1100101011 10000001110 10000111011 1100000100 1100111110 1111100011 1100000000 1101100000 1011011010 1100000011 10000100011 10001000000 1100011001 1100000110 1100001100 1100000011 22.875 50.957 1000.0 173650 16 -126 12 59 51 3 $GNGGA,082647.00,,,,,0,00,99.9,,,,,,*4E
174 08 26 48 Nan Nan Nan 1101011010 1100010110 1100110001 10000010011 10000111010 1011111101 1100110101 1111100010 1011111110 1101100000 1011010110 1100000001 10000011100 10000111110 1100010111 1100000111 1100001111 1100000010 22.875 50.995 1000.0 174648 17 -126 10 58 52 4 $GNGGA,082648.00,,,,,0,00,99.9,,,,,,*41
175 08 26 49 Nan Nan Nan 1101011010 1100010010 1100101110 10000000111 10000110111 1100000011 1100111011 1111011111 1011111100 1101100000 1011011011 1100000101 10000011110 10000111101 1100010100 1100000011 1100000001 1011111001 22.938 50.965 1000.0 175647 17 -127 11 59 51 3 $GNGGA,082649.00,,,,,0,00,99.9,,,,,,*40
176 08 26 50 Nan Nan Nan 1101011010 1100010011 1100101111 10000001001 10000111000 1011111111 1100111100 1111100000 1100000010 1101100000 1011010101 1100000000 10000011110 10000111110 1100010101 1100000011 1100000110 1011111110 22.875 50.957 999.99 176646 16 -127 11 59 52 3 $GNGGA,082650.00,,,,,0,00,99.9,,,,,,*48
177 08 26 51 Nan Nan Nan 1101011010 1100010011 1100101100 10000001010 10000111010 1100000011 1100111111 1111100010 1100000100 1101100000 1011011010 1100000001 10000011100 10000111101 1100010111 1100000101 1100001001 1100000000 22.938 51.011 1000.0 177645 17 -126 11 60 50 4 $GNGGA,082651.00,,,,,0,00,99.9,,,,,,*49
178 08 26 52 Nan Nan Nan 1101011010 1100010010 1100101111 10000001110 10000111010 1100000100 1100111110 1111100010 1100000011 1101100000 1011011011 1100000011 10000011101 10000111101 1100010011 1100000100 1100000110 1100000111 22.875 51.018 1000.0 178642 16 -127 12 59 51 3 $GNGGA,082652.00,,,,,0,00,99.9,,,,,,*4A
179 08 26 53 Nan Nan Nan 1101011010 1100010101 1100101101 10000010010 10000111010 1100000110 1100111110 1111100100 1100000110 1101100000 1011010111 1100000001 10000011110 10000111101 1100010101 1100000001 1100001001 1100000011 22.938 51.041 1000.0 179642 16 -126 11 60 50 4 $GNGGA,082653.00,,,,,0,00,99.9,,,,,,*4B
180 08 26 54 Nan Nan Nan 1101011010 1100010100 1100110000 10000001111 10000110111 1011111010 1100110010 1111101100 1100001100 1101100000 1011011000 1100000010 10000011001 10000111101 1100010001 1100000000 1100001011 1100000101 22.938 50.980 999.99 180641 17 -127 11 59 51 3 $GNGGA,082654.00,,,,,0,00,99.9,,,,,,*4C
181 08 26 55 Nan Nan Nan 1101011010 1100010011 1100101111 10000001000 10000111001 1011111100 1100110110 1111101011 1100001111 1101100000 1011011000 1100000010 10000011101 10000111110 1100011010 1100000010 1100000100 1011111110 22.875 50.881 999.99 181640 16 -126 11 59 51 4 $GNGGA,082655.00,,,,,0,00,99.9,,,,,,*4D
182 08 26 56 Nan Nan Nan 1101011010 1100010101 1100110000 10000000110 10000110111 1100000010 1100110111 1111101111 1100010001 1101100000 1011011010 1100000110 10000011101 10000111100 1100010000 1100000100 1100010010 1100000110 22.938 50.843 999.99 182639 18 -126 10 59 51 4 $GNGGA,082656.00,,,,,0,00,99.9,,,,,,*4E
183 08 26 57 Nan Nan Nan 1101011010 1100010110 1100101110 10000000111 10000111000 1100000010 1100111111 1111100100 1011111011 1101100000 1011010111 1100000010 10000100011 10000111111 1100010110 1100000000 1100001011 1011111100 22.938 50.759 999.99 183639 16 -126 12 59 51 3 $GNGGA,082657.00,,,,,0,00,99.9,,,,,,*4F
184 08 26 58 Nan Nan Nan 1101011010 1100010100 1100101101 10000001001 10000110111 1100000011 1100111100 1111100100 1011111000 1101100000 1011011000 1100000001 10000011100 10000111111 1100010011 1100000010 1100010000 1100000101 22.938 50.728 1000.0 184637 17 -126 10 59 51 4 $GNGGA,082658.00,,,,,0,00,99.9,,,,,,*40
185 08 26 59 Nan Nan Nan 1101011010 1100010101 1100101110 10000010001 10000111100 1100000001 1100111111 1111100000 1011111110 1101100000 1011011000 1100000011 10000100011 10001000000 1100011001 1100000101 1100001100 1100000001 22.938 50.721 999.98 185636 17 -126 11 58 51 4 $GNGGA,082659.00,,,,,0,00,99.9,,,,,,*41
186 08 27 00 Nan Nan Nan 1101011010 1100010100 1100110001 10000001101 10000111100 1011111010 1100111000 1111100001 1011111011 1101100000 1011011001 1100000100 10000011010 10000111101 1100010111 1100000011 1100001011 1011111110 22.938 50.774 999.99 186635 16 -126 11 59 51 4 $GNGGA,082700.00,,,,,0,00,99.9,,,,,,*4C
187 08 27 01 Nan Nan Nan 1101011010 1100010101 1100101111 10000001100 10000111000 1100000001 1101000001 1111100011 1011111101 1101100000 1011011010 1100000011 10000011001 10000111011 1100010110 1100000101 1100001101 1011111111 22.938 51.041 999.98 187635 17 -127 11 60 51 3 $GNGGA,082701.00,,,,,0,00,99.9,,,,,,*4D
188 08 27 02 Nan Nan Nan 1101011010 1100010010 1100101101 10000001111 10000111100 1100000001 1100111011 1111011101 1011110101 1101100000 1011010101 1100000000 10000011110 10000111111 1100010001 1011111111 1100001010 1011111101 22.875 51.087 999.98 188634 16 -126 10 58 51 5 $GNGGA,082702.00,,,,,0,00,99.9,,,,,,*4E
189 08 27 03 Nan Nan Nan 1101011010 1100010011 1100101101 10000001001 10000111010 1011111110 1100111000 1111100000 1011101101 1101100000 1011011010 1100000011 10000010111 10000111101 1100001111 1100000010 1100000111 1011111100 22.938 50.988 999.99 189632 17 -127 11 60 51 3 $GNGGA,082703.00,,,,,0,00,99.9,,,,,,*4F
190 08 27 04 Nan Nan Nan 1101011010 1100010110 1100101111 10000000110 10000111010 1011111111 1100111001 1111100101 1011111111 1101100000 1011011010 1100000011 10000100010 10001000000 1100010011 1100000100 1100001101 1100000011 22.938 50.973 999.98 190631 17 -126 11 59 50 4 $GNGGA,082704.00,,,,,0,00,99.9,,,,,,*48
191 08 27 05 Nan Nan Nan 1101011010 1100010011 1100110010 10000001101 10000111010 1100000010 1100110111 1111100010 1011111111 1101100000 1011011001 1100000100 10000011010 10000111110 1100010010 1011111101 1100001101 1011111110 22.875 51.285 999.99 191631 16 -126 11 60 50 4 $GNGGA,082705.00,,,,,0,00,99.9,,,,,,*49
192 08 27 06 Nan Nan Nan 1101011010 1100010001 1100101110 10000001101 10000111100 1011111100 1100110111 1111101000 1100000010 1101100000 1011010101 1011111111 10000011101 10001000000 1100010110 1100000100 1100010011 1100000011 22.938 51.339 999.99 192629 18 -126 10 58 51 4 $GNGGA,082706.00,,,,,0,00,99.9,,,,,,*4A
193 08 27 07 Nan Nan Nan 1101011010 1100010011 1100101100 10000001000 10000111000 1100000001 1100111001 1111100011 1100000110 1101100000 1011011010 1100000011 10000100000 10000111111 1100011000 1100000010 1100000110 1011111110 22.938 51.247 1000.0 193629 17 -126 10 59 51 4 $GNGGA,082707.00,,,,,0,00,99.9,,,,,,*4B
194 08 27 08 Nan Nan Nan 1101011010 1100010101 1100101111 10000001101 10000111010 1011111110 1100111010 1111100001 1100001010 1101100000 1011010100 1011111111 10000011100 10000111111 1100001110 1100000110 1100000101 1011111001 22.938 51.240 1000.0 194627 17 -126 11 60 50 4 $GNGGA,082708.00,,,,,0,00,99.9,,,,,,*44
195 08 27 09 Nan Nan Nan 1101011010 1100010110 1100110001 10000001110 10000111001 1100000010 1100111100 1111011100 1100000110 1101100000 1011010110 1011111111 10000011110 10000111101 1100010011 1100000010 1100001100 1011111010 22.938 51.331 1000.0 195627 16 -125 12 59 50 4 $GNGGA,082709.00,,,,,0,00,99.9,,,,,,*45
196 08 27 10 Nan Nan Nan 1101011010 1100010011 1100101101 10000001101 10000111011 1100000101 1100111001 1111011111 1100001001 1101100000 1011011011 1100000000 10000010100 10000111101 1100010100 1100000100 1100000111 1011111111 22.938 51.354 1000.0 196626 17 -126 11 60 50 4 $GNGGA,082710.00,,,,,0,00,99.9,,,,,,*4D
197 08 27 11 Nan Nan Nan 1101011010 1100010100 1100101110 10000001111 10000111011 1011111000 1100110010 1111100000 1100000010 1101100000 1011011001 1100000100 10000011010 10000111100 1100011000 1100000010 1100000011 1011110110 22.938 51.209 1000.0 197624 17 -126 11 58 51 4 $GNGGA,082711.00,,,,,0,00,99.9,,,,,,*4C
198 08 27 12 Nan Nan Nan 1101011010 1100010001 1100110000 10000001111 10000111011 1100000101 1100110100 1111101001 1100001000 1101100000 1011010111 1100000011 10000011011 10000111100 1100011011 1100001100 1100010000 1100000010 22.938 51.262 1000.0 198624 16 -127 11 59 52 3 $GNGGA,082712.00,,,,,0,00,99.9,,,,,,*4F
199 08 27 13 Nan Nan Nan 1101011010 1100010010 1100101110 10000001001 10000111010 1100000100 1100111111 1111100100 1100001001 1101100000 1011011000 1100000001 10000100001 10000111101 1100010011 1100000011 1100001001 1011111100 22.938 51.255 1000.0 199622 17 -126 11 60 50 4 $GNGGA,082713.00,,,,,0,00,99.9,,,,,,*4E
200 08 27 14 Nan Nan Nan 1101011010 1100010101 1100101111 10000001001 10000111011 1100000011 1100111001 1111101010 1100001000 1101100000 1011011000 1100000001 10000011100 10000111101 1100011001 1100000110 1100001000 1100000000 22.938 51.064 1000.0 200622 16 -127 11 59 51 4 $GNGGA,082714.00,,,,,0,00,99.9,,,,,,*49
201 08 27 15 Nan Nan Nan 1101011010 1100010001 1100101100 10000001100 10000111100 1100000010 1100111001 1111100111 1100001111 1101100000 1011011100 1100000010 10000010101 10000111101 1100010100 1100000100 1100001101 1100000011 22.938 51.003 1000.0 201621 17 -127 11 60 51 3 $GNGGA,082715.00,,,,,0,00,99.9,,,,,,*48
202 08 27 16 Nan Nan Nan 1101011010 1100010011 1100101111 10000000110 10000111000 1100000000 1100111011 1111011101 1100000010 1101100000 1011010110 1100000011 10000011010 10000111110 1100010111 1100000000 1100001010 1011111101 22.938 51.056 999.99 202619 17 -126 11 59 50 4 $GNGGA,082716.00,,,,,0,00,99.9,,,,,,*4B
203 08 27 17 Nan Nan Nan 1101011010 1100010010 1100101101 10000001011 10000111001 1100000010 1100110101 1111011111 1011111110 1101100000 1011011001 1100000100 10000011101 10000111110 1100010100 1100000011 1100001101 1011111101 22.938 51.041 999.99 203619 16 -127 11 59 52 3 $GNGGA,082717.00,,,,,0,00,99.9,,,,,,*4A
204 08 27 18 Nan Nan Nan 1101011010 1100010011 1100101110 10000010000 10000111010 1011111101 1100110111 1111011010 1100000000 1101100000 1011010111 1100000011 10000011010 10000111110 1100010010 1100000010 1100001111 1100000010 22.938 50.965 999.99 204618 17 -126 11 59 50 4 $GNGGA,082718.00,,,,,0,00,99.9,,,,,,*45
205 08 27 19 Nan Nan Nan 1101011010 1100010101 1100101111 10000001011 10000111010 1100000010 1100111100 1111011011 1100000101 1101100000 1011011000 1100000100 10000010111 10000111110 1100011001 1100000100 1100010011 1100000010 22.938 50.980 999.99 205618 16 -126 11 59 51 4 $GNGGA,082719.00,,,,,0,00,99.9,,,,,,*44
206 08 27 20 Nan Nan Nan 1101011010 1100010110 1100110011 10000001111 10000111011 1011111101 1100110000 1111100111 1100000010 1101100000 1011011011 1100000100 10000011111 10000111110 1100010100 1100000110 1100001101 1100001010 22.938 50.980 999.99 206616 17 -126 10 59 51 4 $GNGGA,082720.00,,,,,0,00,99.9,,,,,,*4E
207 08 27 21 Nan Nan Nan 1101011010 1100010011 1100110000 10000001001 10000111000 1011111111 1100111000 1111100000 1100000100 1101100000 1011011011 1100000011 10000100000 10000111111 1100010010 1100000101 1100001111 1100001001 22.938 50.973 999.98 207614 16 -127 12 59 51 3 $GNGGA,082721.00,,,,,0,00,99.9,,,,,,*4F
208 08 27 22 Nan Nan Nan 1101011010 1100010010 1100101100 10000000111 10000111001 1100000011 1100111001 1111011010 1011111110 1101100000 1011011001 1100000001 10000011101 10000111111 1100010010 1100000101 1100000011 1011111011 22.938 50.957 999.99 208614 17 -126 11 60 50 4 $GNGGA,082722.00,,,,,0,00,99.9,,,,,,*4C
209 08 27 23 Nan Nan Nan 1101011010 1100010010 1100101110 10000000101 10000111001 1100000000 1100111000 1111100101 1100001100 1101100000 1011011010 1100000011 10000100001 10000111110 1100010101 1100000110 1100001100 1100000110 22.938 50.889 1000.0 209613 16 -127 12 59 51 3 $GNGGA,082723.00,,,,,0,00,99.9,,,,,,*4D
210 08 27 24 Nan Nan Nan 1101011010 1100010010 1100101100 10000000100 10000111000 1100000011 1100111101 1111100011 1100001010 1101100000 1011011001 1100000101 10000011010 10000111011 1100010100 1100000111 1100000110 1100000010 22.938 50.721 999.99 210613 16 -126 11 59 51 4 $GNGGA,082724.00,,,,,0,00,99.9,,,,,,*4A
211 08 27 25 Nan Nan Nan 1101011010 1100010101 1100110001 10000001110 10000111011 1100000010 1100111001 1111100111 1100010001 1101100000 1011011001 1100000100 10000010111 10000111110 1100010110 1100001001 1100000000 1011110101 22.938 50.713 999.99 211610 17 -127 11 60 51 3 $GNGGA,082725.00,,,,,0,00,99.9,,,,,,*4B
212 08 27 26 Nan Nan Nan 1101011010 1100010011 1100101111 10000001010 10000111010 1100000010 1100111011 1111011101 1011111111 1101100000 1011010101 1100000010 10000011101 10000111111 1100010111 1100000100 1100001010 1100000000 22.938 50.675 999.99 212610 16 -126 11 59 50 5 $GNGGA,082726.00,,,,,0,00,99.9,,,,,,*48
213 08 27 27 Nan Nan Nan 1101011010 1100010011 1100101011 10000001001 10000110111 1011111110 1100110111 1111011100 1011111011 1101100000 1011010110 1100000001 10000011100 10000111110 1100010010 1100000101 1100000100 1100000000 22.938 50.698 999.98 213609 17 -127 11 60 51 3 $GNGGA,082727.00,,,,,0,00,99.9,,,,,,*49
214 08 27 28 Nan Nan Nan 1101011010 1100010101 1100110001 10000001011 10000111001 1011111110 1100110011 1111011000 1011111110 1101100000 1011010110 1100000010 10000011111 10000111110 1100010011 1100000011 1100010000 1100000100 22.938 50.660 999.98 214608 16 -127 12 59 51 3 $GNGGA,082728.00,,,,,0,00,99.9,,,,,,*46
215 08 27 29 Nan Nan Nan 1101011010 1100010011 1100101111 10000001001 10000111011 1100000001 1100111011 1111100101 1100001110 1101100000 1011011011 1100000100 10000011101 10000111110 1100010110 1100000111 1100010010 1100000011 22.938 50.751 999.99 215608 16 -127 11 59 52 3 $GNGGA,082729.00,,,,,0,00,99.9,,,,,,*47
216 08 27 30 Nan Nan Nan 1101011010 1100010101 1100110000 10000000110 10000111001 1100000010 1100111011 1111011110 1100000111 1101100000 1011011000 1100000010 10000011100 10000111110 1100010011 1100000100 1100000100 1100000100 22.938 50.705 999.99 216605 18 -126 10 59 51 4 $GNGGA,082730.00,,,,,0,00,99.9,,,,,,*4F
217 08 27 31 Nan Nan Nan 1101011010 1100010100 1100101110 10000001101 10000111011 1011111100 1100101110 1111011110 1100000000 1101100000 1011010111 1100000011 10000011101 10000111011 1100010011 1100000001 1100010010 1011111111 22.938 50.698 999.99 217605 16 -126 11 59 50 5 $GNGGA,082731.00,,,,,0,00,99.9,,,,,,*4E
218 08 27 32 Nan Nan Nan 1101011010 1100010110 1100101110 10000001011 10000111011 1100000011 1100111000 1111100111 1100001101 1101100000 1011010111 1100000100 10000100011 10000111101 1100010111 1100000101 1100010000 1011111111 22.938 50.698 999.97 218603 17 -127 11 60 51 3 $GNGGA,082732.00,,,,,0,00,99.9,,,,,,*4D
219 08 27 33 Nan Nan Nan 1101011010 1100010011 1100101111 10000001011 10000111100 1011111001 1100110101 1111100101 1100010010 1101100000 1011010111 1100000011 10000011100 10000111101 1100011001 1100000100 1100001110 1011111111 22.938 50.606 999.98 219603 16 -126 11 59 51 4 $GNGGA,082733.00,,,,,0,00,99.9,,,,,,*4C
220 08 27 34 Nan Nan Nan 1101011010 1100010010 1100101110 10000001010 10000111011 1100000011 1100110110 1111011011 1011111101 1101100000 1011010101 1100000010 10000011010 10000111101 1100010010 1100000011 1100001010 1011110110 22.938 50.515 999.98 220602 17 -126 10 59 51 4 $GNGGA,082734.00,,,,,0,00,99.9,,,,,,*4B
221 08 27 35 Nan Nan Nan 1101011010 1100010100 1100110000 10000000101 10000111100 1011111101 1100110100 1111011011 1011111100 1101100000 1011011010 1100000101 10000011000 10000111100 1100010100 1100000111 1100001010 1011111110 22.938 50.576 999.98 221601 17 -127 11 59 51 3 $GNGGA,082735.00,,,,,0,00,99.9,,,,,,*4A
222 08 27 36 Nan Nan Nan 1101011010 1100010010 1100101110 10000001011 10000111010 1011111110 1100110111 1111011011 1011110101 1101100000 1011010110 1100000100 10000011101 10000111110 1100010010 1100000011 1100001001 1100000000 22.938 50.698 1000.0 222600 17 -126 10 58 52 4 $GNGGA,082736.00,,,,,0,00,99.9,,,,,,*49
223 08 27 37 Nan Nan Nan 1101011010 1100010100 1100101101 10000001111 10000111010 1011111111 1100111101 1111011010 1011111010 1101100000 1011011000 1100000001 10000011111 10001000000 1100010011 1100000100 1100001100 1100000010 22.938 50.667 1000.0 223599 17 -126 11 60 50 4 $GNGGA,082737.00,,,,,0,00,99.9,,,,,,*48
224 08 27 38 Nan Nan Nan 1101011010 1100010010 1100101101 10000000111 10000111001 1011111111 1100111001 1111011110 1011111110 1101100000 1011011001 1100000011 10000011010 10000111110 1100010011 1100000111 1100001111 1011111001 22.938 50.614 1000.0 224598 16 -125 12 59 50 4 $GNGGA,082738.00,,,,,0,00,99.9,,,,,,*47
225 08 27 39 Nan Nan Nan 1101011010 1100010011 1100110000 10000001000 10000111010 1100001000 1101000000 1111100100 1100000110 1101100000 1011011000 1100000011 10000010101 10000111101 1100010111 1100000100 1100001111 1100000010 22.938 50.576 1000.0 225598 17 -127 11 60 51 3 $GNGGA,082739.00,,,,,0,00,99.9,,,,,,*46
226 08 27 40 Nan Nan Nan 1101011010 1100010011 1100101110 10000001101 10000111010 1100000010 1100111000 1111011111 1100000001 1101100000 1011010111 1100000000 10000010111 10000111100 1100010010 1100000101 1100001111 1011111111 22.938 50.744 1000.0 226596 16 -127 12 59 51 3 $GNGGA,082740.00,,,,,0,00,99.9,,,,,,*48
227 08 27 41 Nan Nan Nan 1101011010 1100011000 1100101111 10000001010 10000111001 1100000100 1100111001 1111100000 1100001001 1101100000 1011011000 1100000010 10000010111 10000111110 1100010110 1100000111 1100001010 1100000001 22.938 50.873 1000.0 227596 16 -127 11 59 52 3 $GNGGA,082741.00,,,,,0,00,99.9,,,,,,*49
228 08 27 42 Nan Nan Nan 1101011010 1100010010 1100101111 10000001011 10000111010 1100000011 1100111101 1111011110 1011111110 1101100000 1011011000 1100000010 10000011100 10000111111 1100010100 1100000001 1100001111 1100000011 22.938 50.835 1000.0 228595 17 -126 11 60 50 4 $GNGGA,082742.00,,,,,0,00,99.9,,,,,,*4A
229 08 27 43 Nan Nan Nan 1101011010 1100010011 1100101111 10000001011 10000111001 1100000000 1100111010 1111011100 1100000100 1101100000 1011011001 1100000011 10000011010 10000111101 1100010101 1100000010 1100000101 1100000000 22.938 50.728 1000.0 229593 16 -126 11 59 50 5 $GNGGA,082743.00,,,,,0,00,99.9,,,,,,*4B
230 08 27 44 Nan Nan Nan 1101011010 1100010101 1100101101 10000001111 10000111110 1100000010 1100111010 1111011011 1100000011 1101100000 1011011101 1100000100 10000011000 10000111101 1100010110 1100000100 1100010000 1100000101 22.938 50.683 1000.0 230593 17 -126 10 60 51 4 $GNGGA,082744.00,,,,,0,00,99.9,,,,,,*4C
231 08 27 45 Nan Nan Nan 1101011010 1100010101 1100110000 10000001110 10000111101 1100000001 1100110110 1111100011 1100000110 1101100000 1011011011 1100000011 10000011000 10000111100 1100010001 1100000001 1100001010 1011111111 22.938 50.767 1000.0 231591 16 -127 12 59 51 3 $GNGGA,082745.00,,,,,0,00,99.9,,,,,,*4D
232 08 27 46 Nan Nan Nan 1101011010 1100010100 1100101111 10000001010 10000111011 1100000011 1101000000 1111100100 1100001000 1101100000 1011011011 1100000010 10000011011 10000111110 1100010111 1100000001 1100001010 1100000001 22.938 50.736 1000.0 232591 16 -127 11 60 51 3 $GNGGA,082746.00,,,,,0,00,99.9,,,,,,*4E
