id HH MM SS longitude latitude altitude adc_1_ch0 adc_1_ch1 adc_1_ch2 adc_1_ch3 adc_1_ch4 adc_1_ch5 adc_1_ch6 adc_1_ch7 adc_1_ch8 adc_2_ch0 adc_2_ch1 adc_2_ch2 adc_2_ch3 adc_2_ch4 adc_2_ch5 adc_2_ch6 adc_2_ch7 adc_2_ch8 temp hum pres t_prog t_gps t_split t_adc t_temp t_hum t_pres trame_gga
1 08 33 47 Nan Nan Nan 1101011010 1100010100 1100101111 10000001000 10000111000 1100000100 1100111110 1111011100 1011111101 1101100000 1011011011 1100000011 10000011000 10000111110 1100010101 1100000011 1100010101 1100001100 22.938 50.835 795.83 2333 17 -7 11 60 51 3 $GNGGA,083347.00,,,,,0,00,99.9,,,,,,*4A
2 08 33 48 Nan Nan Nan 1101011011 1100010100 1100110000 10000001110 10000111011 1100000111 1100111110 1111011000 1100000101 1101100000 1011011000 1100000011 10000011110 10000111111 1100011000 1100001011 1100001100 1011111011 22.938 50.881 1000.0 3333 17 -8 10 59 50 5 $GNGGA,083348.00,,,,,0,00,99.9,,,,,,*45
3 08 33 49 Nan Nan Nan 1101011011 1100010110 1100110001 10000001110 10000111001 1100000101 1100111111 1111011111 1100000110 1101100001 1011010111 1100000000 10000011100 10000111101 1100011000 1100001000 1100001110 1011111001 22.938 50.995 1000.0 4331 17 -7 10 60 51 4 $GNGGA,083349.00,,,,,0,00,99.9,,,,,,*44
4 08 33 50 Nan Nan Nan 1101011011 1100010001 1100101100 10000001110 10000111010 1100000001 1100111110 1111011000 1011111100 1101100001 1011011000 1100000110 10000011010 10000111100 1100010010 1011111100 1100001101 1011111111 22.938 51.224 1000.0 5329 16 -7 12 59 51 3 $GNGGA,083350.00,,,,,0,00,99.9,,,,,,*4C
5 08 33 51 Nan Nan Nan 1101011011 1100010100 1100101110 10000010101 10000111111 1100000000 1100110110 1111011010 1100000011 1101100000 1011011011 1100000110 10000011101 10000111110 1100001101 1100000000 1100001100 1100000100 22.938 51.255 1000.0 6330 17 -7 10 59 51 4 $GNGGA,083351.00,,,,,0,00,99.9,,,,,,*4D
6 08 33 52 Nan Nan Nan 1101011011 1100010100 1100101111 10000001111 10000111011 1100000000 1100111000 1111011110 1100000001 1101100001 1011011010 1100000100 10000011100 10000111110 1100010100 1100001011 1100001110 1100000011 22.938 51.240 1000.0 7328 17 -7 11 59 51 3 $GNGGA,083352.00,,,,,0,00,99.9,,,,,,*4E
7 08 33 53 Nan Nan Nan 1101011011 1100010010 1100101111 10000000100 10000111001 1100000100 1100111110 1111011011 1100000001 1101100001 1011011000 1100000100 10000010110 10000111011 1100010111 1100001011 1100010010 1100000001 22.938 51.293 1000.0 8328 16 -7 11 59 52 3 $GNGGA,083353.00,,,,,0,00,99.9,,,,,,*4F
8 08 33 54 Nan Nan Nan 1101011011 1100010010 1100101110 10000001101 10000111001 1100000010 1100111100 1111011110 1100000101 1101100001 1011010111 1100000001 10000010110 10000111100 1100010010 1100000011 1100001100 1011111000 22.938 51.308 1000.0 9327 17 -7 10 60 51 4 $GNGGA,083354.00,,,,,0,00,99.9,,,,,,*48
9 08 33 55 Nan Nan Nan 1101011011 1100010100 1100101110 10000001111 10000111011 1100000110 1100111110 1111011100 1100001100 1101100000 1011011010 1100000100 10000011100 10000111110 1100010101 1100000100 1100001100 1100001010 22.938 51.293 1000.0 10326 16 -8 12 59 51 3 $GNGGA,083355.00,,,,,0,00,99.9,,,,,,*49
10 08 33 56 Nan Nan Nan 1101011011 1100010011 1100101111 10000001100 10000111010 1100000001 1100111101 1111011111 1100001010 1101100000 1011011000 1100000011 10000011111 10001000000 1100001110 1011111111 1100010101 1100001100 22.938 51.262 1000.0 11324 18 -7 10 59 51 4 $GNGGA,083356.00,,,,,0,00,99.9,,,,,,*4A
11 08 33 57 Nan Nan Nan 1101011011 1100010000 1100101100 10000001110 10000111011 1011111111 1100111010 1111100000 1011111111 1101100001 1011011010 1100000100 10000100000 10000111110 1100010110 1100000111 1100001010 1100000100 22.938 51.224 1000.0 12322 16 -7 11 58 51 4 $GNGGA,083357.00,,,,,0,00,99.9,,,,,,*4B
12 08 33 58 Nan Nan Nan 1101011011 1100010010 1100101110 10000010001 10000111101 1100000001 1100111001 1111100001 1100000010 1101100000 1011011010 1100000101 10000011110 10000111101 1100010110 1100000011 1100001011 1011111110 22.938 51.102 1000.0 13322 16 -7 11 59 52 3 $GNGGA,083358.00,,,,,0,00,99.9,,,,,,*44
13 08 33 59 Nan Nan Nan 1101011011 1100010001 1100101100 10000001011 10000111010 1100000000 1100111011 1111011101 1100000100 1101100000 1011011001 1100000001 10000011101 10000111101 1100010010 1100000111 1100001000 1011111100 22.938 51.102 1000.0 14321 17 -7 10 59 51 4 $GNGGA,083359.00,,,,,0,00,99.9,,,,,,*45
14 08 34 00 Nan Nan Nan 1101011010 1100010011 1100101111 10000010001 10000111000 1100000001 1100111011 1111011000 1011111010 1101100000 1011011101 1100000011 10000100010 10000111101 1100010100 1100000110 1100000110 1011111011 22.938 50.973 1000.0 15321 16 -8 10 58 51 5 $GNGGA,083400.00,,,,,0,00,99.9,,,,,,*4E
15 08 34 01 Nan Nan Nan 1101011011 1100010010 1100101111 10000001101 10000111011 1100000100 1100111000 1111100001 1100001010 1101100000 1011011101 1100000001 10000100100 10000111111 1100010101 1100000011 1100001010 1100000000 22.938 50.850 1000.0 16319 17 -7 11 60 51 3 $GNGGA,083401.00,,,,,0,00,99.9,,,,,,*4F
16 08 34 02 Nan Nan Nan 1101011011 1100010001 1100101111 10000001000 10000110110 1100000000 1100111110 1111011111 1100000001 1101100001 1011011110 1100000101 10000110000 10001000000 1100010100 1100000110 1100010001 1100000110 22.938 50.850 1000.0 17317 17 -7 11 58 51 4 $GNGGA,083402.00,,,,,0,00,99.9,,,,,,*4C
17 08 34 03 Nan Nan Nan 1101011011 1100010010 1100101101 10000001000 10000111010 1100000000 1100111111 1111011100 1100000001 1101100000 1011011011 1100000101 10000101010 10000111110 1100010011 1100000011 1100001111 1011111111 22.938 50.850 1000.0 18318 17 -7 10 60 50 4 $GNGGA,083403.00,,,,,0,00,99.9,,,,,,*4D
18 08 34 04 Nan Nan Nan 1101011011 1100010010 1100101111 10000001001 10000111010 1100000001 1100111001 1111100001 1100001001 1101100000 1011011101 1100000100 10000100000 10000111110 1100010000 1011111101 1100001011 1011111010 22.938 50.904 1000.0 19316 17 -7 11 59 51 3 $GNGGA,083404.00,,,,,0,00,99.9,,,,,,*4A
19 08 34 05 Nan Nan Nan 1101011011 1100010011 1100110000 10000001010 10000111011 1100000011 1100111001 1111011111 1100001010 1101100001 1011011010 1100000011 10000100101 10000111100 1100010010 1100000010 1100010000 1011111011 22.938 50.927 1000.0 20316 16 -8 11 59 52 3 $GNGGA,083405.00,,,,,0,00,99.9,,,,,,*4B
20 08 34 06 Nan Nan Nan 1101011011 1100010110 1100110000 10000001101 10000111100 1011111010 1100110001 1111100001 1100000110 1101100000 1011011011 1100000100 10000100110 10000111110 1100010101 1100000110 1100001000 1011111011 22.938 51.026 1000.0 21314 17 -7 10 59 51 4 $GNGGA,083406.00,,,,,0,00,99.9,,,,,,*48
21 08 34 07 Nan Nan Nan 1101011011 1100010110 1100110000 10000000110 10000111000 1100000001 1100111001 1111100000 1100001011 1101100001 1011010110 1100000010 10000100110 10000111111 1100010101 1100001001 1100000111 1011111001 22.938 51.041 1000.0 22312 17 -7 11 59 50 4 $GNGGA,083407.00,,,,,0,00,99.9,,,,,,*49
22 08 34 08 Nan Nan Nan 1101011010 1100010100 1100110000 10000001100 10000111010 1100000100 1100111101 1111100000 1100001000 1101100001 1011011010 1100000110 10000100111 10001000001 1100010111 1100000011 1100000111 1011111010 22.938 50.995 1000.0 23311 17 -7 10 60 50 4 $GNGGA,083408.00,,,,,0,00,99.9,,,,,,*46
23 08 34 09 Nan Nan Nan 1101011011 1100010100 1100101110 10000000101 10000111001 1100000101 1100111111 1111100100 1100001010 1101100000 1011011000 1100000001 10000011111 10000111100 1100010011 1100000100 1100010001 1100000111 22.938 50.973 1000.0 24311 16 -7 11 58 51 4 $GNGGA,083409.00,,,,,0,00,99.9,,,,,,*47
24 08 34 10 Nan Nan Nan 1101011011 1100010000 1100101101 10000001101 10000111100 1100000101 1100111101 1111101010 1100001010 1101100001 1011011000 1100000011 10000011111 10000111101 1100010101 1100000110 1100001111 1100000100 22.938 50.957 1000.0 25311 16 -7 11 59 51 4 $GNGGA,083410.00,,,,,0,00,99.9,,,,,,*4F
25 08 34 11 Nan Nan Nan 1101011011 1100010100 1100101101 10000001011 10000111100 1100000101 1100111111 1111011101 1100000001 1101100001 1011010101 1100000010 10000011100 10000111101 1100011100 1100001100 1100001101 1011111111 22.938 50.942 1000.0 26309 18 -7 10 60 50 4 $GNGGA,083411.00,,,,,0,00,99.9,,,,,,*4E
26 08 34 12 Nan Nan Nan 1101011011 1100010100 1100101111 10000000111 10000110110 1011111101 1100111011 1111011001 1100000001 1101100000 1011010110 1100000001 10000011110 10000111101 1100011010 1100001000 1100010000 1100000100 22.938 50.942 1000.0 27309 16 -8 12 59 51 3 $GNGGA,083412.00,,,,,0,00,99.9,,,,,,*4D
27 08 34 13 Nan Nan Nan 1101011011 1100010011 1100101111 10000000110 10000110111 1100000100 1100111100 1111100110 1100001010 1101100001 1011011000 1100000100 10000100000 10001000000 1100010010 1011111111 1100010000 1100000010 22.938 50.889 1000.0 28307 17 -7 10 59 51 4 $GNGGA,083413.00,,,,,0,00,99.9,,,,,,*4C
28 08 34 14 Nan Nan Nan 1101011011 1100010100 1100101110 10000010001 10000111101 1100000001 1100111010 1111100101 1100000010 1101100001 1011011000 1100000010 10000100100 10001000000 1100010111 1100000101 1100000101 1011111000 22.938 50.835 1000.0 29306 16 -7 12 59 51 3 $GNGGA,083414.00,,,,,0,00,99.9,,,,,,*4B
29 08 34 15 Nan Nan Nan 1101011011 1100010110 1100101111 10000001110 10000111010 1100000000 1100110111 1111100000 1011111100 1101100001 1011010111 1100000010 10000011000 10000111101 1100010110 1100001000 1100001011 1100000100 22.938 50.858 1000.0 30304 16 -6 11 59 51 4 $GNGGA,083415.00,,,,,0,00,99.9,,,,,,*4A
30 08 34 16 Nan Nan Nan 1101011011 1100010010 1100101101 10000001110 10000111000 1100000100 1100111001 1111011011 1011111110 1101100001 1011011000 1100000001 10000011110 10000111111 1100010011 1100000110 1100001001 1011111010 22.938 50.889 1000.0 31304 17 -6 11 60 50 4 $GNGGA,083416.00,,,,,0,00,99.9,,,,,,*49
31 08 34 17 Nan Nan Nan 1101011011 1100010101 1100110000 10000001111 10000111001 1100000100 1100110110 1111100101 1100000101 1101100001 1011010111 1100000011 10000011001 10000111100 1100010101 1100000101 1100010010 1100000011 22.938 50.965 1000.0 32304 16 -8 11 59 51 4 $GNGGA,083417.00,,,,,0,00,99.9,,,,,,*48
32 08 34 18 Nan Nan Nan 1101011011 1100010010 1100101100 10000000110 10000111001 1100001000 1101000001 1111100100 1011111101 1101100001 1011010111 1100000010 10000010101 10000111100 1100010110 1100000110 1100010001 1100000000 22.938 50.919 1000.0 33303 17 -7 11 60 51 3 $GNGGA,083418.00,,,,,0,00,99.9,,,,,,*47
33 08 34 19 Nan Nan Nan 1101011011 1100010011 1100101101 10000001110 10000111011 1100000010 1100111101 1111100100 1100000110 1101100000 1011011001 1100000110 10000010011 10000111100 1100010111 1100000110 1100010100 1100001000 22.938 50.881 1000.0 34300 16 -7 12 59 50 4 $GNGGA,083419.00,,,,,0,00,99.9,,,,,,*46
34 08 34 20 Nan Nan Nan 1101011011 1100010011 1100101101 10000001100 10000111011 1100000001 1100110111 1111100000 1011111110 1101100000 1011011001 1100000010 10000011000 10000111101 1100011011 1100000011 1100000111 1011111001 22.938 50.850 1000.0 35301 16 -7 11 60 51 3 $GNGGA,083420.00,,,,,0,00,99.9,,,,,,*4C
35 08 34 21 Nan Nan Nan 1101011011 1100010100 1100101110 10000001001 10000111011 1100001000 1100111111 1111100011 1100000010 1101100000 1011010110 1100000010 10000010010 10000111101 1100010000 1011111101 1100001001 1011111100 22.875 50.843 1000.0 36299 18 -7 10 59 50 4 $GNGGA,083421.00,,,,,0,00,99.9,,,,,,*4D
36 08 34 22 Nan Nan Nan 1101011011 1100010001 1100101100 10000001010 10000111100 1100000111 1101000010 1111011110 1100000010 1101100001 1011011000 1100000100 10000011001 10001000001 1100011011 1100001000 1100001000 1100000010 22.938 50.850 1000.0 37300 16 -7 11 59 52 3 $GNGGA,083422.00,,,,,0,00,99.9,,,,,,*4E
37 08 34 23 Nan Nan Nan 1101011011 1100010010 1100101111 10000001110 10000111010 1100000100 1100111010 1111100000 1100000101 1101100000 1011010011 1100000001 10000011011 10000111111 1100010111 1100001010 1100001011 1100000000 22.938 50.889 1000.0 38297 17 -7 11 60 51 3 $GNGGA,083423.00,,,,,0,00,99.9,,,,,,*4F
38 08 34 24 Nan Nan Nan 1101011011 1100010101 1100110000 10000010000 10000111011 1100000000 1100111100 1111011100 1011111110 1101100001 1011010101 1100000001 10000011101 10000111101 1100010101 1100000111 1100001001 1100000001 22.875 50.843 1000.0 39297 17 -8 11 59 50 4 $GNGGA,083424.00,,,,,0,00,99.9,,,,,,*48
39 08 34 25 Nan Nan Nan 1101011011 1100010101 1100101101 10000000111 10000111001 1100000011 1100111110 1111100000 1100000101 1101100001 1011010101 1100000010 10000011011 10000111110 1100010101 1100000011 1100001100 1100000111 22.938 50.835 1000.0 40295 17 -6 11 60 50 4 $GNGGA,083425.00,,,,,0,00,99.9,,,,,,*49
40 08 34 26 Nan Nan Nan 1101011011 1100010010 1100101111 10000001110 10000111100 1100000010 1100111011 1111011100 1100000010 1101100001 1011010100 1100000001 10000010100 10000111110 1100010110 1100000100 1100001100 1100000010 22.875 50.835 1000.0 41293 16 -6 12 59 50 4 $GNGGA,083426.00,,,,,0,00,99.9,,,,,,*4A
41 08 34 27 Nan Nan Nan 1101011011 1100010100 1100101111 10000001010 10000111011 1100000111 1101000000 1111011011 1100000100 1101100001 1011011000 1100000100 10000011001 10000111111 1100011001 1100000100 1100001100 1100000000 22.875 50.774 1000.0 42294 16 -7 11 59 52 3 $GNGGA,083427.00,,,,,0,00,99.9,,,,,,*4B
42 08 34 28 Nan Nan Nan 1101011011 1100010101 1100110010 10000001011 10000111001 1100000000 1100110110 1111011110 1100001010 1101100001 1011010100 1100000010 10000011001 10001000000 1100011010 1100000111 1100010000 1011111110 22.875 50.698 1000.0 43293 17 -7 11 60 51 3 $GNGGA,083428.00,,,,,0,00,99.9,,,,,,*44
43 08 34 29 Nan Nan Nan 1101011011 1100010011 1100101110 10000001001 10000111000 1100000000 1100111000 1111100000 1100000110 1101100001 1011011100 1100000110 10000010011 10000111110 1100010011 1100000110 1100001011 1011111100 22.938 50.675 1000.0 44292 16 -8 10 58 51 5 $GNGGA,083429.00,,,,,0,00,99.9,,,,,,*45
44 08 34 30 Nan Nan Nan 1101011011 1100010010 1100101011 10000000111 10000111011 1100000000 1100110010 1111100100 1100001011 1101100001 1011011000 1100000101 10000010010 10000111111 1100010101 1100000011 1100001011 1100000101 22.938 50.713 1000.0 45290 18 -7 10 60 50 4 $GNGGA,083430.00,,,,,0,00,99.9,,,,,,*4D
45 08 34 31 Nan Nan Nan 1101011011 1100010101 1100101111 10000001011 10000111100 1011111111 1100110110 1111011011 1011111011 1101100001 1011011000 1100000100 10000011000 10000111100 1100010011 1100000001 1100010000 1100000010 22.875 50.675 1000.0 46289 17 -7 11 59 50 4 $GNGGA,083431.00,,,,,0,00,99.9,,,,,,*4C
46 08 34 32 Nan Nan Nan 1101011011 1100010011 1100101101 10000001001 10000111011 1100000100 1100111110 1111100011 1100000010 1101100001 1011010101 1100000010 10000011011 10001000001 1100010101 1100000100 1100001110 1100000011 22.875 50.667 1000.0 47289 17 -7 10 60 50 4 $GNGGA,083432.00,,,,,0,00,99.9,,,,,,*4F
47 08 34 33 Nan Nan Nan 1101011011 1100010011 1100101111 10000001111 10000111000 1100000001 1100111011 1111100100 1100001110 1101100000 1011011001 1100000100 10000011000 10000111110 1100010011 1100000100 1100001000 1011111101 22.875 50.683 1000.0 48287 17 -7 10 58 51 4 $GNGGA,083433.00,,,,,0,00,99.9,,,,,,*4E
48 08 34 34 Nan Nan Nan 1101011011 1100010000 1100101011 10000010000 10000111010 1100000100 1100111011 1111011101 1011111001 1101100001 1011010101 1100000011 10000011010 10000111100 1100010010 1100000011 1100001100 1011111100 22.875 50.782 1000.0 49287 16 -6 11 59 51 4 $GNGGA,083434.00,,,,,0,00,99.9,,,,,,*49
49 08 34 35 Nan Nan Nan 1101011011 1100010011 1100110000 10000001000 10000111010 1100000010 1100111000 1111011101 1011111100 1101100000 1011010101 1100000000 10000010111 10000111101 1100010001 1100000111 1100001010 1100000010 22.875 50.843 1000.0 50285 17 -6 11 60 50 4 $GNGGA,083435.00,,,,,0,00,99.9,,,,,,*48
50 08 34 36 Nan Nan Nan 1101011011 1100010011 1100101110 10000000100 10000111001 1100000110 1100111011 1111011001 1011110110 1101100001 1011011001 1100000011 10000011011 10000111101 1100010101 1100001001 1100001011 1100000011 22.875 50.873 1000.0 51284 16 -7 12 59 50 4 $GNGGA,083436.00,,,,,0,00,99.9,,,,,,*4B
51 08 34 37 Nan Nan Nan 1101011011 1100010100 1100101110 10000001101 10000111011 1100000010 1100111000 1111100000 1011111111 1101100001 1011011000 1100000100 10000010110 10000111100 1100010101 1100000101 1100001111 1100000111 22.875 50.904 1000.0 52283 16 -7 10 59 51 4 $GNGGA,083437.00,,,,,0,00,99.9,,,,,,*4A
52 08 34 38 Nan Nan Nan 1101011011 1100010011 1100101101 10000001100 10000110110 1100000011 1100110111 1111011110 1100000100 1101100001 1011010011 1100000000 10000011000 10000111011 1100011000 1100000010 1100001111 1011111101 22.875 50.911 1000.0 53282 16 -7 11 58 51 4 $GNGGA,083438.00,,,,,0,00,99.9,,,,,,*45
53 08 34 39 Nan Nan Nan 1101011011 1100010100 1100110000 10000001111 10000111011 1100000000 1100111001 1111011100 1100000011 1101100001 1011010110 1100000011 10000011011 10000111110 1100010100 1100000100 1100001111 1011111111 22.875 50.896 1000.0 54282 16 -7 11 59 52 3 $GNGGA,083439.00,,,,,0,00,99.9,,,,,,*44
54 08 34 40 Nan Nan Nan 1101011011 1100010011 1100110001 10000001111 10000111010 1100000000 1100110111 1111011100 1100000010 1101100001 1011011001 1100000100 10000011011 10000111110 1100010111 1100000100 1100001110 1100000000 22.875 50.934 1000.0 55280 17 -6 11 60 50 4 $GNGGA,083440.00,,,,,0,00,99.9,,,,,,*4A
55 08 34 41 Nan Nan Nan 1101011011 1100010110 1100101110 10000001110 10000111100 1100000011 1100110101 1111011101 1100000010 1101100001 1011010111 1011111111 10000011011 10000111110 1100010101 1100000101 1100010000 1100001001 22.875 50.950 1000.0 56280 16 -7 11 59 50 5 $GNGGA,083441.00,,,,,0,00,99.9,,,,,,*4B
56 08 34 42 Nan Nan Nan 1101011011 1100010100 1100101111 10000000111 10000110111 1100000100 1100110111 1111011100 1100000010 1101100001 1011010111 1100000011 10000011100 10000111110 1100010100 1100000011 1100001101 1100000110 22.875 51.049 1000.0 57278 18 -7 10 60 50 4 $GNGGA,083442.00,,,,,0,00,99.9,,,,,,*48
57 08 34 43 Nan Nan Nan 1101011011 1100010001 1100101100 10000000011 10000110101 1100000100 1100111001 1111011001 1100001001 1101100001 1011011010 1100000010 10000010111 10000111111 1100010100 1100000011 1100000111 1100000001 22.875 50.973 1000.0 58278 16 -7 12 59 51 3 $GNGGA,083443.00,,,,,0,00,99.9,,,,,,*49
58 08 34 44 Nan Nan Nan 1101011011 1100010001 1100101110 10000001111 10000111101 1011111100 1100111000 1111100000 1100001000 1101100001 1011010111 1100000011 10000010100 10000111011 1100010110 1100000100 1100001011 1011111101 22.875 50.911 1000.0 59277 16 -6 11 59 51 4 $GNGGA,083444.00,,,,,0,00,99.9,,,,,,*4E
59 08 34 45 Nan Nan Nan 1101011011 1100010011 1100101101 10000000101 10000111011 1100000001 1100111011 1111100010 1100000011 1101100001 1011010110 1100000000 10000011100 10000111110 1100010100 1100000011 1100001100 1011110111 22.875 50.889 1000.0 60276 17 -7 10 58 51 4 $GNGGA,083445.00,,,,,0,00,99.9,,,,,,*4F
60 08 34 46 Nan Nan Nan 1101011011 1100010101 1100110010 10000000100 10000111001 1011111011 1100110100 1111010110 1011111101 1101100001 1011010111 1100000011 10000011011 10000111110 1100010100 1100000010 1100001111 1011111110 22.875 51.003 1000.0 61275 16 -8 11 59 50 5 $GNGGA,083446.00,,,,,0,00,99.9,,,,,,*4C
61 08 34 47 Nan Nan Nan 1101011011 1100010011 1100110000 10000001000 10000111000 1100000100 1100111011 1111011011 1100000110 1101100001 1011011001 1100000100 10000011000 10000111110 1100010000 1100000010 1100001010 1100000001 22.875 51.087 1000.0 62274 17 -7 11 60 50 4 $GNGGA,083447.00,,,,,0,00,99.9,,,,,,*4D
62 08 34 48 Nan Nan Nan 1101011011 1100010010 1100101111 10000010000 10000111011 1100000000 1100110111 1111011001 1100000011 1101100000 1011010110 1100000001 10000011001 10000111110 1100010110 1100000110 1100001010 1100000001 22.875 51.178 1000.0 63272 16 -7 12 59 51 3 $GNGGA,083448.00,,,,,0,00,99.9,,,,,,*42
63 08 34 49 Nan Nan Nan 1101011011 1100010101 1100110001 10000001010 10000111000 1100000011 1100111000 1111011010 1011111001 1101100001 1011010101 1011111111 10000011010 10000111110 1100011000 1100000110 1100010100 1100001001 22.875 51.148 1000.0 64273 16 -7 11 60 51 3 $GNGGA,083449.00,,,,,0,00,99.9,,,,,,*43
64 08 34 50 Nan Nan Nan 1101011011 1100010011 1100101111 10000000110 10000111100 1100000001 1100101110 1111100001 1100001010 1101100001 1011011001 1100000100 10000011101 10001000000 1100010110 1100000001 1100001010 1100000100 22.875 51.148 1000.0 65271 16 -7 12 59 51 3 $GNGGA,083450.00,,,,,0,00,99.9,,,,,,*4B
65 08 34 51 Nan Nan Nan 1101011011 1100010100 1100101111 10000000101 10000111100 1100000100 1100111011 1111011111 1100001000 1101100000 1011010111 1100000000 10000011101 10001000000 1100011010 1100000010 1100010011 1100000101 22.875 51.148 1000.0 66270 16 -7 10 58 52 4 $GNGGA,083451.00,,,,,0,00,99.9,,,,,,*4A
66 08 34 52 Nan Nan Nan 1101011011 1100010100 1100101111 10000000111 10000111001 1100000100 1100111001 1111011111 1100000100 1101100001 1011011011 1100000011 10000011100 10000111111 1100011010 1100000110 1100001001 1011110111 22.875 51.217 1000.0 67268 17 -6 11 60 50 4 $GNGGA,083452.00,,,,,0,00,99.9,,,,,,*49
67 08 34 53 Nan Nan Nan 1101011011 1100010111 1100101111 10000000111 10000111001 1100000000 1100110110 1111011110 1100000011 1101100001 1011010111 1100000010 10000011010 10000111111 1100010101 1100000101 1100001110 1100000100 22.875 51.308 1000.0 68269 16 -8 12 59 51 3 $GNGGA,083453.00,,,,,0,00,99.9,,,,,,*48
68 08 34 54 Nan Nan Nan 1101011011 1100010011 1100101100 10000000010 10000111010 1100000010 1100111110 1111011000 1011111111 1101100001 1011011010 1100000100 10000100000 10000111111 1100010100 1100000110 1100001000 1011111100 22.875 51.484 1000.0 69267 17 -7 11 60 51 3 $GNGGA,083454.00,,,,,0,00,99.9,,,,,,*4F
69 08 34 55 Nan Nan Nan 1101011011 1100010010 1100101110 10000000101 10000111100 1100000001 1100111001 1111011101 1100000100 1101100001 1011011001 1100000011 10000011010 10000111111 1100010010 1100000010 1100000101 1011111001 22.875 51.568 1000.0 70265 16 -7 12 59 51 3 $GNGGA,083455.00,,,,,0,00,99.9,,,,,,*4E
70 08 34 56 Nan Nan Nan 1101011011 1100010011 1100110001 10000001101 10000111101 1011111111 1100110110 1111100000 1100001001 1101100001 1011010111 1100000010 10000011110 10000111110 1100010100 1100000101 1100001000 1100000001 22.875 51.629 1000.0 71266 16 -7 11 59 52 3 $GNGGA,083456.00,,,,,0,00,99.9,,,,,,*4D
71 08 34 57 Nan Nan Nan 1101011011 1100010011 1100101110 10000001010 10000111101 1100000000 1100111110 1111100010 1100001100 1101100000 1011010110 1100000001 10000100100 10001000010 1100010111 1100001011 1100000111 1100000101 22.875 51.552 1000.0 72264 17 -7 11 60 51 3 $GNGGA,083457.00,,,,,0,00,99.9,,,,,,*4C
72 08 34 58 Nan Nan Nan 1101011011 1100010100 1100110001 10000001000 10000111011 1100000001 1100111000 1111011111 1100000001 1101100001 1011011011 1100000100 10000011110 10000111101 1100010100 1100001001 1100010101 1100001101 22.875 51.583 1000.0 73263 16 -7 11 59 50 5 $GNGGA,083458.00,,,,,0,00,99.9,,,,,,*43
73 08 34 59 Nan Nan Nan 1101011011 1100010011 1100110000 10000010010 10000111110 1100000001 1100111011 1111011011 1100000011 1101100000 1011011100 1100000010 10000100001 10001000000 1100010111 1100001000 1100010000 1100000011 22.875 51.590 1000.0 74262 18 -7 10 60 50 4 $GNGGA,083459.00,,,,,0,00,99.9,,,,,,*42
74 08 35 00 Nan Nan Nan 1101011011 1100010110 1100101111 10000010001 10000111011 1011111100 1100111001 1111011100 1100000010 1101100001 1011010110 1100000001 10000011011 10000111101 1100010100 1100000001 1100001000 1011111010 22.875 51.446 1000.0 75260 17 -7 11 59 50 4 $GNGGA,083500.00,,,,,0,00,99.9,,,,,,*4F
75 08 35 01 Nan Nan Nan 1101011011 1100010010 1100101101 10000001110 10000111101 1100001001 1100111111 1111010011 1100000001 1101100001 1011010110 1100000010 10000100011 10000111111 1100010111 1100000101 1100001001 1011111110 22.875 51.537 1000.0 76261 16 -7 11 60 50 4 $GNGGA,083501.00,,,,,0,00,99.9,,,,,,*4E
76 08 35 02 Nan Nan Nan 1101011011 1100010010 1100101111 10000001101 10000111000 1100001000 1101000000 1111011111 1100000111 1101100001 1011010110 1100000011 10000100001 10000111101 1100011000 1100000100 1100001100 1100000011 22.875 51.781 1000.0 77259 17 -7 11 59 50 4 $GNGGA,083502.00,,,,,0,00,99.9,,,,,,*4D
77 08 35 03 Nan Nan Nan 1101011011 1100010111 1100110010 10000001000 10000111000 1100000111 1100111010 1111011110 1100000011 1101100001 1011011010 1100000100 10000100011 10000111101 1100011100 1100000110 1100000101 1011110010 22.875 51.652 1000.0 78259 16 -7 11 59 52 3 $GNGGA,083503.00,,,,,0,00,99.9,,,,,,*4C
78 08 35 04 Nan Nan Nan 1101011011 1100010001 1100101100 10000000110 10000111100 1011111110 1100110110 1111011101 1100000000 1101100001 1011010111 1100000011 10000011010 10000111001 1100010101 1100000100 1100001101 1100000100 22.875 51.545 1000.0 79257 17 -7 11 60 51 3 $GNGGA,083504.00,,,,,0,00,99.9,,,,,,*4B
79 08 35 05 Nan Nan Nan 1101011011 1100010101 1100101110 10000001111 10000111001 1100000010 1100111010 1111011010 1100000010 1101100001 1011010111 1100000010 10000100011 10001000000 1100010001 1100000001 1100001110 1011111010 22.875 51.568 1000.0 80258 16 -8 12 59 50 4 $GNGGA,083505.00,,,,,0,00,99.9,,,,,,*4A
80 08 35 06 Nan Nan Nan 1101011011 1100010001 1100101110 10000001011 10000111010 1100000101 1100111100 1111011001 1100000110 1101100001 1011011000 1100000011 10000100011 10000111111 1100010100 1100000101 1100001010 1100000011 22.875 51.537 1000.0 81255 17 -7 11 60 51 3 $GNGGA,083506.00,,,,,0,00,99.9,,,,,,*49
81 08 35 07 Nan Nan Nan 1101011011 1100010001 1100101100 10000001100 10000110111 1100000100 1100111000 1111011011 1100000000 1101100001 1011010111 1100000010 10000011111 10000111110 1100011001 1100000101 1100000101 1011111101 22.875 51.659 1000.0 82254 17 -7 11 58 51 4 $GNGGA,083507.00,,,,,0,00,99.9,,,,,,*48
82 08 35 08 Nan Nan Nan 1101011011 1100010011 1100110001 10000001101 10000111001 1011111111 1100111000 1111010000 1011111101 1101100001 1011010100 1011111111 10000011100 10000111101 1100010100 1100000110 1100001010 1011111111 22.938 51.713 1000.0 83254 16 -7 11 59 52 3 $GNGGA,083508.00,,,,,0,00,99.9,,,,,,*47
83 08 35 09 Nan Nan Nan 1101011011 1100010110 1100110000 10000001011 10000111100 1100000101 1100111100 1111011011 1100000001 1101100001 1011011000 1100000001 10000011101 10000111111 1100010110 1100000011 1100000111 1011111011 22.875 51.598 1000.0 84252 17 -6 11 60 50 4 $GNGGA,083509.00,,,,,0,00,99.9,,,,,,*46
84 08 35 10 Nan Nan Nan 1101011011 1100010101 1100110000 10000001001 10000111011 1100000101 1100111010 1111011010 1100000110 1101100001 1011010010 1011111111 10000011101 10000111110 1100011001 1100001010 1100010000 1100000001 22.875 51.491 1000.0 85252 16 -8 11 59 51 4 $GNGGA,083510.00,,,,,0,00,99.9,,,,,,*4E
85 08 35 11 Nan Nan Nan 1101011011 1100010101 1100110000 10000000110 10000111010 1100000011 1101000000 1111011010 1100000001 1101100001 1011010101 1100000010 10000011001 10000111100 1100010100 1100000100 1100001111 1011111110 22.875 51.621 1000.0 86251 17 -7 11 60 50 4 $GNGGA,083511.00,,,,,0,00,99.9,,,,,,*4F
86 08 35 12 Nan Nan Nan 1101011011 1100010010 1100101110 10000000101 10000111001 1100000001 1100110111 1111100100 1100001000 1101100001 1011011010 1100000100 10000011000 10000111100 1100010111 1100000100 1100001100 1100000011 22.875 51.621 1000.0 87249 17 -7 11 58 51 4 $GNGGA,083512.00,,,,,0,00,99.9,,,,,,*4C
87 08 35 13 Nan Nan Nan 1101011011 1100010100 1100110001 10000001000 10000111001 1100001010 1100111110 1111100010 1011111110 1101100001 1011010110 1100000000 10000010000 10000111011 1100010110 1100000110 1100001001 1011111101 22.875 51.560 1000.0 88249 16 -7 11 60 51 3 $GNGGA,083513.00,,,,,0,00,99.9,,,,,,*4D
88 08 35 14 Nan Nan Nan 1101011011 1100010100 1100101110 10000010001 10000111101 1100000101 1100111110 1111011001 1011111110 1101100001 1011010110 1100000001 10000010111 10000111101 1100010111 1100000101 1100001111 1011111110 22.938 51.438 1000.0 89247 17 -6 11 59 50 4 $GNGGA,083514.00,,,,,0,00,99.9,,,,,,*4A
89 08 35 15 Nan Nan Nan 1101011011 1100010110 1100110001 10000001010 10000111000 1100000000 1100111100 1111011101 1011111111 1101100001 1011010110 1100000011 10000010011 10000111111 1100010010 1100000011 1100001101 1100000000 22.938 51.201 1000.0 90247 16 -7 10 59 52 4 $GNGGA,083515.00,,,,,0,00,99.9,,,,,,*4B
90 08 35 16 Nan Nan Nan 1101011011 1100010100 1100101111 10000000110 10000111000 1100000101 1101000001 1111011001 1100000000 1101100001 1011010110 1100000011 10000011111 10000111111 1100010101 1100000100 1100000110 1011111100 22.938 51.171 1000.0 91246 17 -7 11 60 51 3 $GNGGA,083516.00,,,,,0,00,99.9,,,,,,*48
91 08 35 17 Nan Nan Nan 1101011011 1100010011 1100101101 10000000110 10000111011 1011111111 1100111010 1111011010 1011111100 1101100000 1011010101 1011111111 10000010111 10000111100 1100010110 1100000110 1100001110 1011111101 22.875 51.140 1000.0 92243 17 -7 11 58 51 4 $GNGGA,083517.00,,,,,0,00,99.9,,,,,,*49
92 08 35 18 Nan Nan Nan 1101011011 1100010001 1100101011 10000000111 10000111000 1100000100 1100111110 1111100100 1100000110 1101100001 1011010111 1100000010 10000011011 10000111110 1100011000 1100000110 1100001010 1100000000 22.875 51.003 1000.0 93244 16 -7 11 60 51 3 $GNGGA,083518.00,,,,,0,00,99.9,,,,,,*46
93 08 35 19 Nan Nan Nan 1101011011 1100010001 1100101010 10000000101 10000110111 1100000001 1100111111 1111100001 1011111100 1101100000 1011011001 1100000011 10000011100 10001000000 1100010110 1100000011 1100001000 1011111010 22.875 50.904 1000.0 94242 16 -6 12 59 50 4 $GNGGA,083519.00,,,,,0,00,99.9,,,,,,*47
94 08 35 20 Nan Nan Nan 1101011011 1100010100 1100110011 10000000110 10000111000 1100000111 1101000000 1111100010 1011111011 1101100001 1011011001 1100000011 10000100001 10000111110 1100010110 1100000111 1100000010 1011110011 22.875 50.965 1000.0 95242 16 -7 11 59 51 4 $GNGGA,083520.00,,,,,0,00,99.9,,,,,,*4D
95 08 35 21 Nan Nan Nan 1101011010 1100010100 1100110000 10000000111 10000111010 1100000010 1100111010 1111011110 1011111111 1101100001 1011011011 1100000100 10000011001 10000111101 1100011001 1100000011 1100000110 1011111010 22.938 50.927 1000.0 96240 17 -6 11 60 50 4 $GNGGA,083521.00,,,,,0,00,99.9,,,,,,*4C
96 08 35 22 Nan Nan Nan 1101011011 1100010010 1100101110 10000001110 10000110111 1100000111 1100111110 1111100010 1100001001 1101100001 1011011001 1100000011 10000011010 10000111101 1100010111 1100001000 1100000111 1011111101 22.938 50.889 1000.0 97241 16 -8 10 58 51 5 $GNGGA,083522.00,,,,,0,00,99.9,,,,,,*4F
97 08 35 23 Nan Nan Nan 1101011011 1100010100 1100101101 10000001110 10000111100 1100000001 1101000010 1111100100 1100000101 1101100001 1011011011 1100000100 10000011100 10001000000 1100011000 1100001000 1100010000 1100000111 22.938 50.934 1000.0 98239 17 -7 11 60 51 3 $GNGGA,083523.00,,,,,0,00,99.9,,,,,,*4E
98 08 35 24 Nan Nan Nan 1101011011 1100010011 1100110000 10000001000 10000111010 1100000100 1100111000 1111011011 1011111100 1101100001 1011010111 1100000001 10000100001 10001000000 1100010101 1100000111 1100001100 1011111110 22.875 51.117 1000.0 99238 16 -7 12 59 51 3 $GNGGA,083524.00,,,,,0,00,99.9,,,,,,*49
99 08 35 25 Nan Nan Nan 1101011011 1100010011 1100101110 10000001010 10000111011 1100001000 1100111111 1111010110 1100000000 1101100001 1011011001 1100000011 10000011101 10000111101 1100011001 1100001000 1100010110 1100000110 22.875 51.652 1000.0 100237 16 -7 11 59 52 3 $GNGGA,083525.00,,,,,0,00,99.9,,,,,,*48
100 08 35 26 Nan Nan Nan 1101011011 1100010101 1100101111 10000001000 10000111011 1100000011 1100111010 1111010110 1011111111 1101100001 1011010110 1100000000 10000011000 10000111101 1100010101 1100000111 1100001011 1100000010 22.938 51.789 1000.0 101236 17 -7 11 59 51 3 $GNGGA,083526.00,,,,,0,00,99.9,,,,,,*4B
101 08 35 27 Nan Nan Nan 1101011011 1100010000 1100101101 10000001010 10000111001 1100001000 1101000001 1111011010 1011111100 1101100001 1011010101 1100000000 10000011110 10000111111 1100010001 1100000010 1100001001 1100000000 22.938 51.621 1000.0 102235 16 -8 10 58 51 5 $GNGGA,083527.00,,,,,0,00,99.9,,,,,,*4A
102 08 35 28 Nan Nan Nan 1101011011 1100010010 1100101110 10000000110 10000111000 1011111110 1100110110 1111100001 1011111101 1101100001 1011010110 1100000001 10000011110 10000111111 1100010100 1100000110 1100001101 1100000110 22.875 51.369 1000.0 103233 17 -7 11 60 51 3 $GNGGA,083528.00,,,,,0,00,99.9,,,,,,*45
103 08 35 29 Nan Nan Nan 1101011011 1100010110 1100110001 10000001100 10000111100 1100000101 1100111100 1111011011 1100000001 1101100001 1011011001 1100000011 10000011100 10000111101 1100010101 1100000100 1100001001 1011111111 22.875 51.262 1000.0 104232 17 -7 11 59 50 4 $GNGGA,083529.00,,,,,0,00,99.9,,,,,,*44
104 08 35 30 Nan Nan Nan 1101011011 1100010011 1100101100 10000001010 10000111001 1100000100 1100111001 1111011001 1100000111 1101100001 1011010111 1011111111 10000011001 10000111111 1100010100 1100000011 1100001010 1011111000 22.938 51.178 1000.0 105232 16 -7 11 60 51 3 $GNGGA,083530.00,,,,,0,00,99.9,,,,,,*4C
105 08 35 31 Nan Nan Nan 1101011011 1100010011 1100101111 10000001010 10000111010 1011111111 1100111001 1111100111 1100000010 1101100001 1011010100 1100000100 10000011010 10000111101 1100010101 1100000011 1100001111 1100000001 22.938 51.575 1000.0 106231 16 -7 12 59 51 3 $GNGGA,083531.00,,,,,0,00,99.9,,,,,,*4D
106 08 35 32 Nan Nan Nan 1101011011 1100010001 1100110000 10000001000 10000111011 1100000010 1100111000 1111011011 1100000100 1101100001 1011010111 1100000011 10000011011 10000111110 1100010011 1100000010 1100000100 1011111110 22.875 51.720 1000.0 107230 16 -7 10 58 52 4 $GNGGA,083532.00,,,,,0,00,99.9,,,,,,*4E
107 08 35 33 Nan Nan Nan 1101011011 1100010010 1100101111 10000001000 10000110111 1100000010 1100111011 1111011011 1100000010 1101100001 1011011001 1100000100 10000011001 10000111110 1100011001 1100001000 1100001100 1100000000 22.938 51.491 1000.0 108229 18 -7 10 60 50 4 $GNGGA,083533.00,,,,,0,00,99.9,,,,,,*4F
108 08 35 34 Nan Nan Nan 1101011011 1100010011 1100110000 10000001011 10000111100 1100000001 1100110100 1111010111 1011111000 1101100001 1011011011 1100000101 10000100000 10000111111 1100010110 1100000111 1100001011 1011111111 22.938 51.346 1000.0 109229 16 -8 12 59 51 3 $GNGGA,083534.00,,,,,0,00,99.9,,,,,,*48
109 08 35 35 Nan Nan Nan 1101011011 1100010010 1100110000 10000001011 10000111011 1100001010 1101000010 1111011001 1100000011 1101100001 1011011001 1100000010 10000011100 10001000000 1100011010 1100000110 1100001100 1100000100 22.938 51.369 1000.0 110226 17 -6 11 60 50 4 $GNGGA,083535.00,,,,,0,00,99.9,,,,,,*49
110 08 35 36 Nan Nan Nan 1101011011 1100010100 1100110001 10000000100 10000111010 1100000000 1100111010 1111010100 1100000111 1101100001 1011011010 1100000011 10000011010 10001000000 1100011000 1100000110 1100001010 1100000011 22.938 51.293 1000.0 111226 16 -7 12 59 51 3 $GNGGA,083536.00,,,,,0,00,99.9,,,,,,*4A
111 08 35 37 Nan Nan Nan 1101011011 1100010110 1100101110 10000000100 10000111011 1100000001 1100110101 1111011000 1100000011 1101100000 1011011100 1100000101 10000100000 10000111111 1100010001 1100000010 1100001110 1100000101 22.938 51.293 1000.0 112225 16 -7 11 59 52 3 $GNGGA,083537.00,,,,,0,00,99.9,,,,,,*4B
112 08 35 38 Nan Nan Nan 1101011011 1100010100 1100110001 10000000111 10000111010 1100000100 1100111001 1111010110 1100001000 1101100001 1011010111 1100000100 10000010110 10000111011 1100011001 1100001011 1100000000 1011111110 22.938 51.224 1000.0 113223 17 -6 11 60 50 4 $GNGGA,083538.00,,,,,0,00,99.9,,,,,,*44
113 08 35 39 Nan Nan Nan 1101011011 1100010010 1100101110 10000000100 10000111001 1011111111 1100111010 1111100001 1100001101 1101100001 1011010111 1100000001 10000100000 10000111101 1100010110 1100001001 1100000110 1011111010 22.938 51.117 1000.0 114224 16 -8 11 59 51 4 $GNGGA,083539.00,,,,,0,00,99.9,,,,,,*45
114 08 35 40 Nan Nan Nan 1101011011 1100010111 1100110010 10000001000 10000111000 1100000000 1100110110 1111100100 1100000000 1101100001 1011011001 1100000110 10000011111 10001000000 1100011011 1100001011 1100001100 1100000001 22.938 51.018 1000.0 115222 17 -7 10 59 51 4 $GNGGA,083540.00,,,,,0,00,99.9,,,,,,*4B
115 08 35 41 Nan Nan Nan 1101011011 1100010010 1100101110 10000001110 10000111101 1100000001 1100110110 1111100000 1100000011 1101100001 1011011001 1100000011 10000011100 10000111100 1100010101 1100000001 1100001001 1011111010 22.938 51.018 1000.0 116221 16 -7 12 59 51 3 $GNGGA,083541.00,,,,,0,00,99.9,,,,,,*4A
116 08 35 42 Nan Nan Nan 1101011011 1100011000 1100110001 10000001001 10000110101 1011111111 1100111010 1111100000 1100000101 1101100001 1011010110 1100000000 10000011010 10000111111 1100010100 1100000110 1100001100 1011111110 22.938 51.095 1000.0 117220 17 -7 10 59 51 4 $GNGGA,083542.00,,,,,0,00,99.9,,,,,,*49
117 08 35 43 Nan Nan Nan 1101011011 1100010000 1100101011 10000001101 10000111000 1100000101 1100111010 1111011111 1100000100 1101100001 1011010110 1100000010 10000011001 10000111110 1100011000 1100000101 1100000110 1011111101 22.875 51.270 1000.0 118219 18 -7 10 58 51 4 $GNGGA,083543.00,,,,,0,00,99.9,,,,,,*48
118 08 35 44 Nan Nan Nan 1101011011 1100010101 1100101101 10000010010 10000111111 1100000011 1100111101 1111011011 1011111100 1101100001 1011010011 1100000000 10000011000 10000111101 1100010101 1100000101 1100001100 1011111001 22.938 51.163 1000.0 119219 16 -7 11 59 52 3 $GNGGA,083544.00,,,,,0,00,99.9,,,,,,*4F
119 08 35 45 Nan Nan Nan 1101011011 1100010110 1100101111 10000001010 10000111010 1100000010 1100111010 1111100010 1100001100 1101100001 1011011001 1100000011 10000011101 10000111110 1100011001 1100001010 1100001000 1011111011 22.875 51.125 1000.0 120217 18 -6 10 60 50 4 $GNGGA,083545.00,,,,,0,00,99.9,,,,,,*4E
120 08 35 46 Nan Nan Nan 1101011011 1100010110 1100110000 10000010010 10000111100 1100000111 1100111100 1111011001 1100000010 1101100001 1011010111 1100000010 10000010100 10000111111 1100010011 1100000110 1100000110 1011111001 22.938 51.133 1000.0 121216 16 -8 12 59 50 4 $GNGGA,083546.00,,,,,0,00,99.9,,,,,,*4D
121 08 35 47 Nan Nan Nan 1101011011 1100010100 1100110001 10000001001 10000111011 1100000010 1100111110 1111100010 1100000000 1101100001 1011011001 1100000100 10000010011 10000111100 1100010101 1100000011 1100001000 1011111010 22.938 51.117 1000.0 122214 16 -7 11 60 51 3 $GNGGA,083547.00,,,,,0,00,99.9,,,,,,*4C
122 08 35 48 Nan Nan Nan 1101011011 1100010101 1100110001 10000001011 10000111011 1100000001 1100111000 1111011011 1011111100 1101100001 1011010110 1011111111 10000010110 10000111100 1100010010 1100000011 1011111111 1011110111 22.938 51.171 1000.0 123213 17 -7 11 58 51 4 $GNGGA,083548.00,,,,,0,00,99.9,,,,,,*43
123 08 35 49 Nan Nan Nan 1101011011 1100010101 1100101110 10000001011 10000111001 1100001000 1100111011 1111011100 1100000011 1101100001 1011011000 1100000010 10000011001 10000111101 1100010100 1100000101 1100001000 1011111100 22.938 51.240 1000.0 124213 16 -7 11 59 52 3 $GNGGA,083549.00,,,,,0,00,99.9,,,,,,*42
124 08 35 50 Nan Nan Nan 1101011011 1100010011 1100110000 10000001101 10000111101 1011111100 1100110100 1111011011 1100000101 1101100001 1011011001 1100000100 10000011010 10000111111 1100010110 1100000010 1100001100 1100001001 22.938 51.186 1000.0 125211 17 -7 11 60 51 3 $GNGGA,083550.00,,,,,0,00,99.9,,,,,,*4A
125 08 35 51 Nan Nan Nan 1101011011 1100010100 1100110000 10000001011 10000111011 1100001000 1100111111 1111100010 1100000011 1101100001 1011011001 1100000011 10000011110 10001000000 1100010100 1100000001 1100010001 1100000001 22.938 51.278 1000.0 126211 16 -8 11 59 51 4 $GNGGA,083551.00,,,,,0,00,99.9,,,,,,*4B
126 08 35 52 Nan Nan Nan 1101011011 1100010100 1100101111 10000010010 10000111110 1100000111 1101000010 1111011100 1100000111 1101100001 1011011000 1100000100 10000011101 10001000000 1100011101 1100001100 1100010000 1011111100 22.938 51.323 1000.0 127210 17 -7 11 60 51 3 $GNGGA,083552.00,,,,,0,00,99.9,,,,,,*48
127 08 35 53 Nan Nan Nan 1101011011 1100010001 1100110000 10000001011 10000111000 1100000010 1100111100 1111100001 1100001101 1101100001 1011010110 1100000100 10000010111 10000111101 1100010101 1100000101 1100001111 1100000100 22.938 51.339 1000.0 128208 16 -7 12 59 51 3 $GNGGA,083553.00,,,,,0,00,99.9,,,,,,*49
128 08 35 54 Nan Nan Nan 1101011011 1100010100 1100101111 10000001010 10000110111 1100000000 1100110110 1111011101 1100000110 1101100001 1011011001 1100000011 10000010111 10000111101 1100010100 1100000011 1100010101 1100000011 22.938 51.362 1000.0 129208 16 -7 11 59 52 3 $GNGGA,083554.00,,,,,0,00,99.9,,,,,,*4E
129 08 35 55 Nan Nan Nan 1101011011 1100010010 1100101110 10000001011 10000111011 1100000111 1101000000 1111011101 1100000110 1101100001 1011010101 1100000010 10000011011 10000111110 1100010100 1100001010 1100010001 1100000010 22.938 51.255 1000.0 130206 17 -7 11 60 51 3 $GNGGA,083555.00,,,,,0,00,99.9,,,,,,*4F
130 08 35 56 Nan Nan Nan 1101011011 1100010011 1100110000 10000001001 10000111010 1100000111 1100111101 1111011000 1100000111 1101100001 1011010110 1100000010 10000011110 10000111100 1100010110 1100000101 1100000101 1011111100 22.938 51.156 1000.0 131206 16 -8 11 59 52 3 $GNGGA,083556.00,,,,,0,00,99.9,,,,,,*4C
131 08 35 57 Nan Nan Nan 1101011011 1100010011 1100110000 10000000000 10000111000 1100000101 1100111010 1111010100 1100000100 1101100001 1011010111 1100000010 10000100011 10000111110 1100010100 1100000111 1100001110 1011111110 22.938 51.156 1000.0 132204 17 -7 11 60 51 3 $GNGGA,083557.00,,,,,0,00,99.9,,,,,,*4D
132 08 35 58 Nan Nan Nan 1101011011 1100010010 1100101101 10000001001 10000111010 1011111111 1100110110 1111010110 1011111100 1101100001 1011011001 1011111111 10000011111 10000111110 1100011010 1100001010 1100010001 1100000011 22.875 51.392 1000.0 133203 16 -7 11 58 51 4 $GNGGA,083558.00,,,,,0,00,99.9,,,,,,*42
133 08 35 59 Nan Nan Nan 1101011011 1100010100 1100101111 10000001010 10000111001 1100000010 1100111100 1111100010 1100001000 1101100001 1011011011 1100000010 10000100010 10000111110 1100010100 1100000110 1100000111 1011111111 22.938 51.407 1000.0 134203 16 -7 11 60 51 3 $GNGGA,083559.00,,,,,0,00,99.9,,,,,,*43
134 08 36 00 Nan Nan Nan 1101011011 1100010000 1100101110 10000001111 10000111010 1100000111 1100111111 1111011100 1011111100 1101100001 1011011101 1100000101 10000100100 10001000000 1100011000 1100000110 1100001101 1100000011 22.938 51.262 1000.0 135201 17 -7 11 59 50 4 $GNGGA,083600.00,,,,,0,00,99.9,,,,,,*4C
135 08 36 01 Nan Nan Nan 1101011011 1100010000 1100101100 10000001100 10000111000 1100000000 1100111010 1111011010 1100000101 1101100001 1011011011 1100000100 10000101001 10000111110 1100010000 1100000010 1100001011 1100000100 22.938 51.232 1000.0 136201 16 -7 11 59 52 3 $GNGGA,083601.00,,,,,0,00,99.9,,,,,,*4D
136 08 36 02 Nan Nan Nan 1101011011 1100010100 1100110000 10000001001 10000111010 1100000001 1100111101 1111010111 1100000011 1101100001 1011010111 1100000011 10000100110 10000111111 1100011010 1100001011 1100001001 1100000001 22.938 51.255 1000.0 137199 17 -6 11 60 50 4 $GNGGA,083602.00,,,,,0,00,99.9,,,,,,*4E
137 08 36 03 Nan Nan Nan 1101011011 1100010101 1100101111 10000000100 10000111001 1100000010 1100110111 1111011010 1100001011 1101100001 1011010110 1100000011 10000101000 10000111101 1100011000 1100000110 1100010101 1100000100 22.875 51.293 1000.0 138199 16 -8 12 59 51 3 $GNGGA,083603.00,,,,,0,00,99.9,,,,,,*4F
138 08 36 04 Nan Nan Nan 1101011011 1100010010 1100101101 10000000111 10000111010 1011111111 1100111010 1111011010 1100000001 1101100001 1011011010 1100000110 10000100101 10000111110 1100011000 1100000010 1100001111 1100001010 22.938 51.331 1000.0 139197 17 -7 10 59 51 4 $GNGGA,083604.00,,,,,0,00,99.9,,,,,,*48
139 08 36 05 Nan Nan Nan 1101011011 1100010100 1100110001 10000001011 10000111011 1100000101 1100110100 1111011110 1100000110 1101100001 1011010111 1100000010 10000100110 10000111101 1100010001 1100000000 1100000110 1011111111 22.938 51.331 1000.0 140197 16 -7 12 59 50 4 $GNGGA,083605.00,,,,,0,00,99.9,,,,,,*49
140 08 36 06 Nan Nan Nan 1101011011 1100010011 1100101110 10000001111 10000111000 1100000110 1100111001 1111010111 1011111010 1101100001 1011011011 1100000111 10000011011 10000111100 1100010101 1100000100 1100000111 1011111110 22.938 51.423 1000.0 141196 16 -7 11 59 52 3 $GNGGA,083606.00,,,,,0,00,99.9,,,,,,*4A
141 08 36 07 Nan Nan Nan 1101011011 1100010000 1100101100 10000001111 10000111000 1100000110 1101000001 1111100001 1100000000 1101100001 1011010011 1011111110 10000011011 10000111111 1100010110 1100000101 1100000110 1100000010 22.938 51.461 1000.0 142194 17 -7 11 60 51 3 $GNGGA,083607.00,,,,,0,00,99.9,,,,,,*4B
142 08 36 08 Nan Nan Nan 1101011011 1100010100 1100110000 10000001111 10000111000 1100000010 1100111000 1111100010 1100000010 1101100001 1011011000 1100000010 10000010110 10000111101 1100010111 1100000110 1100001000 1100000001 22.938 51.728 1000.0 143193 16 -7 11 59 50 5 $GNGGA,083608.00,,,,,0,00,99.9,,,,,,*44
143 08 36 09 Nan Nan Nan 1101011011 1100010110 1100101111 10000001111 10000111000 1100001000 1100111111 1111011111 1100000010 1101100001 1011010110 1100000000 10000011101 10001000000 1100011010 1100000100 1100001110 1100000010 22.938 51.903 1000.0 144193 17 -7 11 60 51 3 $GNGGA,083609.00,,,,,0,00,99.9,,,,,,*45
144 08 36 10 Nan Nan Nan 1101011011 1100010101 1100110001 10000001010 10000111010 1100000000 1100110110 1111100010 1100000110 1101100001 1011011000 1100000010 10000011010 10000111111 1100010101 1100000100 1100000111 1011111010 22.875 51.987 1000.0 145191 16 -7 12 59 51 3 $GNGGA,083610.00,,,,,0,00,99.9,,,,,,*4D
145 08 36 11 Nan Nan Nan 1101011011 1100010110 1100110000 10000001010 10000111010 1100000110 1101000001 1111011011 1100000010 1101100001 1011011010 1100000100 10000010110 10000111110 1100010110 1100000101 1100001110 1100000000 22.938 51.957 1000.0 146191 16 -7 11 60 51 3 $GNGGA,083611.00,,,,,0,00,99.9,,,,,,*4C
146 08 36 12 Nan Nan Nan 1101011011 1100010110 1100101111 10000010011 10000111101 1100000100 1100111111 1111100000 1100000010 1101100001 1011010100 1100000010 10000011000 10000111110 1100011000 1100001001 1100001111 1011111110 22.938 52.170 1000.0 147189 17 -7 11 59 51 3 $GNGGA,083612.00,,,,,0,00,99.9,,,,,,*4F
147 08 36 13 Nan Nan Nan 1101011011 1100010001 1100101011 10000001010 10000111101 1100000000 1100110110 1111010100 1011111100 1101100001 1011011011 1100000100 10000010110 10000111101 1100010111 1100000110 1100001101 1011111111 22.938 52.064 1000.0 148190 16 -7 11 59 52 3 $GNGGA,083613.00,,,,,0,00,99.9,,,,,,*4E
148 08 36 14 Nan Nan Nan 1101011011 1100010011 1100101111 10000001001 10000111011 1100000111 1100111111 1111011111 1100000101 1101100001 1011010100 1100000011 10000010100 10000111100 1100010001 1100000010 1100001001 1100000110 22.938 51.858 1000.0 149188 17 -7 11 60 51 3 $GNGGA,083614.00,,,,,0,00,99.9,,,,,,*49
149 08 36 15 Nan Nan Nan 1101011011 1100010001 1100110001 10000001101 10001000000 1100000010 1100110100 1111011110 1100000000 1101100001 1011010110 1100000011 10000010011 10000111011 1100010111 1100000100 1100001100 1100000110 22.938 51.720 1000.0 150185 16 -7 12 59 51 3 $GNGGA,083615.00,,,,,0,00,99.9,,,,,,*48
150 08 36 16 Nan Nan Nan 1101011011 1100010011 1100101111 10000000011 10000110011 1100000011 1100111110 1111100000 1011111100 1101100001 1011010110 1100000100 10000011010 10000111110 1100011000 1100000110 1100001010 1011111101 22.938 51.644 1000.0 151187 17 -7 11 60 50 4 $GNGGA,083616.00,,,,,0,00,99.9,,,,,,*4B
151 08 36 17 Nan Nan Nan 1101011011 1100010100 1100110001 10000001101 10000111001 1100000001 1101000000 1111011000 1100000100 1101100001 1011010110 1100000010 10000011111 10000111110 1100010111 1100001010 1100001001 1011111011 22.938 51.697 1000.0 152185 16 -7 12 59 50 4 $GNGGA,083617.00,,,,,0,00,99.9,,,,,,*4A
152 08 36 18 Nan Nan Nan 1101011011 1100010100 1100101111 10000001110 10000111010 1100000010 1101000001 1111100001 1100001001 1101100001 1011011000 1100000101 10000011101 10000111110 1100010111 1100000100 1100001010 1011111011 22.938 51.766 1000.0 153185 16 -7 10 58 52 4 $GNGGA,083618.00,,,,,0,00,99.9,,,,,,*45
153 08 36 19 Nan Nan Nan 1101011011 1100010000 1100101011 10000010000 10000111011 1100000111 1100111001 1111011100 1011111110 1101100001 1011010100 1100000011 10000011110 10000111100 1100011011 1100000110 1100001111 1100000100 22.938 51.842 1000.0 154184 17 -7 11 60 51 3 $GNGGA,083619.00,,,,,0,00,99.9,,,,,,*44
