id HH MM SS longitude latitude altitude adc_1_ch0 adc_1_ch1 adc_1_ch2 adc_1_ch3 adc_1_ch4 adc_1_ch5 adc_1_ch6 adc_1_ch7 adc_1_ch8 adc_2_ch0 adc_2_ch1 adc_2_ch2 adc_2_ch3 adc_2_ch4 adc_2_ch5 adc_2_ch6 adc_2_ch7 adc_2_ch8 temp hum pres t_prog t_gps t_split t_adc t_temp t_hum t_pres trame_gga
1 Nan Nan Nan Nan Nan Nan 1101010111 10011001100 111111111111 1001 11110001111 111111111111 111111111111 111111111111 111111111111 1101011101 101 1101011 110 1101010 111111111111 111111111111 111111111111 111111111111 20.938 58.137 795.83 2215 17 4 11 59 51 3 $GNGGA,,,,,,0,00,99.9,,,,,,*6F
2 Nan Nan Nan Nan Nan Nan 1101010111 10001011010 111111111111 1001 11000111001 111111111111 111111111111 111111111111 111111111111 1101011101 100 1101011 110 1101010 111111111111 111111111111 111111111111 111111111111 20.938 58.251 1000.4 3215 17 4 10 59 51 3 $GNGGA,,,,,,0,00,99.9,,,,,,*6F
3 Nan Nan Nan Nan Nan Nan 1101011000 10000001100 111111111111 1001 10110000001 111111111111 111111111111 111111111111 111111111111 1101011101 101 1101001 110 1101010 111111111111 111111111111 111111111111 111111111111 20.938 58.503 1000.4 4214 18 4 10 58 51 3 $GNGGA,,,,,,0,00,99.9,,,,,,*6F
4 Nan Nan Nan Nan Nan Nan 1101010111 1111010001 111001011000 1001 10100010111 111111111111 111111111111 111111111111 111111111111 1101011110 101 1100111 110 1101000 111111111111 111111111111 111111111111 111111111111 21.000 58.571 1000.4 5213 16 4 10 59 51 4 $GNGGA,,,,,,0,00,99.9,,,,,,*6F
5 Nan Nan Nan Nan Nan Nan 1101011000 1110100100 101110001101 1001 10011100001 111111111111 111111111111 111111111111 111111111111 1101011101 100 1100100 110 1100101 111111111111 111111111111 111111111111 111111111111 21.000 58.457 1000.4 6213 17 5 10 60 50 4 $GNGGA,,,,,,0,00,99.9,,,,,,*6F
6 Nan Nan Nan Nan Nan Nan 1101011000 1110000110 100110001111 1000 10011000101 111111111111 111111111111 111111111111 111111111111 1101011101 100 1110010 110 1100011 111111111111 111111111111 111111111111 111111111111 21.000 58.388 1000.4 7212 16 5 11 59 50 4 $GNGGA,,,,,,0,00,99.9,,,,,,*6F
7 Nan Nan Nan Nan Nan Nan 1101010111 1101110000 100000011110 1000 10010110011 111111111111 111111111111 111111111111 111111111111 1101011101 100 11100001 110 11001101 111111111111 111111111111 111111111111 111111111111 21.000 58.304 1000.4 8210 18 4 9 59 51 4 $GNGGA,,,,,,0,00,99.9,,,,,,*6F
8 Nan Nan Nan Nan Nan Nan 1101011000 1101100010 11100010000 1000 10010100011 111111111111 111111111111 111111111111 111111111111 1101011101 100 101010000 101 101100011 111111111111 111111111111 111111111111 111111111111 21.000 58.083 1000.4 9209 16 4 11 59 50 4 $GNGGA,,,,,,0,00,99.9,,,,,,*6F
9 Nan Nan Nan Nan Nan Nan 1101010111 1101010100 11001000110 1000 10010011110 111111111111 111111111111 111111111111 111111111111 1101011101 1111110 110100100 110 111010101 111111111111 111111111111 111111111111 111111111111 21.000 57.915 1000.3 10209 17 4 9 58 52 4 $GNGGA,,,,,,0,00,99.9,,,,,,*6F
10 Nan Nan Nan Nan Nan Nan 1101011000 1101001101 10110110111 1000 10010010110 111111111111 111111111111 111111111111 111111111111 1101011110 11100111 111100001 101 1000101101 111111111111 111111111111 111111111111 111111111111 21.000 57.862 1000.3 11208 17 5 10 60 50 4 $GNGGA,,,,,,0,00,99.9,,,,,,*6F
11 Nan Nan Nan Nan Nan Nan 1101010111 1101000100 10101000011 1000 10010010001 111111111111 111111111111 111111111111 111111111111 1101011101 100110000 1000010000 101 1001101010 111111111111 111111111111 111111111111 111111111111 21.000 57.801 1000.4 12207 16 4 10 59 50 5 $GNGGA,,,,,,0,00,99.9,,,,,,*6F
12 Nan Nan Nan Nan Nan Nan 1101011000 1100111111 10011101010 1000 10010010010 111111111111 111111111111 111111111111 111111111111 1101011101 101101000 1000110101 101 1010011010 111111111111 111111111111 111111111111 111111111111 21.000 57.717 1000.3 13207 17 5 10 60 50 4 $GNGGA,,,,,,0,00,99.9,,,,,,*6F
13 Nan Nan Nan Nan Nan Nan 1101011000 1100111110 10010101001 1000 10010001010 111111111111 111111111111 111111111111 111111111111 1101011101 110010001 1001010001 101 1011000101 111111111111 111111111111 111111111111 111111111111 21.000 57.648 1000.3 14205 17 4 10 58 51 4 $GNGGA,,,,,,0,00,99.9,,,,,,*6F
14 Nan Nan Nan Nan Nan Nan 1101011000 1100111000 10001110101 1000 10010001001 111111111111 111111111111 111111111111 111111111111 1101011101 110110101 1001101010 101 1011100111 111111111111 111111111111 111111111111 111111111111 21.000 57.610 1000.3 15204 16 4 10 60 50 4 $GNGGA,,,,,,0,00,99.9,,,,,,*6F
15 Nan Nan Nan Nan Nan Nan 1101011000 1100111000 10001001010 111 10010000100 111111111111 111111111111 111111111111 111111111111 1101011101 111001111 1001111000 101 1100000000 111111111111 111111111111 111111111111 111111111111 21.000 57.587 1000.3 16204 17 4 10 58 51 4 $GNGGA,,,,,,0,00,99.9,,,,,,*6F
16 Nan Nan Nan Nan Nan Nan 1101011000 1100110111 10000100111 111 10010000000 111111111111 111111111111 111111111111 111111111111 1101011110 111101000 1010001001 101 1100011000 111111111111 111111111111 111111111111 111111111111 21.063 57.549 1000.3 17204 17 4 10 59 52 3 $GNGGA,,,,,,0,00,99.9,,,,,,*6F
17 Nan Nan Nan Nan Nan Nan 1101011000 1100110011 10000001110 111 10001111111 111111111111 111111111111 111111111111 111111111111 1101011101 111111010 1010010100 101 1100101101 111111111111 111111111111 111111111111 111111111111 21.063 57.496 1000.3 18203 17 5 10 60 50 4 $GNGGA,,,,,,0,00,99.9,,,,,,*6F
18 Nan Nan Nan Nan Nan Nan 1101011000 1100110001 1111110111 111 10001111100 111111111111 111111111111 111111111111 111111111111 1101011101 1000001001 1010011111 101 1100111100 111111111111 111111111111 111111111111 111111111111 21.063 57.450 1000.3 19202 17 5 11 59 51 3 $GNGGA,,,,,,0,00,99.9,,,,,,*6F
19 Nan Nan Nan Nan Nan Nan 1101010111 1100110001 1111100100 111 10001111100 111111111111 111111111111 111111111111 111111111111 1101011110 1000011001 1010100111 101 1101001011 111111111111 111111111111 111111111111 111111111111 21.063 57.404 1000.3 20201 17 5 10 60 51 3 $GNGGA,,,,,,0,00,99.9,,,,,,*6F
20 Nan Nan Nan Nan Nan Nan 1101011000 1100110000 1111010101 111 10001111001 111111111111 111111111111 111111111111 111111111111 1101011110 1000100100 1010110000 101 1101011001 111111111111 111111111111 111111111111 111111111111 21.063 57.381 1000.3 21200 16 5 11 59 50 4 $GNGGA,,,,,,0,00,99.9,,,,,,*6F
21 Nan Nan Nan Nan Nan Nan 1101010111 1100101101 1111001000 111 10001111010 111111111111 111111111111 111111111111 111111111111 1101011101 1000101111 1010110101 100 1101101011 111111111111 111111111111 111111111111 111110001001 21.063 57.366 1000.3 22199 16 4 10 59 52 3 $GNGGA,,,,,,0,00,99.9,,,,,,*6F
22 Nan Nan Nan Nan Nan Nan 1101010111 1100110001 1111000000 111 10001110101 111111111111 111111111111 111111111111 111111111111 1101011101 1000111011 1010111100 100 1101110101 111111111111 111111111111 111111111111 110101101101 21.063 57.381 1000.3 23198 18 4 9 58 51 4 $GNGGA,,,,,,0,00,99.9,,,,,,*6F
23 Nan Nan Nan Nan Nan Nan 1101010111 1100110010 1110111000 111 10001111000 111111111111 111111111111 111111111111 111111111111 1101011110 1001000011 1011000000 100 1101111111 111010010100 111111111111 111111111111 101110111101 21.063 57.396 1000.3 24198 17 4 10 59 52 3 $GNGGA,,,,,,0,00,99.9,,,,,,*6F
24 Nan Nan Nan Nan Nan Nan 1101010111 1100110000 1110101110 111 10001110011 111111111111 111111111111 111111111111 111111111111 1101011101 1001001100 1011000100 100 1110001011 110001001100 111101101011 111111111111 101000011011 21.063 57.374 1000.3 25197 17 5 10 60 50 4 $GNGGA,,,,,,0,00,99.9,,,,,,*6F
