id HH MM SS longitude latitude altitude adc_1_ch0 adc_1_ch1 adc_1_ch2 adc_1_ch3 adc_1_ch4 adc_1_ch5 adc_1_ch6 adc_1_ch7 adc_1_ch8 adc_2_ch0 adc_2_ch1 adc_2_ch2 adc_2_ch3 adc_2_ch4 adc_2_ch5 adc_2_ch6 adc_2_ch7 adc_2_ch8 temp hum pres t_prog t_gps t_split t_adc t_temp t_hum t_pres trame_gga
1 Nan Nan Nan Nan Nan Nan 1101011000 111 1101101 111 1101010 111 1101110 111111111111 111111111111 1101011101 100 1101011 100 1101010 100 1101101 111111111111 111111111111 21.125 57.793 795.83 2208 16 5 10 59 50 4 $GNGGA,,,,,,0,00,99.9,,,,,,*6F
2 Nan Nan Nan Nan Nan Nan 1101010111 111 1101100 111 10100101 111111111111 111111111111 111111111111 111111111111 1101011101 100 1101010 100 1101001 111111111111 111111111111 111111111111 111111111111 21.125 57.770 1000.3 3208 16 5 10 59 51 4 $GNGGA,,,,,,0,00,99.9,,,,,,*6F
3 Nan Nan Nan Nan Nan Nan 1101011000 111 1101010 111 1000111100 111111111111 111111111111 111111111111 111111111111 1101011101 100 1101001 100 1100101 111111111111 111111111111 111111111111 111101001010 21.125 57.770 1000.3 4207 17 5 10 60 50 4 $GNGGA,,,,,,0,00,99.9,,,,,,*6F
4 Nan Nan Nan Nan Nan Nan 1101011000 111 1100111 111 1100010110 111111111111 111111111111 111111111111 111111111111 1101011101 100 1100111 100 1100110 111111111111 111111111111 111111111111 110011100100 21.125 57.763 1000.3 5206 16 5 11 59 51 3 $GNGGA,,,,,,0,00,99.9,,,,,,*6F
5 Nan Nan Nan Nan Nan Nan 1101010111 111 1110110 111 1110010000 111111111111 111111111111 111111111111 111111111111 1101011110 1110 1100100 100 100100110 111111111111 111111111111 111111111111 101011110100 21.125 57.763 1000.3 6205 16 4 10 59 51 3 $GNGGA,,,,,,0,00,99.9,,,,,,*6F
6 Nan Nan Nan Nan Nan Nan 1101011000 1111010 100011011 111 1111010001 111111111111 111111111111 111111111111 111111111111 1101011101 11001110 1101000 100 111100000 111111111111 111111111111 111111111111 100110000001 21.125 57.770 1000.3 7204 16 5 11 59 51 3 $GNGGA,,,,,,0,00,99.9,,,,,,*6F
7 Nan Nan Nan Nan Nan Nan 1101011000 100010110 110101010 110 1111111001 111111111111 111111111111 111111111111 111101011010 1101011101 101001011 11010000 100 1001011110 111111111111 111111111111 111111111111 100001011111 21.125 57.747 1000.3 8203 16 5 10 59 51 4 $GNGGA,,,,,,0,00,99.9,,,,,,*6F
8 Nan Nan Nan Nan Nan Nan 1101010111 110010010 1000010111 111 10000010001 111111111111 111111111111 111111111111 111001000101 1101011101 110100000 101000111 100 1010110101 111111111111 111111111111 111111111111 11110000010 21.125 57.740 1000.3 9202 17 4 10 60 51 3 $GNGGA,,,,,,0,00,99.9,,,,,,*6F
9 Nan Nan Nan Nan Nan Nan 1101010111 111101001 1001100000 110 10000011110 111111111111 111111111111 111111111111 110101000111 1101011101 111011110 110100110 11 1011110110 111111111111 111111111111 111111111111 11011000001 21.125 57.732 1000.3 10202 16 6 10 59 50 5 $GNGGA,,,,,,0,00,99.9,,,,,,*6F
10 Nan Nan Nan Nan Nan Nan 1101010111 1000101110 1010011001 111011 10000101010 111111111111 111110010101 111111111111 110001100111 1101011101 1000000011 111100111 11 1100100001 111101110111 111011001011 111111111111 11000111111 21.125 57.725 1000.3 11200 18 4 10 60 51 3 $GNGGA,,,,,,0,00,99.9,,,,,,*6F
11 Nan Nan Nan Nan Nan Nan 1101010111 1001011111 1011000000 10100000 10000110001 111111111111 101111010000 111111111111 101110100100 1101011101 1000101000 1000011111 11 1101000110 110010000100 101110100011 111111111001 10111010111 21.125 57.694 1000.3 12199 16 5 11 59 51 3 $GNGGA,,,,,,0,00,99.9,,,,,,*6F
12 Nan Nan Nan Nan Nan Nan 1101010111 1010000111 1011100000 11110100 10000110010 110110110101 101000010110 111111111111 101011110000 1101011101 1000111010 1001000101 11 1101100010 101010101001 100110101001 111000111000 10101101010 21.125 57.663 1000.3 13199 17 4 10 60 51 3 $GNGGA,,,,,,0,00,99.9,,,,,,*6F
13 Nan Nan Nan Nan Nan Nan 1101010111 1010100110 1011111001 100111010 10000111000 101100101100 100011100111 111111111111 101001001100 1101011101 1001001100 1001100011 11 1101110100 100101101010 100001100010 110011001101 10100101001 21.125 57.580 1000.3 14198 17 5 10 59 50 4 $GNGGA,,,,,,0,00,99.9,,,,,,*6F
14 Nan Nan Nan Nan Nan Nan 1101010111 1010111100 1100001000 101110000 10000110110 100111000111 100000001111 111111111111 100110111011 1101011101 1001011001 1001111011 11 1110000001 100010001011 11110000011 101110011110 10011110010 21.125 57.519 1000.3 15197 16 5 10 59 52 3 $GNGGA,,,,,,0,00,99.9,,,,,,*6F
15 Nan Nan Nan Nan Nan Nan 1101010111 1011001110 1100010111 110100111 10000111010 100011011010 11101110101 111111111111 100100111001 1101011101 1001100111 1010010000 11 1110010010 11111101101 11011101001 101010010001 10010111110 21.125 57.511 1000.4 16197 17 5 10 60 50 4 $GNGGA,,,,,,0,00,99.9,,,,,,*6F
16 Nan Nan Nan Nan Nan Nan 1101010111 1011011011 1100100001 111001110 10000111111 100000101001 11100000011 111111111111 100011001110 1101011101 1001101111 1010011011 11 1110011110 11101111011 11010000000 100111000001 10010011111 21.125 57.564 1000.3 17196 17 5 10 58 51 4 $GNGGA,,,,,,0,00,99.9,,,,,,*6F
17 Nan Nan Nan Nan Nan Nan 1101010111 1011101000 1100101001 111110011 10000111100 11110110001 11010110101 111111111111 100001011110 1101011101 1001110101 1010101000 11 1110100101 11100011110 11000101110 100100001001 10001111111 21.125 57.587 1000.3 18195 18 5 10 60 51 3 $GNGGA,,,,,,0,00,99.9,,,,,,*6F
18 Nan Nan Nan Nan Nan Nan 1101010111 1011101110 1100101111 1000010110 10000111111 11101001001 11001110000 111111111111 11111111010 1101011110 1001111000 1010110000 11 1110101110 11011010100 10111101101 100001101010 10001101110 21.188 57.564 1000.3 19193 17 4 10 58 51 4 $GNGGA,,,,,,0,00,99.9,,,,,,*6F
19 Nan Nan Nan Nan Nan Nan 1101010111 1011110101 1100110011 1000101110 10001000001 11011110111 11000111000 111111111111 11110011101 1101011101 1001111111 1010111001 11 1110110101 11010010111 10110111010 11111100101 10001001100 21.125 57.541 1000.3 20193 17 4 10 59 52 3 $GNGGA,,,,,,0,00,99.9,,,,,,*6F
20 Nan Nan Nan Nan Nan Nan 1101010111 1011111100 1100111011 1001000111 10001000100 11010110101 11000001011 111111111111 11100010111 1101011101 1010000110 1011000000 11 1110111010 11001100010 10110010001 11101111010 10001000111 21.188 57.511 1000.3 21192 17 5 10 60 51 3 $GNGGA,,,,,,0,00,99.9,,,,,,*6F
21 Nan Nan Nan Nan Nan Nan 1101010111 1011111111 1100111011 1001010110 10001000011 11010000110 10111101101 111111111111 11010001110 1101011101 1010001101 1011000110 1011 1111000000 11000110001 10101101011 11100100001 10000111000 21.125 57.503 1000.3 22191 17 4 10 59 51 4 $GNGGA,,,,,,0,00,99.9,,,,,,*6F
22 Nan Nan Nan Nan Nan Nan 1101011000 1100000010 1100111110 1001100100 10001000011 11001010100 10111001011 111111111111 11000100010 1101011101 1010001011 1011001010 1000010 1111001000 11000001001 10101001000 11011010001 10000100111 21.188 57.503 1000.3 23190 17 4 10 59 51 4 $GNGGA,,,,,,0,00,99.9,,,,,,*6F
23 Nan Nan Nan Nan Nan Nan 1101010111 1100000110 1101000000 1001111000 10001000010 11000110101 10110111110 111111111111 10111001101 1101011101 1010001111 1011001100 1011101 1111001011 10111101010 10100110110 11010001010 10000011111 21.125 57.534 1000.4 24189 17 4 11 58 51 3 $GNGGA,,,,,,0,00,99.9,,,,,,*6F
24 Nan Nan Nan Nan Nan Nan 1101010111 1100001000 1101000011 1010000001 10001000001 11000000011 10110010011 111111111111 10110000010 1101011110 1010001110 1011001110 1111101 1111001111 10111001100 10100011101 11001001101 10000010100 21.188 57.557 1000.4 25189 17 5 10 60 50 4 $GNGGA,,,,,,0,00,99.9,,,,,,*6F
25 Nan Nan Nan Nan Nan Nan 1101010111 1100001001 1101000010 1010001101 10001000101 10111100111 10110000100 111111111111 10100111001 1101011101 1010010111 1011010100 10010010 1111010010 10110101100 10100001000 11000010110 10000001101 21.188 57.549 1000.4 26187 18 4 10 59 51 3 $GNGGA,,,,,,0,00,99.9,,,,,,*6F
26 Nan Nan Nan Nan Nan Nan 1101011000 1100001100 1101000100 1010011011 10001000101 10111010000 10101110100 111111111111 10100001100 1101011101 1010011011 1011010110 10110001 1111010100 10110001111 10011110011 10111110000 10000000111 21.188 57.519 1000.4 27187 17 4 10 58 52 3 $GNGGA,,,,,,0,00,99.9,,,,,,*6F
27 Nan Nan Nan Nan Nan Nan 1101010111 1100001110 1101000011 1010100101 10001000010 10110110100 10101011110 111111111111 10011100100 1101011101 1010011001 1011010111 11000100 1111011000 10101111101 10011100101 10110111001 1111110011 21.188 57.473 1000.4 28186 18 4 10 60 51 3 $GNGGA,,,,,,0,00,99.9,,,,,,*6F
28 Nan Nan Nan Nan Nan Nan 1101011000 1100001111 1101000100 1010110111 10001000100 10110011000 10101001010 111111111111 10011000111 1101011101 1010011011 1011011001 11100001 1111011100 10101100111 10011010101 10110100010 10000000010 21.188 57.442 1000.4 29186 16 6 11 59 50 4 $GNGGA,,,,,,0,00,99.9,,,,,,*6F
29 Nan Nan Nan Nan Nan Nan 1101010111 1100010000 1101000111 1011000010 10001000111 10110000101 10100111110 111111111111 10010101010 1101011101 1010011010 1011011010 11110110 1111011110 10101010001 10011001011 10101110110 1111110010 21.188 57.450 1000.4 30184 17 4 10 59 51 4 $GNGGA,,,,,,0,00,99.9,,,,,,*6F
30 Nan Nan Nan Nan Nan Nan 1101010111 1100001111 1101000011 1011000001 10001000101 10101110000 10100101111 111111111111 10010001111 1101011101 1010100000 1011011111 100000101 1111011110 10100111011 10010111100 10101100110 1111101101 21.188 57.457 1000.4 31183 17 4 11 59 51 3 $GNGGA,,,,,,0,00,99.9,,,,,,*6F
31 Nan Nan Nan Nan Nan Nan 1101010111 1100010010 1101000101 1011001000 10001000101 10101011101 10100011100 111111111111 10001111010 1101011101 1010011111 1011011110 100011110 1111100101 10100101100 10010110001 10101010101 1111110011 21.188 57.457 1000.4 32183 16 5 10 59 51 4 $GNGGA,,,,,,0,00,99.9,,,,,,*6F
32 Nan Nan Nan Nan Nan Nan 1101010111 1100010010 1101000111 1011010001 10001000111 10101001000 10100010011 111111111111 10001110011 1101011101 1010100000 1011011110 100110101 1111100111 10100011010 10010100001 10100110110 1111100111 21.188 57.457 1000.4 33181 18 4 10 60 51 3 $GNGGA,,,,,,0,00,99.9,,,,,,*6F
33 Nan Nan Nan Nan Nan Nan 1101010111 1100010011 1101000101 1011011000 10001001000 10100111101 10100000110 111111111111 10001101001 1101011101 1010100001 1011100000 100111011 1111100110 10100001110 10010011101 10100101100 1111101100 21.188 57.457 1000.4 34181 17 4 9 58 51 5 $GNGGA,,,,,,0,00,99.9,,,,,,*6F
34 Nan Nan Nan Nan Nan Nan 1101010111 1100010100 1101001010 1011011100 10001001000 10100101010 10011111100 111111111111 10001011000 1101011101 1010100011 1011100000 101010000 1111101010 10011111010 10010001110 10100010001 1111011100 21.188 57.442 1000.4 35180 18 4 10 60 51 3 $GNGGA,,,,,,0,00,99.9,,,,,,*6F
35 Nan Nan Nan Nan Nan Nan 1101010111 1100010101 1101001010 1011011110 10001000110 10100011001 10011101111 111111111111 10001001100 1101011101 1010101000 1011100011 101011010 1111101100 10011110000 10010000110 10100000101 1111010101 21.188 57.442 1000.4 36179 17 5 11 59 50 4 $GNGGA,,,,,,0,00,99.9,,,,,,*6F
36 Nan Nan Nan Nan Nan Nan 1101010111 1100010011 1101001001 1011011110 10001000010 10100001010 10011100110 111111111111 10001000011 1101011101 1010101001 1011100110 101100100 1111101101 10011011110 10001111001 10011110111 1111011100 21.188 57.435 1000.4 37178 16 4 10 60 50 4 $GNGGA,,,,,,0,00,99.9,,,,,,*6F
37 Nan Nan Nan Nan Nan Nan 1101010111 1100010111 1101001000 1011100111 10001000100 10100000000 10011011010 111111111111 10000111110 1101011101 1010100011 1011100101 101110100 1111101111 10011010101 10001110110 10011011111 1111010000 21.188 57.427 1000.4 38177 18 4 10 59 51 3 $GNGGA,,,,,,0,00,99.9,,,,,,*6F
38 Nan Nan Nan Nan Nan Nan 1101010111 1100010100 1101001001 1011101100 10001001000 10011101101 10011001111 111111111111 10000111000 1101011101 1010100111 1011100110 101111110 1111101111 10011000110 10001101100 10011011000 1111010110 21.188 57.419 1000.4 39177 17 4 10 59 52 3 $GNGGA,,,,,,0,00,99.9,,,,,,*6F
39 Nan Nan Nan Nan Nan Nan 1101010111 1100010100 1101001010 1011101011 10001000100 10011101100 10011001110 111111111111 10000110100 1101011101 1010101100 1011101001 110000110 1111110001 10010111111 10001100001 10011001100 1111000111 21.188 57.404 1000.3 40176 18 4 10 60 51 3 $GNGGA,,,,,,0,00,99.9,,,,,,*6F
