id HH MM SS longitude latitude altitude adc_1_ch0 adc_1_ch1 adc_1_ch2 adc_1_ch3 adc_1_ch4 adc_1_ch5 adc_1_ch6 adc_1_ch7 adc_1_ch8 adc_2_ch0 adc_2_ch1 adc_2_ch2 adc_2_ch3 adc_2_ch4 adc_2_ch5 adc_2_ch6 adc_2_ch7 adc_2_ch8 temp hum pres t_prog t_gps t_split t_adc t_temp t_hum t_pres trame_gga
1 Nan Nan Nan Nan Nan Nan 1101010111 110 1101101 111 1101000 111 1101110 111111111111 111111111111 1101011101 100 1101011 100 1101001 100 1101101 111111111111 111111111111 21.375 57.770 795.83 2212 15 4 11 59 51 3 $GNGGA,,,,,,0,00,99.9,,,,,,*6F
2 Nan Nan Nan Nan Nan Nan 1101011000 110 1101011 110 11111111 110 1101000 111111111111 111101000101 1101011101 100 1101011 100 1101000 111111111111 111111111111 111111111111 111111111111 21.375 58.266 1000.4 3212 16 4 10 59 52 3 $GNGGA,,,,,,0,00,99.9,,,,,,*6F
3 Nan Nan Nan Nan Nan Nan 1101010111 111 1101001 111 1001000011 111111111111 111111111111 111111111111 110111101101 1101011101 100 1101001 100 1100100 111111111111 111111111111 111111111111 111010010111 21.375 58.266 1000.4 4211 17 4 10 60 51 3 $GNGGA,,,,,,0,00,99.9,,,,,,*6F
4 Nan Nan Nan Nan Nan Nan 1101011000 110 1100111 111 1011101110 111111111111 111111111111 111111111111 110011000001 1101011101 100 1100111 100 1101011 111111111111 111111111111 111011111100 110000111111 21.375 58.053 1000.4 5210 16 4 10 58 51 4 $GNGGA,,,,,,0,00,99.9,,,,,,*6F
5 Nan Nan Nan Nan Nan Nan 1101011000 110 1110101 111 1101001101 111111111111 111111111111 111111111111 101111000000 1101011101 110101 1100100 100 100110100 111111111111 111111111111 110100001110 101001011000 21.375 57.953 1000.4 6209 17 4 10 60 50 4 $GNGGA,,,,,,0,00,99.9,,,,,,*6F
6 Nan Nan Nan Nan Nan Nan 1101010111 1111110 100000100 110 1110000101 111111111111 111111111111 111111111111 101011001000 1101011110 11011011 1100110 100 111100000 111111111111 111111111111 101110000101 100011101000 21.375 57.740 1000.4 7208 17 4 11 58 51 3 $GNGGA,,,,,,0,00,99.9,,,,,,*6F
7 Nan Nan Nan Nan Nan Nan 1101011000 100001011 110000100 111 1110100110 111111111111 111111111111 111111111111 100111111010 1101011101 101011001 11000100 100 1001011100 111111111111 111111111111 101000110000 11110111111 21.375 57.450 1000.4 8207 16 4 10 60 51 3 $GNGGA,,,,,,0,00,99.9,,,,,,*6F
8 Nan Nan Nan Nan Nan Nan 1101010111 101110101 111100100 110 1110110111 111111111111 111111111111 111111111111 100100111100 1101011101 110101111 100110111 100 1010110010 111111111111 111111111111 100100011101 11011011011 21.375 57.313 1000.4 9206 18 4 10 58 51 3 $GNGGA,,,,,,0,00,99.9,,,,,,*6F
9 Nan Nan Nan Nan Nan Nan 1101011000 111001000 1000101010 1110101 1111000110 111111111111 111111111111 111111111111 100010100000 1101011101 111101011 110010001 11 1011110000 111111111111 111111111111 100000111001 11000100001 21.375 57.168 1000.4 10206 16 4 10 59 52 3 $GNGGA,,,,,,0,00,99.9,,,,,,*6F
10 Nan Nan Nan Nan Nan Nan 1101010111 1000000101 1001100000 11110101 1111001111 111111111111 111101011010 111111111111 100000011000 1101011101 1000010000 111010010 11 1100011011 111001001010 111001101001 11110001000 10110011010 21.375 57.068 1000.4 11204 18 4 9 59 51 4 $GNGGA,,,,,,0,00,99.9,,,,,,*6F
11 Nan Nan Nan Nan Nan Nan 1101010111 1000110101 1010000110 101101000 1111011000 110100010101 101111010000 111111111111 11110011100 1101011101 1000110011 1000000101 101 1101000000 101101001100 101100011000 11011100011 10100100010 21.375 57.015 1000.4 12204 17 5 11 59 51 3 $GNGGA,,,,,,0,00,99.9,,,,,,*6F
12 Nan Nan Nan Nan Nan Nan 1101010111 1001011111 1010101010 110111101 1111011001 101001110110 100110100100 111111111111 11100101010 1101011101 1001000110 1000101010 10000100 1101011010 100101100011 100100001000 11001100111 10011001101 21.375 56.984 1000.3 13203 18 4 9 59 51 4 $GNGGA,,,,,,0,00,99.9,,,,,,*6F
13 Nan Nan Nan Nan Nan Nan 1101010111 1001110110 1010111110 1000010000 1111101000 100011001110 100000111100 111111111111 11011001000 1101011101 1001011011 1001001011 11110110 1101110000 100000011111 11110110000 10111110010 10001111110 21.375 56.962 1000.4 14202 17 5 11 59 51 3 $GNGGA,,,,,,0,00,99.9,,,,,,*6F
14 Nan Nan Nan Nan Nan Nan 1101010111 1010001101 1011010001 1001000101 1111100111 11110110010 11101001011 111111111111 11001110101 1101011101 1001100110 1001100001 101010011 1110000100 11101001011 11011001111 10110100000 10001001100 21.375 56.939 1000.4 15201 17 4 10 59 52 3 $GNGGA,,,,,,0,00,99.9,,,,,,*6F
15 Nan Nan Nan Nan Nan Nan 1101010111 1010011111 1011011111 1001111011 1111101000 11011110011 11010100110 111101100100 11000101010 1101011101 1001110011 1001110111 110011000 1110001111 11010101000 11000101100 10101010101 10000100010 21.375 56.916 1000.4 16201 18 5 10 60 50 4 $GNGGA,,,,,,0,00,99.9,,,,,,*6F
16 Nan Nan Nan Nan Nan Nan 1101011000 1010110001 1011101101 1010011110 1111110000 11001100011 11000110010 111001110010 10111100010 1101011101 1001111010 1010000111 111010001 1110011101 11000111110 10111000101 10100011000 10000000000 21.375 56.893 1000.4 17200 16 4 10 58 51 5 $GNGGA,,,,,,0,00,99.9,,,,,,*6F
17 Nan Nan Nan Nan Nan Nan 1101010111 1010111100 1011110110 1011000011 1111110000 10111111100 10111010111 110110110011 10110110000 1101011110 1010000001 1010010100 111111110 1110100110 10111100101 10101110000 10011011100 1111101000 21.375 56.870 1000.4 18199 18 4 10 60 51 3 $GNGGA,,,,,,0,00,99.9,,,,,,*6F
18 Nan Nan Nan Nan Nan Nan 1101010111 1011000101 1011111111 1011100000 1111110100 10110110001 10110010111 110011111011 10101110001 1101011101 1010001000 1010011111 1000101101 1110110011 10110011111 10100101110 10010110100 1111001101 21.375 56.855 1000.4 19197 16 4 11 58 51 4 $GNGGA,,,,,,0,00,99.9,,,,,,*6F
19 Nan Nan Nan Nan Nan Nan 1101010111 1011001111 1100000101 1011111100 1111111000 10101110010 10101100111 110001011001 10101000101 1101011101 1010001010 1010100100 1001000110 1110111000 10101101001 10011111110 10010010001 1110110110 21.375 56.824 1000.4 20197 17 4 10 60 51 3 $GNGGA,,,,,,0,00,99.9,,,,,,*6F
20 Nan Nan Nan Nan Nan Nan 1101011000 1011010010 1100001010 1100010010 1111111011 10101000001 10100111001 101111000110 10100011000 1101011101 1010001101 1010101100 1001011111 1110111110 10101000000 10011010111 10001101010 1110100100 21.375 56.778 1000.4 21196 18 5 10 59 51 3 $GNGGA,,,,,,0,00,99.9,,,,,,*6F
21 Nan Nan Nan Nan Nan Nan 1101010111 1011010111 1100001100 1100011111 1111111011 10100010110 10100010001 101101000011 10011111100 1101011110 1010010100 1010110011 1001110111 1111000111 10100011001 10010110101 10001010100 1110011110 21.438 56.748 1000.4 22195 17 4 10 58 52 3 $GNGGA,,,,,,0,00,99.9,,,,,,*6F
22 Nan Nan Nan Nan Nan Nan 1101010111 1011011100 1100010001 1100110010 1111111111 10011111010 10011110110 101011001101 10011011010 1101011101 1010011000 1010111001 1010000101 1111001100 10011110000 10010010110 10001000010 1110011000 21.375 56.733 1000.3 23194 17 4 10 59 51 4 $GNGGA,,,,,,0,00,99.9,,,,,,*6F
23 Nan Nan Nan Nan Nan Nan 1101011000 1011100000 1100010100 1101000100 10000000100 10011010111 10011011100 101001100010 10011000000 1101011101 1010011001 1010111110 1010010110 1111010000 10011010111 10001111111 10000011110 1110001001 21.375 56.717 1000.4 24194 17 5 11 58 51 3 $GNGGA,,,,,,0,00,99.9,,,,,,*6F
24 Nan Nan Nan Nan Nan Nan 1101011000 1011100010 1100010111 1101001010 10000000010 10010111001 10010111011 101000000111 10010100110 1101011101 1010100000 1011000000 1010100010 1111010101 10011001001 10001110000 10000100011 1110000100 21.375 56.687 1000.3 25193 17 5 10 60 50 4 $GNGGA,,,,,,0,00,99.9,,,,,,*6F
25 Nan Nan Nan Nan Nan Nan 1101011000 1011101001 1100011010 1101011001 10000000110 10010100111 10010110100 100110100100 10010001010 1101011101 1010100010 1011001000 1010101110 1111011001 10010110000 10001011101 10000001001 1110000001 21.375 56.656 1000.4 26191 17 4 11 59 51 3 $GNGGA,,,,,,0,00,99.9,,,,,,*6F
26 Nan Nan Nan Nan Nan Nan 1101010111 1011101110 1100011110 1101011110 10000001001 10010010100 10010100001 100101010011 10001111010 1101011101 1010100000 1011000110 1010111000 1111011011 10010011000 10001001110 10000000011 1101110011 21.375 56.626 1000.4 27191 17 4 9 58 52 4 $GNGGA,,,,,,0,00,99.9,,,,,,*6F
27 Nan Nan Nan Nan Nan Nan 1101010111 1011101011 1100100000 1101011110 10000000111 10010001010 10010010110 100100001010 10001100011 1101011101 1010100010 1011001001 1011000010 1111100001 10010001000 10000111011 1111111100 1101111110 21.375 56.611 1000.4 28190 18 4 10 60 51 3 $GNGGA,,,,,,0,00,99.9,,,,,,*6F
28 Nan Nan Nan Nan Nan Nan 1101011000 1011110000 1100100011 1101101010 10000001100 10001110110 10010000110 100011001001 10001010010 1101011101 1010101001 1011010001 1011010101 1111100101 10001110100 10000110001 1111111001 1101110101 21.375 56.595 1000.4 29190 16 5 10 59 50 5 $GNGGA,,,,,,0,00,99.9,,,,,,*6F
29 Nan Nan Nan Nan Nan Nan 1101010111 1011110011 1100100110 1101101110 10000001101 10001101001 10001110111 100010001101 10000111110 1101011101 1010101001 1011001110 1011001011 1111100101 10001101110 10000100111 1111100100 1101100111 21.438 56.557 1000.4 30188 18 4 9 59 51 4 $GNGGA,,,,,,0,00,99.9,,,,,,*6F
30 Nan Nan Nan Nan Nan Nan 1101010111 1011110100 1100100101 1101101001 10000001010 10001011110 10001110001 100001010110 10000110100 1101011101 1010101001 1011010011 1011011001 1111101010 10001011011 10000011000 1111100110 1101101111 21.375 56.511 1000.4 31187 17 4 11 59 51 3 $GNGGA,,,,,,0,00,99.9,,,,,,*6F
31 Nan Nan Nan Nan Nan Nan 1101011001 1011110010 1100100110 1101110000 10000001111 10001010000 10001100101 100000100010 10000101111 1101011110 1010100110 1011010011 1011011000 1111101101 10001010100 10000010100 1111010111 1101100101 21.375 56.481 1000.4 32186 16 4 10 60 50 4 $GNGGA,,,,,,0,00,99.9,,,,,,*6F
32 Nan Nan Nan Nan Nan Nan 1101011000 1011110110 1100101001 1101110010 10000001111 10001000011 10001011001 100000000010 10000100101 1101011110 1010101101 1011011001 1011011100 1111110000 10001000001 10000001011 1111011100 1101101001 21.438 56.489 1000.4 33185 18 5 10 59 51 3 $GNGGA,,,,,,0,00,99.9,,,,,,*6F
33 Nan Nan Nan Nan Nan Nan 1101010111 1011111001 1100100111 1101110110 10000010000 10000111001 10001001111 11111100001 10000011011 1101011101 1010101110 1011011000 1011100011 1111110000 10000111100 1111111101 1111010000 1101101011 21.375 56.489 1000.4 34185 17 4 10 59 52 3 $GNGGA,,,,,,0,00,99.9,,,,,,*6F
34 Nan Nan Nan Nan Nan Nan 1101010111 1011111010 1100101001 1101110111 10000010100 10000110001 10001001110 11111000110 10000010010 1101011101 1010101111 1011011010 1011101011 1111110100 10000111001 1111111011 1111010010 1101100111 21.438 56.496 1000.4 35184 18 5 10 60 51 3 $GNGGA,,,,,,0,00,99.9,,,,,,*6F
35 Nan Nan Nan Nan Nan Nan 1101010111 1011110110 1100101010 1101111111 10000010111 10000101100 10001000111 11110110001 10000001101 1101011101 1010110000 1011011100 1011101011 1111110010 10000101011 1111110011 1111001000 1101011111 21.375 56.496 1000.4 36183 16 5 11 59 50 4 $GNGGA,,,,,,0,00,99.9,,,,,,*6F
36 Nan Nan Nan Nan Nan Nan 1101010111 1011111001 1100100111 1101111110 10000010100 10000011111 10000111000 11110100010 10000010011 1101011101 1010101110 1011011101 1011101111 1111110101 10000011101 1111101101 1111001011 1101100110 21.438 56.504 1000.4 37182 18 4 9 59 51 4 $GNGGA,,,,,,0,00,99.9,,,,,,*6F
37 Nan Nan Nan Nan Nan Nan 1101010111 1011111011 1100101100 1101111111 10000010100 10000011100 10000110110 11110010111 10000001110 1101011101 1010110101 1011011111 1011110100 1111111000 10000010111 1111100111 1111001100 1101100100 21.375 56.519 1000.4 38181 16 5 11 59 50 4 $GNGGA,,,,,,0,00,99.9,,,,,,*6F
38 Nan Nan Nan Nan Nan Nan 1101011000 1011111100 1100101001 1110000110 10000010111 10000010110 10000110100 11110001011 10000000110 1101011101 1010110010 1011011111 1011111010 1111111011 10000001111 1111011101 1111001001 1101101001 21.375 56.588 1000.4 39181 16 5 10 59 52 3 $GNGGA,,,,,,0,00,99.9,,,,,,*6F
39 Nan Nan Nan Nan Nan Nan 1101011000 1011111100 1100101000 1110000100 10000011000 10000001111 10000101010 11110000010 10000001000 1101011101 1010110100 1011011111 1011111011 1111111101 10000000111 1111011100 1111000001 1101100011 21.438 56.618 1000.4 40180 17 5 10 59 51 3 $GNGGA,,,,,,0,00,99.9,,,,,,*6F
40 Nan Nan Nan Nan Nan Nan 1101010111 1100000000 1100101101 1110000111 10000011000 10000001101 10000101010 11101111000 10000001011 1101011101 1010110101 1011100010 1011111100 1111111101 10000000010 1111011010 1111000011 1101011111 21.375 56.618 1000.4 41179 17 5 10 59 51 4 $GNGGA,,,,,,0,00,99.9,,,,,,*6F
41 Nan Nan Nan Nan Nan Nan 1101011000 1011111111 1100101110 1101111111 10000010110 10000000101 10000100001 11101101101 10000001100 1101011101 1010111000 1011100011 1011111111 1111111110 10000000000 1111010011 1110111100 1101011111 21.438 56.603 1000.4 42178 17 5 10 60 51 3 $GNGGA,,,,,,0,00,99.9,,,,,,*6F
42 Nan Nan Nan Nan Nan Nan 1101010111 1100000001 1100101101 1110001010 10000011010 10000000100 10000011101 11101100010 10000000100 1101011101 1010111010 1011100100 1100000101 10000000000 1111110101 1111001110 1110110101 1101011010 21.438 56.588 1000.4 43176 16 4 11 59 50 4 $GNGGA,,,,,,0,00,99.9,,,,,,*6F
43 Nan Nan Nan Nan Nan Nan 1101011000 1100000000 1100101111 1110001010 10000011010 1111111011 10000010100 11101010101 10000000000 1101011101 1010111001 1011100101 1100001000 10000000010 1111110110 1111010000 1110111011 1101010110 21.438 56.557 1000.4 44177 16 5 10 60 50 4 $GNGGA,,,,,,0,00,99.9,,,,,,*6F
44 Nan Nan Nan Nan Nan Nan 1101011000 1011111110 1100101110 1110001011 10000011011 1111110110 10000011000 11101010100 10000000110 1101011101 1010111011 1011100101 1100001000 10000000000 1111110100 1111001100 1110111100 1101100000 21.438 56.550 1000.4 45175 18 5 10 59 51 3 $GNGGA,,,,,,0,00,99.9,,,,,,*6F
45 Nan Nan Nan Nan Nan Nan 1101011000 1011111111 1100101100 1110000011 10000011010 1111101101 10000001101 11101000101 10000000000 1101011101 1010111000 1011100100 1100001000 10000000011 1111101001 1111000010 1110110101 1101011100 21.438 56.534 1000.4 46175 17 4 10 59 52 3 $GNGGA,,,,,,0,00,99.9,,,,,,*6F
46 Nan Nan Nan Nan Nan Nan 1101010111 1100000011 1100110000 1110000100 10000011010 1111101010 10000010000 11100111010 1111111111 1101011101 1010111010 1011100111 1100010000 10000000011 1111100011 1110111011 1110111001 1101100000 21.438 56.550 1000.4 47173 17 4 10 59 51 4 $GNGGA,,,,,,0,00,99.9,,,,,,*6F
47 Nan Nan Nan Nan Nan Nan 1101011000 1100000100 1100101111 1110001011 10000011110 1111101100 10000001100 11100101110 10000000001 1101011101 1010111011 1011100111 1100010011 10000000110 1111100011 1110111110 1110110111 1101011110 21.438 56.572 1000.4 48173 16 5 10 59 50 5 $GNGGA,,,,,,0,00,99.9,,,,,,*6F
48 Nan Nan Nan Nan Nan Nan 1101010111 1100000110 1100110001 1110001011 10000100000 1111100011 10000000110 11100100100 10000000011 1101011110 1010111011 1011100110 1100001110 10000000111 1111011101 1110110111 1110110010 1101011010 21.438 56.588 1000.4 49171 18 4 9 59 51 4 $GNGGA,,,,,,0,00,99.9,,,,,,*6F
49 Nan Nan Nan Nan Nan Nan 1101010111 1100000101 1100110000 1110001001 10000100001 1111011110 10000000010 11100011010 1111111001 1101011101 1010111101 1011101001 1100010000 10000000110 1111011110 1110111011 1110101110 1101011001 21.438 56.611 1000.4 50171 16 5 11 59 50 4 $GNGGA,,,,,,0,00,99.9,,,,,,*6F
50 Nan Nan Nan Nan Nan Nan 1101011000 1100000110 1100101101 1110001001 10000011101 1111100000 10000000000 11100001101 1111111110 1101011101 1011000001 1011101100 1100010100 10000000111 1111010111 1110110100 1110110010 1101011011 21.438 56.603 1000.4 51170 16 4 10 59 51 4 $GNGGA,,,,,,0,00,99.9,,,,,,*6F
51 Nan Nan Nan Nan Nan Nan 1101011000 1100000100 1100110000 1110001010 10000100000 1111011111 1111111110 11100000101 1111111001 1101011101 1010111110 1011101100 1100011010 10000001001 1111010100 1110110101 1110101110 1101011011 21.438 56.618 1000.4 52169 17 5 10 60 50 4 $GNGGA,,,,,,0,00,99.9,,,,,,*6F
52 Nan Nan Nan Nan Nan Nan 1101010111 1100000111 1100110010 1110010010 10000100000 1111010111 1111111001 11100000000 1111111010 1101011101 1010111110 1011101011 1100010111 10000001000 1111010011 1110111000 1110110000 1101011010 21.438 56.664 1000.4 53169 16 5 10 59 50 5 $GNGGA,,,,,,0,00,99.9,,,,,,*6F
53 Nan Nan Nan Nan Nan Nan 1101010111 1100000110 1100101111 1110010010 10000100100 1111011100 1111111000 11011111101 1111111111 1101011101 1010111011 1011101010 1100011001 10000001011 1111001101 1110110011 1110110101 1101100110 21.438 56.717 1000.4 54167 18 4 10 59 51 3 $GNGGA,,,,,,0,00,99.9,,,,,,*6F
54 Nan Nan Nan Nan Nan Nan 1101011000 1100000111 1100110010 1110010000 10000100001 1111010010 1111111010 11011110011 1111111000 1101011101 1010111110 1011101100 1100011101 10000001001 1111000101 1110101100 1110110000 1101010011 21.438 56.710 1000.4 55166 16 4 11 59 51 3 $GNGGA,,,,,,0,00,99.9,,,,,,*6F
55 Nan Nan Nan Nan Nan Nan 1101010111 1100000111 1100110010 1110010111 10000100010 1111010001 1111111000 11011100111 1111110101 1101011101 1011000001 1011101100 1100011101 10000001100 1111000100 1110101001 1110101010 1101010101 21.438 56.687 1000.4 56165 17 4 10 60 51 3 $GNGGA,,,,,,0,00,99.9,,,,,,*6F
56 Nan Nan Nan Nan Nan Nan 1101011000 1100001000 1100101101 1110001101 10000011111 1111010010 1111110101 11011101001 1111110111 1101011101 1011000100 1011101111 1100100011 10000001110 1111001010 1110110010 1110011110 1101001001 21.438 56.687 1000.4 57164 17 4 10 58 51 4 $GNGGA,,,,,,0,00,99.9,,,,,,*6F
57 Nan Nan Nan Nan Nan Nan 1101010111 1100000101 1100110000 1110011001 10000100100 1111001011 1111101101 11011011111 1111101111 1101011101 1010111101 1011101100 1100100111 10000001110 1111001010 1110101000 1110101010 1101010100 21.438 56.649 1000.4 58164 16 4 10 58 52 4 $GNGGA,,,,,,0,00,99.9,,,,,,*6F
58 Nan Nan Nan Nan Nan Nan 1101010111 1100000110 1100110001 1110010111 10000100100 1111001110 1111110011 11011100100 1111110101 1101011101 1011000001 1011101110 1100011011 10000001001 1110111110 1110011110 1110100011 1101001101 21.438 56.626 1000.4 59163 17 5 10 60 51 3 $GNGGA,,,,,,0,00,99.9,,,,,,*6F
59 Nan Nan Nan Nan Nan Nan 1101010111 1100001010 1100110100 1110010011 10000100011 1111000111 1111101110 11011011111 1111101111 1101011110 1011000010 1011101110 1100100011 10000001110 1110111011 1110011101 1110101001 1101010001 21.438 56.595 1000.4 60163 16 6 10 59 50 5 $GNGGA,,,,,,0,00,99.9,,,,,,*6F
60 Nan Nan Nan Nan Nan Nan 1101010111 1100000110 1100110011 1110010111 10000100111 1111000011 1111101010 11011010110 1111101110 1101011101 1011000100 1011110001 1100100111 10000001111 1110111011 1110011111 1110100010 1101010101 21.438 56.588 1000.4 61161 17 4 10 59 51 4 $GNGGA,,,,,,0,00,99.9,,,,,,*6F
61 Nan Nan Nan Nan Nan Nan 1101011000 1100001000 1100110000 1110011000 10000100011 1111000010 1111101011 11011010100 1111110001 1101011101 1010111110 1011101010 1100100111 10000010000 1111000000 1110100111 1110100110 1101010100 21.438 56.595 1000.4 62160 16 5 11 59 50 4 $GNGGA,,,,,,0,00,99.9,,,,,,*6F
62 Nan Nan Nan Nan Nan Nan 1101011000 1100001010 1100110010 1110011010 10000100110 1111000001 1111100000 11011001011 1111101000 1101011101 1011000010 1011101110 1100101101 10000010010 1110111010 1110100001 1110100100 1101010000 21.438 56.611 1000.4 63159 16 4 10 59 51 4 $GNGGA,,,,,,0,00,99.9,,,,,,*6F
63 Nan Nan Nan Nan Nan Nan 1101011000 1100001100 1100110101 1110011001 10000100111 1111000001 1111100110 11011000010 1111100011 1101011101 1011000101 1011110000 1100110011 10000010011 1110110101 1110100000 1110100001 1101001100 21.438 56.634 1000.4 64158 17 4 10 59 50 4 $GNGGA,,,,,,0,00,99.9,,,,,,*6F
64 Nan Nan Nan Nan Nan Nan 1101011000 1100000110 1100101110 1110011000 10000100111 1110111100 1111011111 11011000101 1111110101 1101011101 1011000011 1011110000 1100101000 10000010000 1110110001 1110011010 1110100110 1101010010 21.438 56.641 1000.4 65158 16 4 10 59 52 3 $GNGGA,,,,,,0,00,99.9,,,,,,*6F
65 Nan Nan Nan Nan Nan Nan 1101010111 1100001100 1100110010 1110100001 10000101010 1110111110 1111100101 11010101110 1111100110 1101011110 1011000110 1011110000 1100110000 10000010001 1110101111 1110011011 1110100011 1101001100 21.438 56.664 1000.4 66157 17 5 10 60 50 4 $GNGGA,,,,,,0,00,99.9,,,,,,*6F
66 Nan Nan Nan Nan Nan Nan 1101010111 1100001101 1100110100 1110011100 10000100111 1111000011 1111100101 11010101110 1111101010 1101011110 1011000101 1011110001 1100110000 10000010001 1110101011 1110010111 1110100110 1101010011 21.438 56.717 1000.4 67155 16 4 11 59 51 3 $GNGGA,,,,,,0,00,99.9,,,,,,*6F
67 Nan Nan Nan Nan Nan Nan 1101011000 1100001110 1100110100 1110011110 10000101001 1110111101 1111100101 11010011110 1111100110 1101011101 1011000111 1011110011 1100110011 10000010011 1110101001 1110010101 1110100001 1101010010 21.438 56.763 1000.4 68155 16 4 10 59 51 4 $GNGGA,,,,,,0,00,99.9,,,,,,*6F
68 Nan Nan Nan Nan Nan Nan 1101010111 1100001101 1100110001 1110011100 10000101000 1110110110 1111011110 11010010111 1111100011 1101011101 1011000110 1011110000 1100110011 10000010001 1110101101 1110010111 1110010100 1101000100 21.438 56.763 1000.4 69154 17 4 10 59 51 3 $GNGGA,,,,,,0,00,99.9,,,,,,*6F
69 Nan Nan Nan Nan Nan Nan 1101011000 1100001100 1100110011 1110100000 10000100111 1110111010 1111101011 11010001110 1111100011 1101011101 1011001001 1011110100 1100111100 10000010011 1110101100 1110010011 1110011001 1101001010 21.438 56.763 1000.4 70153 16 4 10 59 51 4 $GNGGA,,,,,,0,00,99.9,,,,,,*6F
70 Nan Nan Nan Nan Nan Nan 1101010111 1100001100 1100110001 1110011111 10000101010 1110110101 1111011110 11010000000 1111011111 1101011101 1011000111 1011110011 1100110110 10000010011 1110101001 1110010010 1110011101 1101001100 21.438 56.771 1000.4 71152 17 4 10 60 51 3 $GNGGA,,,,,,0,00,99.9,,,,,,*6F
71 Nan Nan Nan Nan Nan Nan 1101010111 1100001010 1100110011 1110011101 10000101000 1110110010 1111011001 11001111011 1111011111 1101011101 1011000110 1011110010 1100110101 10000010011 1110101000 1110010101 1110011010 1101001010 21.438 56.763 1000.4 72152 16 5 11 58 51 3 $GNGGA,,,,,,0,00,99.9,,,,,,*6F
72 Nan Nan Nan Nan Nan Nan 1101011000 1100010000 1100110100 1110100000 10000101001 1110110010 1111010111 11001101100 1111010101 1101011101 1011000110 1011110010 1100111011 10000010101 1110101001 1110010100 1110010100 1101001100 21.438 56.778 1000.4 73150 17 4 10 60 51 3 $GNGGA,,,,,,0,00,99.9,,,,,,*6F
73 Nan Nan Nan Nan Nan Nan 1101010111 1100010000 1100110011 1110100111 10000101011 1110101111 1111010101 11001011110 1111010011 1101011101 1011000111 1011101111 1100110011 10000010100 1110100100 1110010010 1110011111 1101001111 21.438 56.794 1000.4 74150 16 5 11 59 50 4 $GNGGA,,,,,,0,00,99.9,,,,,,*6F
74 Nan Nan Nan Nan Nan Nan 1101011000 1100010000 1100110100 1110100001 10000101011 1110101110 1111010111 11001010011 1111010000 1101011101 1011001001 1011110110 1100111010 10000010101 1110100111 1110010000 1110010100 1101000011 21.438 56.801 1000.4 75149 16 4 10 59 52 3 $GNGGA,,,,,,0,00,99.9,,,,,,*6F
75 Nan Nan Nan Nan Nan Nan 1101011000 1100001110 1100110001 1110100101 10000101000 1110101000 1111010010 11001010100 1111010011 1101011101 1011001000 1011110011 1100111111 10000011000 1110100100 1110001110 1110011001 1101000111 21.438 56.817 1000.4 76148 17 4 10 59 51 3 $GNGGA,,,,,,0,00,99.9,,,,,,*6F
76 Nan Nan Nan Nan Nan Nan 1101010111 1100010001 1100110011 1110101001 10000101100 1110101011 1111010100 11001000101 1111010000 1101011101 1011001000 1011110100 1100111010 10000010110 1110101011 1110010000 1110011011 1101001011 21.438 56.832 1000.4 77147 16 5 10 59 51 4 $GNGGA,,,,,,0,00,99.9,,,,,,*6F
77 Nan Nan Nan Nan Nan Nan 1101011000 1100010000 1100110101 1110101001 10000101111 1110101001 1111001111 11000111010 1111001001 1101011101 1011001000 1011110100 1100111110 10000010110 1110100000 1110001001 1110010110 1101001011 21.438 56.786 1000.4 78146 17 4 10 60 51 3 $GNGGA,,,,,,0,00,99.9,,,,,,*6F
78 Nan Nan Nan Nan Nan Nan 1101011000 1100001110 1100110110 1110101001 10000101101 1110101001 1111010010 11000111100 1111001010 1101011101 1011000101 1011110010 1101000100 10000010111 1110011010 1110000111 1110010110 1101001001 21.438 56.748 1000.4 79145 16 4 11 59 51 3 $GNGGA,,,,,,0,00,99.9,,,,,,*6F
79 Nan Nan Nan Nan Nan Nan 1101010111 1100010000 1100110110 1110100101 10000101100 1110100100 1111010000 11000110101 1111001010 1101011101 1011001000 1011110101 1101001001 10000011001 1110011100 1110001010 1110010000 1101000111 21.438 56.740 1000.4 80144 16 4 10 60 50 4 $GNGGA,,,,,,0,00,99.9,,,,,,*6F
80 Nan Nan Nan Nan Nan Nan 1101010111 1100010100 1100111001 1110100001 10000101001 1110100110 1111010011 11000110000 1111001101 1101011101 1011000100 1011110010 1101000001 10000011000 1110011011 1110001100 1110010101 1101001011 21.438 56.763 1000.4 81143 17 4 10 59 51 3 $GNGGA,,,,,,0,00,99.9,,,,,,*6F
81 Nan Nan Nan Nan Nan Nan 1101010111 1100010000 1100110101 1110101000 10000101110 1110100010 1111001001 11000011111 1111000001 1101011101 1011000111 1011110100 1101000000 10000011001 1110011100 1110001010 1110010001 1101001011 21.438 56.794 1000.4 82143 16 4 10 59 52 3 $GNGGA,,,,,,0,00,99.9,,,,,,*6F
82 Nan Nan Nan Nan Nan Nan 1101011000 1100010010 1100110100 1110100101 10000101100 1110011011 1111000111 11000100011 1110111100 1101011110 1011001001 1011110011 1100111111 10000010110 1110010100 1110000011 1110010111 1101001000 21.438 56.809 1000.4 83141 17 4 10 60 51 3 $GNGGA,,,,,,0,00,99.9,,,,,,*6F
83 Nan Nan Nan Nan Nan Nan 1101011000 1100010000 1100110101 1110101001 10000101100 1110100010 1111010000 11000011001 1111000011 1101011110 1011001010 1011110101 1101000000 10000010111 1110011011 1110000110 1110010101 1101001010 21.500 56.832 1000.4 84141 17 5 9 58 51 5 $GNGGA,,,,,,0,00,99.9,,,,,,*6F
84 Nan Nan Nan Nan Nan Nan 1101011000 1100001111 1100110011 1110101110 10000110001 1110100000 1111000110 11000011000 1111000011 1101011101 1011001001 1011110110 1101001001 10000011001 1110011000 1110000011 1110001100 1101000011 21.438 56.847 1000.4 85140 17 4 10 60 51 3 $GNGGA,,,,,,0,00,99.9,,,,,,*6F
85 Nan Nan Nan Nan Nan Nan 1101011000 1100010001 1100110101 1110101000 10000101111 1110100000 1111001010 11000001000 1110111110 1101011101 1011001101 1011110011 1101001010 10000011100 1110001111 1110000010 1110001110 1100111011 21.438 56.855 1000.4 86138 16 4 11 58 51 4 $GNGGA,,,,,,0,00,99.9,,,,,,*6F
86 Nan Nan Nan Nan Nan Nan 1101010111 1100010000 1100110100 1110101011 10000101111 1110011110 1111000100 11000001011 1111000001 1101011101 1011001000 1011110011 1101001000 10000011001 1110011100 1110000110 1110010010 1101000110 21.438 56.862 1000.4 87138 16 5 10 59 51 4 $GNGGA,,,,,,0,00,99.9,,,,,,*6F
87 Nan Nan Nan Nan Nan Nan 1101011000 1100010000 1100110101 1110101110 10000101111 1110011101 1111001011 10111110010 1110111001 1101011101 1011001011 1011110111 1101000111 10000011010 1110010101 1110000110 1110001101 1101000011 21.438 56.870 1000.4 88137 17 4 10 60 51 3 $GNGGA,,,,,,0,00,99.9,,,,,,*6F
88 Nan Nan Nan Nan Nan Nan 1101011000 1100001111 1100110100 1110101011 10000110000 1110011111 1111000101 10111100111 1110110010 1101011101 1011001001 1011111000 1101000111 10000011010 1110011000 1110000100 1110001001 1101001101 21.438 56.870 1000.4 89137 16 4 10 59 52 3 $GNGGA,,,,,,0,00,99.9,,,,,,*6F
89 Nan Nan Nan Nan Nan Nan 1101011000 1100010010 1100110110 1110101000 10000101101 1110010101 1111000001 10111100111 1110101011 1101011110 1011001101 1011110111 1101001010 10000011100 1110010010 1101111011 1110001011 1101001000 21.438 56.862 1000.4 90135 17 4 10 60 50 4 $GNGGA,,,,,,0,00,99.9,,,,,,*6F
90 Nan Nan Nan Nan Nan Nan 1101011000 1100010011 1100110101 1110100101 10000101110 1110011111 1111001100 10111101100 1110110101 1101011101 1011001101 1011110101 1101000011 10000011001 1110001100 1110000010 1110001100 1101001001 21.438 56.862 1000.4 91134 16 5 11 59 51 3 $GNGGA,,,,,,0,00,99.9,,,,,,*6F
91 Nan Nan Nan Nan Nan Nan 1101011000 1100010001 1100110101 1110101011 10000101110 1110011000 1111000100 10111100000 1110101011 1101011110 1011001000 1011110100 1101001100 10000011100 1110010110 1110000101 1110001001 1101000111 21.438 56.847 1000.4 92133 16 4 10 60 50 4 $GNGGA,,,,,,0,00,99.9,,,,,,*6F
92 07 16 24 Nan Nan Nan 1101011000 1100010011 1100110110 1110101011 10000110000 1110010110 1111000100 10111010100 1110101000 1101011101 1011001110 1011110110 1101001010 10000011011 1110001001 1101111000 1110000001 1100111011 21.438 56.840 1000.4 93296 17 7 11 60 50 4 $GNGGA,071624.61,,,,,0,00,99.9,,,,,,*40
93 07 16 26 Nan Nan Nan 1101010111 1100010001 1100110110 1110101110 10000101111 1110001111 1110110111 10111010000 1110110001 1101011101 1011001000 1011110101 1101001111 10000011100 1110001010 1101111010 1110000111 1101000110 21.438 56.832 1000.4 94529 17 6 10 59 51 4 $GNGGA,071626.00,,,,,0,00,99.9,,,,,,*45
94 07 16 27 Nan Nan Nan 1101011000 1100010010 1100110001 1110101000 10000110000 1110001101 1110111110 10111010100 1110110010 1101011101 1011001100 1011110110 1101001011 10000011011 1110010001 1101111101 1110001100 1101001011 21.438 56.817 1000.4 95529 16 7 12 59 50 4 $GNGGA,071627.00,,,,,0,00,99.9,,,,,,*44
95 07 16 28 Nan Nan Nan 1101010111 1100010100 1100111001 1110101101 10000110001 1110010111 1111000101 10111001111 1110110000 1101011110 1011001011 1011110110 1101010100 10000011101 1110001101 1101111100 1110001001 1101000100 21.438 56.801 1000.4 96528 16 7 11 60 51 3 $GNGGA,071628.00,,,,,0,00,99.9,,,,,,*4B
96 07 16 29 Nan Nan Nan 1101011000 1100010100 1100110101 1110101010 10000110011 1110010100 1110111110 10111001001 1110110010 1101011101 1011001100 1011110111 1101010001 10000011011 1110001111 1101111100 1110000100 1100111101 21.500 56.794 1000.4 97526 17 6 10 58 51 4 $GNGGA,071629.00,,,,,0,00,99.9,,,,,,*4A
97 07 16 30 Nan Nan Nan 1101011000 1100010010 1100110101 1110101000 10000101111 1110010011 1111000010 10111000010 1110101101 1101011101 1011000101 1011110011 1101010001 10000011110 1110001101 1101111000 1110000110 1100111111 21.438 56.778 1000.4 98526 17 6 10 59 51 4 $GNGGA,071630.00,,,,,0,00,99.9,,,,,,*42
98 07 16 31 Nan Nan Nan 1101010111 1100010011 1100110101 1110110010 10000110100 1110010110 1111000011 10111000101 1110100110 1101011110 1011001100 1011110111 1101010001 10000011111 1110001100 1101111010 1110000111 1101000001 21.438 56.771 1000.4 99685 16 7 11 60 51 3 $GNGGA,071631.00,,,,,0,00,99.9,,,,,,*43
99 07 16 32 Nan Nan Nan 1101011000 1100010010 1100110010 1110101101 10000110010 1110010010 1111000010 10111000001 1110110001 1101011110 1011001101 1011110111 1101010010 10000011101 1110001010 1101111010 1110000110 1100111100 21.500 56.771 1000.4 100524 16 8 12 59 51 3 $GNGGA,071632.00,,,,,0,00,99.9,,,,,,*40
100 07 16 33 Nan Nan Nan 1101011000 1100010001 1100110101 1110101000 10000110010 1110010000 1110111101 10110111110 1110100111 1101011110 1011001111 1011111001 1101010111 10000011110 1110000101 1101110110 1110000010 1100111111 21.438 56.771 1000.4 101523 17 7 11 60 50 4 $GNGGA,071633.00,,,,,0,00,99.9,,,,,,*41
101 07 16 34 Nan Nan Nan 1101011000 1100010011 1100110010 1110101010 10000110101 1110010000 1110111101 10110111101 1110110100 1101011110 1011001011 1011111000 1101010100 10000011101 1110001001 1101111001 1110000110 1101000010 21.438 56.763 1000.4 102522 16 7 12 59 50 4 $GNGGA,071634.00,,,,,0,00,99.9,,,,,,*46
102 07 16 35 Nan Nan Nan 1101011000 1100010101 1100110111 1110101100 10000110010 1110010000 1110111110 10110110111 1110101111 1101011101 1011001110 1011111010 1101010101 10000100000 1110001101 1101111101 1110000001 1101000001 21.438 56.763 1000.4 103521 16 6 10 58 52 4 $GNGGA,071635.00,,,,,0,00,99.9,,,,,,*47
103 07 16 36 Nan Nan Nan 1101011000 1100010100 1100110110 1110101001 10000110000 1110001100 1110111001 10110110001 1110101010 1101011110 1011001111 1011111100 1101010000 10000011110 1110001000 1101110101 1110001100 1101010000 21.500 56.756 1000.4 104520 17 7 11 60 51 3 $GNGGA,071636.00,,,,,0,00,99.9,,,,,,*44
104 07 16 37 Nan Nan Nan 1101010111 1100010010 1100110110 1110111000 10000111000 1110001111 1110111011 10110100111 1110101000 1101011101 1011001011 1011110111 1101010000 10000011111 1110000100 1101110010 1110000100 1101000000 21.500 56.763 1000.4 105678 17 6 11 59 50 4 $GNGGA,071637.00,,,,,0,00,99.9,,,,,,*45
105 07 16 38 Nan Nan Nan 1101011000 1100010010 1100110011 1110110010 10000110001 1110001110 1110111010 10110100100 1110101001 1101011110 1011001010 1011110110 1101010101 10000100000 1110001011 1101110111 1110000011 1100111110 21.500 56.763 1000.4 106518 17 6 11 59 51 3 $GNGGA,071638.00,,,,,0,00,99.9,,,,,,*4A
106 07 16 39 Nan Nan Nan 1101011000 1100010011 1100110101 1110101111 10000110101 1110001010 1110110011 10110100001 1110100100 1101011101 1011001011 1011111000 1101011101 10000100000 1110001001 1101111001 1110000100 1100111110 21.438 56.763 1000.4 107517 16 7 12 59 51 3 $GNGGA,071639.00,,,,,0,00,99.9,,,,,,*4B
107 07 16 40 Nan Nan Nan 1101011000 1100010010 1100110011 1110101011 10000110001 1110001000 1110110110 10110100000 1110100110 1101011101 1011001100 1011111000 1101011011 10000011111 1110001011 1101111011 1101110111 1100111100 21.438 56.756 1000.4 108517 16 6 11 60 51 3 $GNGGA,071640.00,,,,,0,00,99.9,,,,,,*45
108 07 16 41 Nan Nan Nan 1101011000 1100010011 1100110011 1110110110 10000110101 1110001010 1110110101 10110010101 1110100111 1101011101 1011001111 1011111101 1101011011 10000100001 1110000110 1101110110 1101111110 1100111110 21.438 56.725 1000.4 109515 17 6 11 58 51 3 $GNGGA,071641.00,,,,,0,00,99.9,,,,,,*44
109 07 16 42 Nan Nan Nan 1101011000 1100010101 1100110011 1110110001 10000111000 1110000101 1110110001 10110010010 1110100101 1101011101 1011001111 1011111001 1101011001 10000011101 1110000001 1101110011 1101111110 1100110011 21.438 56.733 1000.4 110515 16 7 11 59 52 3 $GNGGA,071642.00,,,,,0,00,99.9,,,,,,*47
110 07 16 43 Nan Nan Nan 1101011000 1100010110 1100111000 1110110101 10000110011 1110000111 1110110111 10110010010 1110011100 1101011110 1011001101 1011111001 1101011101 10000011110 1110000110 1101110111 1101111010 1100111001 21.500 56.740 1000.4 111675 16 7 11 60 50 4 $GNGGA,071643.00,,,,,0,00,99.9,,,,,,*46
111 07 16 44 Nan Nan Nan 1101011000 1100010011 1100110100 1110110011 10000110101 1110000011 1110101100 10110001110 1110011000 1101011101 1011001110 1011111011 1101011111 10000100000 1110000100 1101110010 1101110011 1100110110 21.500 56.725 1000.4 112513 16 7 11 58 51 4 $GNGGA,071644.00,,,,,0,00,99.9,,,,,,*41
112 07 16 45 Nan Nan Nan 1101011000 1100010111 1100110101 1110110001 10000110110 1110001011 1110110010 10110001100 1110100010 1101011101 1011001100 1011111001 1101011011 10000011111 1110000000 1101110011 1101110110 1100110111 21.500 56.710 1000.4 113513 17 7 11 60 50 4 $GNGGA,071645.00,,,,,0,00,99.9,,,,,,*40
113 07 16 46 Nan Nan Nan 1101011000 1100010100 1100110100 1110101110 10000110011 1110001001 1110110110 10110001100 1110011000 1101011110 1011001001 1011110100 1101011011 10000011111 1110000001 1101110001 1110000001 1100111101 21.500 56.740 1000.4 114512 16 7 12 59 51 3 $GNGGA,071646.00,,,,,0,00,99.9,,,,,,*43
114 07 16 47 Nan Nan Nan 1101011000 1100010101 1100110011 1110110000 10000110010 1110001001 1110111001 10110000010 1110010010 1101011101 1011001111 1011111000 1101011100 10000100001 1110000011 1101110001 1110000000 1101000001 21.500 56.702 1000.4 115512 16 7 11 59 51 4 $GNGGA,071647.00,,,,,0,00,99.9,,,,,,*42
115 07 16 48 Nan Nan Nan 1101011000 1100010101 1100110100 1110101110 10000110001 1110000111 1110110010 10101111111 1110010010 1101011110 1011001011 1011111001 1101100000 10000100001 1110000011 1101110110 1101111101 1101000000 21.500 56.702 1000.4 116510 17 7 11 60 51 3 $GNGGA,071648.00,,,,,0,00,99.9,,,,,,*4D
116 07 16 49 Nan Nan Nan 1101011000 1100010100 1100110100 1110110101 10000110111 1110000011 1110101101 10110000000 1110010011 1101011110 1011001111 1011111001 1101011010 10000100000 1110000000 1101110010 1101111110 1100111001 21.500 56.710 1000.4 117670 16 7 12 59 51 3 $GNGGA,071649.00,,,,,0,00,99.9,,,,,,*4C
117 07 16 50 Nan Nan Nan 1101011000 1100010101 1100110101 1110101110 10000110010 1110000111 1110110010 10101111010 1110010011 1101011110 1011001101 1011110111 1101100000 10000100001 1110000010 1101110100 1101111100 1100111101 21.500 56.695 1000.4 118508 18 6 10 60 50 4 $GNGGA,071650.00,,,,,0,00,99.9,,,,,,*44
118 07 16 51 Nan Nan Nan 1101011000 1100010101 1100110111 1110111000 10000110111 1101111111 1110101100 10101111101 1110011000 1101011101 1011001110 1011111000 1101011101 10000100001 1101111100 1101101111 1101111011 1100111010 21.500 56.702 1000.4 119507 16 7 11 58 51 4 $GNGGA,071651.00,,,,,0,00,99.9,,,,,,*45
119 07 16 52 Nan Nan Nan 1101011000 1100010100 1100110100 1110101111 10000110011 1110000111 1110110110 10101111011 1110010100 1101011101 1011001101 1011110111 1101101000 10000100011 1101111100 1101101100 1101111101 1100111010 21.500 56.733 1000.4 120507 16 7 11 60 51 3 $GNGGA,071652.00,,,,,0,00,99.9,,,,,,*46
120 07 16 53 Nan Nan Nan 1101011000 1100010111 1100110101 1110111010 10000111001 1110000111 1110110001 10101111111 1110010000 1101011110 1011001101 1011110110 1101101010 10000100100 1101111011 1101101100 1101111111 1100111100 21.500 56.725 1000.4 121505 17 7 10 58 51 4 $GNGGA,071653.00,,,,,0,00,99.9,,,,,,*47
121 07 16 54 Nan Nan Nan 1101011000 1100011000 1100110101 1110110101 10000110011 1110000011 1110101111 10101101111 1110001000 1101011110 1011010001 1011111001 1101011110 10000100000 1101111011 1101101100 1101111010 1100110101 21.500 56.717 1000.4 122505 16 7 11 58 52 3 $GNGGA,071654.00,,,,,0,00,99.9,,,,,,*40
122 07 16 55 Nan Nan Nan 1101010111 1100010110 1100110011 1110110010 10000110100 1101111111 1110101000 10101110011 1110001010 1101011110 1011001101 1011111000 1101100110 10000100010 1101111111 1101101000 1101111000 1100110100 21.500 56.702 1000.4 123599 16 7 12 59 51 3 $GNGGA,071655.00,,,,,0,00,99.9,,,,,,*41
123 07 16 56 Nan Nan Nan 1101011000 1100011000 1100110110 1110110100 10000110101 1110000001 1110101111 10101110111 1110011001 1101011110 1011001100 1011111000 1101100000 10000100010 1101111010 1101101000 1101111000 1100111000 21.500 56.687 1000.4 124503 16 8 12 59 50 4 $GNGGA,071656.00,,,,,0,00,99.9,,,,,,*42
124 07 16 57 Nan Nan Nan 1101011000 1100010110 1100110110 1110110011 10000110100 1101111010 1110101001 10101110111 1110010111 1101011110 1011001111 1011111001 1101100110 10000100011 1101111100 1101101111 1101110111 1100110101 21.500 56.679 1000.4 125502 17 7 11 60 50 4 $GNGGA,071657.00,,,,,0,00,99.9,,,,,,*43
125 07 16 58 Nan Nan Nan 1101011000 1100010111 1100110101 1110110101 10000110111 1101111011 1110100100 10101110010 1110010000 1101011110 1011001110 1011111001 1101100100 10000100010 1101110111 1101101000 1101110011 1100111010 21.500 56.687 1000.4 126500 16 7 12 59 51 3 $GNGGA,071658.00,,,,,0,00,99.9,,,,,,*4C
126 07 16 59 Nan Nan Nan 1101011000 1100011001 1100111001 1110110101 10000110010 1101111100 1110101011 10101110000 1110010100 1101011101 1011001111 1011111100 1101101000 10000100011 1101111001 1101101010 1101110111 1100111110 21.500 56.679 1000.4 127500 16 7 11 59 52 3 $GNGGA,071659.00,,,,,0,00,99.9,,,,,,*4D
