id HH MM SS longitude latitude altitude adc_1_ch0 adc_1_ch1 adc_1_ch2 adc_1_ch3 adc_1_ch4 adc_1_ch5 adc_1_ch6 adc_1_ch7 adc_1_ch8 adc_2_ch0 adc_2_ch1 adc_2_ch2 adc_2_ch3 adc_2_ch4 adc_2_ch5 adc_2_ch6 adc_2_ch7 adc_2_ch8 temp hum pres t_prog t_gps t_split t_adc t_temp t_hum t_pres trame_gga
1 07 17 03 Nan Nan Nan 1101011000 1100010101 1100110110 1110111001 10000110110 1110000001 1110110000 10101101000 1110001111 1101011101 1011001110 1011111010 1101110010 10000100011 1101110100 1101101001 1101111000 1100111011 21.500 56.710 795.83 1900 17 7 10 59 51 4 $GNGGA,071703.00,,,,,0,00,99.9,,,,,,*43
2 07 17 04 Nan Nan Nan 1101011000 1100010100 1100110011 1110111000 10000110110 1101111011 1110100110 10101100110 1110010101 1101011110 1011001100 1011110111 1101101011 10000100010 1101111001 1101101011 1101111000 1100110111 21.500 56.717 1000.4 2900 16 7 12 59 51 3 $GNGGA,071704.00,,,,,0,00,99.9,,,,,,*44
3 07 17 05 Nan Nan Nan 1101011000 1100010011 1100110011 1110110101 10000110110 1110000000 1110101101 10101100110 1110010000 1101011101 1011010001 1011111000 1101101011 10000100100 1101111100 1101101101 1101110011 1100111100 21.500 56.740 1000.4 3899 16 7 11 60 51 3 $GNGGA,071705.00,,,,,0,00,99.9,,,,,,*45
4 07 17 06 Nan Nan Nan 1101011000 1100010100 1100110101 1110110100 10000111000 1101110100 1110011110 10101100101 1110010000 1101011110 1011001110 1011111011 1101101110 10000100100 1101111000 1101100111 1101110110 1100111011 21.500 56.756 1000.4 4898 16 7 12 59 51 3 $GNGGA,071706.00,,,,,0,00,99.9,,,,,,*46
5 07 17 07 Nan Nan Nan 1101011000 1100010100 1100110010 1110110001 10000110100 1101110101 1110100110 10101100100 1110001000 1101011101 1011010001 1011111001 1101101101 10000100100 1101110100 1101101001 1101110000 1100110001 21.500 56.786 1000.4 6059 16 8 12 59 51 3 $GNGGA,071707.00,,,,,0,00,99.9,,,,,,*47
6 07 17 08 Nan Nan Nan 1101011000 1100010101 1100110101 1110111011 10000111000 1101110100 1110100010 10101101010 1110011110 1101011110 1011010010 1011111010 1101101001 10000100101 1101111100 1101101001 1101110101 1100110101 21.500 56.778 1000.4 6896 17 7 10 59 51 4 $GNGGA,071708.00,,,,,0,00,99.9,,,,,,*48
7 07 17 09 Nan Nan Nan 1101011000 1100010101 1100110100 1110111010 10000111000 1101110110 1110100110 10101101100 1110001000 1101011110 1011001011 1011110101 1101101011 10000100101 1101110101 1101100110 1101110110 1100110111 21.500 56.778 1000.4 7896 16 8 12 59 51 3 $GNGGA,071709.00,,,,,0,00,99.9,,,,,,*49
8 07 17 10 Nan Nan Nan 1101011000 1100010111 1100110110 1110110010 10000110110 1101111010 1110100111 10101100111 1110000101 1101011110 1011001100 1011111001 1101101110 10000100101 1101111010 1101100111 1101110010 1100110110 21.500 56.763 1000.4 8895 17 7 11 60 50 4 $GNGGA,071710.00,,,,,0,00,99.9,,,,,,*41
9 07 17 11 Nan Nan Nan 1101011000 1100010110 1100110101 1110110111 10000110111 1101111000 1110101001 10101101000 1110000100 1101011110 1011001110 1011111011 1101101110 10000100100 1101110001 1101100101 1101101111 1100110100 21.500 56.778 1000.4 9893 16 7 12 58 51 3 $GNGGA,071711.00,,,,,0,00,99.9,,,,,,*40
10 07 17 12 Nan Nan Nan 1101011000 1100010101 1100110011 1110111100 10000110110 1101110101 1110011110 10101100000 1110000100 1101011110 1011010010 1011111100 1101101001 10000100010 1101110110 1101100110 1101110001 1100110110 21.500 56.786 1000.4 10892 16 6 10 58 52 4 $GNGGA,071712.00,,,,,0,00,99.9,,,,,,*43
11 07 17 13 Nan Nan Nan 1101011000 1100011001 1100110110 1110111100 10000110110 1101110110 1110100111 10101101000 1110010100 1101011110 1011001111 1011111001 1101110110 10000100101 1101110100 1101100111 1101110101 1100111011 21.500 56.786 1000.4 12054 17 7 11 60 51 3 $GNGGA,071713.00,,,,,0,00,99.9,,,,,,*42
12 07 17 14 Nan Nan Nan 1101011000 1100010110 1100110101 1110110111 10000110111 1101110110 1110100111 10101100100 1110010101 1101011110 1011001111 1011111000 1101110011 10000100100 1101110100 1101100011 1101110001 1100111001 21.500 56.786 1000.4 12890 17 7 10 58 51 5 $GNGGA,071714.00,,,,,0,00,99.9,,,,,,*45
13 07 17 15 Nan Nan Nan 1101010111 1100011000 1100110110 1110111100 10000110110 1101111001 1110101001 10101100100 1110010001 1101011110 1011001011 1011111010 1101101110 10000100110 1101110110 1101100101 1101101110 1100110111 21.500 56.794 1000.4 13890 17 7 11 60 51 3 $GNGGA,071715.00,,,,,0,00,99.9,,,,,,*44
14 07 17 16 Nan Nan Nan 1101011000 1100010110 1100110011 1110111011 10000110110 1101110011 1110100010 10101011010 1110001000 1101011101 1011001111 1011111000 1101111000 10000100101 1101110010 1101100011 1101101111 1100101100 21.500 56.794 1000.4 14889 16 7 12 59 50 4 $GNGGA,071716.00,,,,,0,00,99.9,,,,,,*47
15 07 17 17 Nan Nan Nan 1101011000 1100010100 1100110011 1110111010 10000111000 1101111000 1110101001 10101100000 1110010100 1101011110 1011010000 1011111010 1101111001 10000100111 1101110011 1101100100 1101110011 1100110100 21.500 56.794 1000.4 15888 16 7 11 60 51 3 $GNGGA,071717.00,,,,,0,00,99.9,,,,,,*46
16 07 17 18 Nan Nan Nan 1101011000 1100010110 1100110100 1110111110 10000111001 1101111011 1110101110 10101011011 1110001001 1101011110 1011010010 1011111010 1101110101 10000100110 1101110001 1101100010 1101101100 1100100111 21.500 56.786 1000.4 16887 16 7 12 59 51 3 $GNGGA,071718.00,,,,,0,00,99.9,,,,,,*49
17 07 17 19 Nan Nan Nan 1101011000 1100010111 1100110101 1111000000 10000111001 1101110001 1110011110 10101011100 1110001110 1101011110 1011010010 1011111001 1101111001 10000100111 1101110011 1101100101 1101110101 1100111000 21.500 56.771 1000.4 18049 16 8 12 58 51 3 $GNGGA,071719.00,,,,,0,00,99.9,,,,,,*48
18 07 17 20 Nan Nan Nan 1101011000 1100011000 1100111000 1111000000 10000111011 1101110111 1110101001 10101011110 1110001100 1101011110 1011001110 1011110111 1101111011 10000100110 1101110100 1101100111 1101111000 1100110110 21.500 56.763 1000.4 18885 18 6 10 59 51 4 $GNGGA,071720.00,,,,,0,00,99.9,,,,,,*42
19 07 17 21 Nan Nan Nan 1101011000 1100011000 1100110101 1110111110 10000110110 1101111000 1110101010 10101011100 1110001100 1101011110 1011001110 1011111001 1101110111 10000100101 1101110011 1101100011 1101101001 1100101100 21.500 56.740 1000.4 19884 16 8 12 59 51 3 $GNGGA,071721.00,,,,,0,00,99.9,,,,,,*43
20 07 17 22 Nan Nan Nan 1101011001 1100011000 1100110110 1110111110 10000111000 1101111001 1110101000 10101010101 1110000111 1101011110 1011010001 1011111001 1101111101 10000100101 1101110011 1101100010 1101110100 1100110111 21.500 56.756 1000.4 20884 18 7 10 60 50 4 $GNGGA,071722.00,,,,,0,00,99.9,,,,,,*40
21 07 17 23 Nan Nan Nan 1101011000 1100010101 1100110011 1110111111 10000111100 1101110010 1110100010 10101001110 1110001011 1101011101 1011010100 1011111011 1101111100 10000100111 1101101110 1101100010 1101110101 1100111000 21.500 56.748 1000.4 21883 17 7 11 59 50 4 $GNGGA,071723.00,,,,,0,00,99.9,,,,,,*41
22 07 17 24 Nan Nan Nan 1101011000 1100011000 1100110101 1110111100 10000110111 1101110101 1110100011 10101010001 1110011001 1101011101 1011010010 1011111100 1101111110 10000101000 1101101111 1101100000 1101101110 1100101111 21.500 56.710 1000.4 22881 16 7 10 58 52 4 $GNGGA,071724.00,,,,,0,00,99.9,,,,,,*46
23 07 17 25 Nan Nan Nan 1101011000 1100011000 1100110111 1111000011 10000111000 1101110011 1110100100 10101010001 1110001100 1101011110 1011010000 1011111010 1101111000 10000100101 1101101011 1101011101 1101110000 1100110001 21.500 56.710 1000.4 24043 17 7 10 59 51 4 $GNGGA,071725.00,,,,,0,00,99.9,,,,,,*47
24 07 17 26 Nan Nan Nan 1101011000 1100010110 1100110010 1111000011 10000111001 1101110110 1110100101 10101000111 1110000010 1101011110 1011010000 1011111011 1101111111 10000100111 1101101111 1101100000 1101101100 1100101011 21.500 56.733 1000.4 24880 16 8 10 58 51 5 $GNGGA,071726.00,,,,,0,00,99.9,,,,,,*44
25 07 17 27 Nan Nan Nan 1101011000 1100010110 1100110101 1110111111 10000110111 1101110000 1110100010 10101000001 1110000101 1101011101 1011010011 1011111001 1101111011 10000101000 1101110000 1101100100 1101110011 1100110110 21.500 56.740 1000.4 25878 17 6 10 59 51 4 $GNGGA,071727.00,,,,,0,00,99.9,,,,,,*45
26 07 17 28 Nan Nan Nan 1101011000 1100010111 1100110100 1111000010 10000110110 1101111001 1110100110 10101000101 1110010000 1101011110 1011010000 1011111001 1101111000 10000100101 1101111000 1101101001 1101101001 1100101010 21.500 56.756 1000.4 26877 16 7 12 59 51 3 $GNGGA,071728.00,,,,,0,00,99.9,,,,,,*4A
27 07 17 29 Nan Nan Nan 1101011000 1100010101 1100110010 1111000111 10000111011 1101110100 1110100111 10100111110 1110001100 1101011110 1011010000 1011110111 1110000000 10000101001 1101101110 1101011110 1101110001 1100111011 21.500 56.794 1000.4 27877 16 7 11 60 51 3 $GNGGA,071729.00,,,,,0,00,99.9,,,,,,*4B
