id HH MM SS longitude latitude altitude adc_1_ch0 adc_1_ch1 adc_1_ch2 adc_1_ch3 adc_1_ch4 adc_1_ch5 adc_1_ch6 adc_1_ch7 adc_1_ch8 adc_2_ch0 adc_2_ch1 adc_2_ch2 adc_2_ch3 adc_2_ch4 adc_2_ch5 adc_2_ch6 adc_2_ch7 adc_2_ch8 temp hum pres t_prog t_gps t_split t_adc t_temp t_hum t_pres trame_gga
1 07 17 33 Nan Nan Nan 1101010111 1100011001 1100110100 1111000101 10000110110 1101101010 1110011011 10100110110 1110001011 1101011110 1011010001 1011111011 1101110111 10000101000 1101110000 1101011110 1101110000 1100110011 21.500 56.801 795.83 2613 16 7 11 59 51 4 $GNGGA,071733.00,,,,,0,00,99.9,,,,,,*40
2 07 17 34 Nan Nan Nan 1101011000 1100010111 1100110100 1111000000 10000110111 1101101101 1110011101 10100110101 1110001011 1101011101 1011010000 1011111000 1101110011 10000100110 1101101100 1101100000 1101110001 1100110101 21.500 56.786 1000.4 3612 17 7 11 60 50 4 $GNGGA,071734.00,,,,,0,00,99.9,,,,,,*47
3 07 17 35 Nan Nan Nan 1101011000 1100010111 1100110100 1110111000 10000110110 1101101110 1110100001 10100110010 1110000101 1101011101 1011010010 1011111001 1101110111 10000101000 1101101110 1101011111 1101110001 1100111010 21.500 56.756 1000.4 4612 16 8 11 59 51 4 $GNGGA,071735.00,,,,,0,00,99.9,,,,,,*46
4 07 17 36 Nan Nan Nan 1101010111 1100011010 1100110111 1110111100 10000110110 1101110011 1110100000 10100110111 1110001001 1101011110 1011010001 1011111011 1110000000 10000101001 1101110001 1101100010 1101101111 1100111100 21.500 56.740 1000.4 5610 17 7 11 60 51 3 $GNGGA,071736.00,,,,,0,00,99.9,,,,,,*45
5 07 17 37 Nan Nan Nan 1101011000 1100010101 1100110101 1111000000 10000111010 1101101010 1110011101 10100110101 1110001001 1101011101 1011010010 1011111000 1110000000 10000101001 1101101001 1101011010 1101100101 1100110001 21.500 56.725 1000.4 6771 17 7 10 58 51 4 $GNGGA,071737.00,,,,,0,00,99.9,,,,,,*44
6 07 17 38 Nan Nan Nan 1101011000 1100010111 1100110110 1111000001 10000111010 1101101100 1110011010 10100101111 1110000000 1101011101 1011010001 1011111101 1110000000 10000101000 1101101001 1101011111 1101101001 1100110101 21.500 56.725 1000.4 7609 16 7 11 60 51 3 $GNGGA,071738.00,,,,,0,00,99.9,,,,,,*4B
7 07 17 39 Nan Nan Nan 1101011000 1100011001 1100110101 1111000010 10000110111 1101101001 1110010110 10100110100 1110000110 1101011110 1011010010 1011111101 1101111010 10000100111 1101101010 1101011101 1101101010 1100111000 21.500 56.733 1000.4 8607 17 6 10 58 51 4 $GNGGA,071739.00,,,,,0,00,99.9,,,,,,*4A
8 07 17 40 Nan Nan Nan 1101011000 1100011001 1100110101 1111000100 10000110111 1101101001 1110011000 10100110100 1101111110 1101011110 1011010000 1011111011 1101111110 10000101010 1101101001 1101011010 1101101000 1100110100 21.500 56.740 1000.4 9607 16 7 11 59 52 3 $GNGGA,071740.00,,,,,0,00,99.9,,,,,,*44
9 07 17 41 Nan Nan Nan 1101011000 1100010111 1100110100 1111000000 10000110101 1101101110 1110011011 10100101011 1101111111 1101011110 1011001111 1011111000 1110000100 10000101010 1101110000 1101100000 1101100110 1100110010 21.500 56.756 1000.4 10606 17 7 11 60 51 3 $GNGGA,071741.00,,,,,0,00,99.9,,,,,,*45
10 07 17 42 Nan Nan Nan 1101011000 1100011000 1100110110 1110111110 10000111001 1101101110 1110011101 10100101111 1110000001 1101011110 1011010100 1011111100 1101111011 10000100100 1101101100 1101011101 1101100001 1100101110 21.500 56.756 1000.4 11604 16 7 11 58 51 4 $GNGGA,071742.00,,,,,0,00,99.9,,,,,,*46
11 07 17 43 Nan Nan Nan 1101011000 1100011000 1100110100 1110111111 10000111001 1101100101 1110011110 10100101100 1110000100 1101011110 1011010001 1011111010 1110000000 10000101001 1101100111 1101011011 1101100001 1100100000 21.500 56.748 1000.4 12766 16 7 11 59 52 3 $GNGGA,071743.00,,,,,0,00,99.9,,,,,,*47
12 07 17 44 Nan Nan Nan 1101011000 1100011000 1100110101 1110111101 10000110111 1101100110 1110011000 10100100111 1101111110 1101011110 1011010100 1011111101 1110000001 10000101000 1101101001 1101011000 1101100101 1100110011 21.500 56.756 1000.4 13602 16 7 12 58 51 3 $GNGGA,071744.00,,,,,0,00,99.9,,,,,,*40
13 07 17 45 Nan Nan Nan 1101011000 1100011000 1100110100 1111000000 10000111010 1101101010 1110011110 10100100111 1110000001 1101011101 1011010011 1011111010 1110000010 10000101000 1101100011 1101011001 1101100101 1100101110 21.500 56.756 1000.4 14602 16 7 11 58 52 3 $GNGGA,071745.00,,,,,0,00,99.9,,,,,,*41
14 07 17 46 Nan Nan Nan 1101011000 1100011011 1100111000 1111000110 10000111010 1101101011 1110011011 10100101111 1110000100 1101011110 1011010011 1011111011 1110000101 10000100111 1101101011 1101011101 1101101001 1100110101 21.500 56.756 1000.4 15601 17 7 11 60 51 3 $GNGGA,071746.00,,,,,0,00,99.9,,,,,,*42
15 07 17 47 Nan Nan Nan 1101011000 1100010110 1100110100 1111000011 10000111011 1101101101 1110011100 10100100110 1101111111 1101011110 1011010011 1011111100 1110000010 10000101001 1101100100 1101011000 1101100110 1100101110 21.500 56.748 1000.4 16602 16 8 11 59 50 5 $GNGGA,071747.00,,,,,0,00,99.9,,,,,,*43
16 07 17 48 Nan Nan Nan 1101011000 1100011001 1100110111 1111000010 10000111011 1101110000 1110011111 10100110001 1110000010 1101011110 1011010011 1011111011 1101111111 10000101000 1101101101 1101011100 1101101101 1100110101 21.500 56.748 1000.4 17600 17 7 11 59 51 3 $GNGGA,071748.00,,,,,0,00,99.9,,,,,,*4C
17 07 17 49 Nan Nan Nan 1101011000 1100011000 1100110110 1111001001 10000111011 1101100111 1110010110 10100101000 1110000010 1101011110 1011010100 1011111010 1101111110 10000100111 1101101001 1101011111 1101101101 1100111000 21.500 56.740 1000.4 18761 17 7 11 60 51 3 $GNGGA,071749.00,,,,,0,00,99.9,,,,,,*4D
18 07 17 50 Nan Nan Nan 1101011000 1100011001 1100110011 1111001101 10000111011 1101101001 1110011100 10100101010 1110000000 1101011110 1011010010 1011111001 1110001010 10000101010 1101100110 1101100000 1101101001 1100110100 21.500 56.748 1000.4 19597 16 7 10 58 52 4 $GNGGA,071750.00,,,,,0,00,99.9,,,,,,*45
19 07 17 51 Nan Nan Nan 1101011000 1100011000 1100110101 1111000100 10000110110 1101100100 1110010001 10100101100 1110000010 1101011110 1011010100 1011111110 1110000101 10000101011 1101101010 1101011101 1101011101 1100101110 21.563 56.740 1000.4 20597 18 7 10 59 50 4 $GNGGA,071751.00,,,,,0,00,99.9,,,,,,*44
20 07 17 52 Nan Nan Nan 1101011000 1100011010 1100110110 1111001001 10000111011 1101101111 1110011010 10100011111 1101111010 1101011101 1011010011 1011111100 1101111110 10000100111 1101101000 1101011001 1101101011 1100101100 21.500 56.717 1000.4 21597 16 7 11 59 51 4 $GNGGA,071752.00,,,,,0,00,99.9,,,,,,*47
21 07 17 53 Nan Nan Nan 1101011000 1100010110 1100110101 1111000101 10000111010 1101100010 1110010010 10100100000 1101111000 1101011110 1011010100 1011111000 1110001101 10000101100 1101100101 1101011000 1101100101 1100101111 21.500 56.725 1000.4 22595 17 7 11 60 51 3 $GNGGA,071753.00,,,,,0,00,99.9,,,,,,*46
22 07 17 54 Nan Nan Nan 1101011000 1100011000 1100110101 1111000111 10000111001 1101101011 1110011001 10100100000 1101111100 1101011101 1011010011 1011111100 1110000101 10000101001 1101101011 1101011010 1101101011 1100110010 21.563 56.740 1000.4 23595 16 8 12 58 51 3 $GNGGA,071754.00,,,,,0,00,99.9,,,,,,*41
23 07 17 55 Nan Nan Nan 1101011000 1100011000 1100110101 1111000111 10000111010 1101100111 1110010110 10100100000 1101111110 1101011110 1011010001 1011111001 1110000100 10000100101 1101100100 1101010101 1101110001 1100110111 21.500 56.740 1000.4 24754 16 7 11 58 52 3 $GNGGA,071755.00,,,,,0,00,99.9,,,,,,*40
24 07 17 56 Nan Nan Nan 1101011000 1100011010 1100110101 1111000111 10000111010 1101101000 1110011011 10100100000 1101110111 1101011110 1011010100 1011111011 1110000110 10000101000 1101101100 1101011100 1101110001 1100111100 21.563 56.756 1000.4 25592 16 7 12 59 51 3 $GNGGA,071756.00,,,,,0,00,99.9,,,,,,*43
25 07 17 57 Nan Nan Nan 1101011000 1100011001 1100110110 1111001100 10001000000 1101100011 1110010100 10100100110 1110000001 1101011110 1011010011 1011111100 1110000111 10000101010 1101101011 1101011011 1101100110 1100110010 21.563 56.740 1000.4 26592 16 7 11 59 52 3 $GNGGA,071757.00,,,,,0,00,99.9,,,,,,*42
26 07 17 58 Nan Nan Nan 1101011000 1100011011 1100110101 1111001001 10000111011 1101101010 1110011010 10100011000 1101111101 1101011110 1011010011 1011111010 1110010000 10000101100 1101101001 1101011000 1101100000 1100101110 21.563 56.740 1000.4 27591 17 7 11 59 51 3 $GNGGA,071758.00,,,,,0,00,99.9,,,,,,*4D
27 07 17 59 Nan Nan Nan 1101011000 1100011000 1100110011 1111000000 10000111010 1101011111 1110010001 10100011101 1101111110 1101011110 1011010101 1011111110 1110001000 10000101001 1101100110 1101011001 1101101000 1100110010 21.563 56.725 1000.4 28591 17 8 10 59 50 5 $GNGGA,071759.00,,,,,0,00,99.9,,,,,,*4C
28 07 18 00 Nan Nan Nan 1101011000 1100011010 1100110101 1111001010 10000111010 1101100101 1110011101 10100011010 1110000001 1101011101 1011010001 1011111010 1110001110 10000101011 1101101001 1101011010 1101100100 1100101001 21.563 56.687 1000.4 29588 18 6 10 60 50 4 $GNGGA,071800.00,,,,,0,00,99.9,,,,,,*4F
29 07 18 01 Nan Nan Nan 1101011000 1100011011 1100111000 1111000000 10000110111 1101101000 1110010011 10100010101 1101111110 1101011110 1011010011 1011111100 1110001000 10000101010 1101100111 1101010100 1101100001 1100101100 21.563 56.679 1000.4 30749 17 7 11 60 51 3 $GNGGA,071801.00,,,,,0,00,99.9,,,,,,*4E
30 07 18 02 Nan Nan Nan 1101011000 1100011000 1100110100 1111000000 10000111001 1101100010 1110010011 10100010101 1101111000 1101011110 1011010010 1011111100 1110001100 10000101100 1101100100 1101010110 1101100101 1100101100 21.563 56.664 1000.4 31587 16 7 11 59 52 3 $GNGGA,071802.00,,,,,0,00,99.9,,,,,,*4D
31 07 18 03 Nan Nan Nan 1101011000 1100010111 1100110101 1111000000 10000110111 1101100011 1110010100 10100010011 1101110111 1101011110 1011010000 1011111010 1110001110 10000101011 1101101100 1101100001 1101011111 1100101001 21.563 56.702 1000.4 32585 18 6 10 59 50 4 $GNGGA,071803.00,,,,,0,00,99.9,,,,,,*4C
32 07 18 04 Nan Nan Nan 1101011000 1100010110 1100110100 1111000100 10000111010 1101011110 1110010011 10100010101 1101111111 1101011110 1011010010 1011111001 1110000111 10000101010 1101100001 1101010100 1101011110 1100101000 21.563 56.710 1000.4 33585 16 8 10 58 52 4 $GNGGA,071804.00,,,,,0,00,99.9,,,,,,*4B
33 07 18 05 Nan Nan Nan 1101011000 1100011000 1100110100 1111001001 10000111010 1101100001 1110001111 10100001111 1101110110 1101011110 1011010100 1011111011 1110000111 10000101011 1101011110 1101010001 1101101010 1100110011 21.563 56.702 1000.4 34584 17 7 11 60 51 3 $GNGGA,071805.00,,,,,0,00,99.9,,,,,,*4A
34 07 18 06 Nan Nan Nan 1101011000 1100010101 1100110010 1111001010 10000111010 1101100011 1110001111 10100001000 1101111010 1101011110 1011010000 1011111001 1110000111 10000100111 1101100011 1101010110 1101011110 1100101101 21.563 56.687 1000.4 35582 16 7 11 58 51 4 $GNGGA,071806.00,,,,,0,00,99.9,,,,,,*49
35 07 18 07 Nan Nan Nan 1101011000 1100010111 1100110011 1111000011 10000111010 1101101001 1110010110 10100000110 1101110110 1101011110 1011010011 1011111100 1110000111 10000101010 1101100010 1101010101 1101100010 1100101111 21.563 56.695 1000.4 36743 16 7 10 58 52 4 $GNGGA,071807.00,,,,,0,00,99.9,,,,,,*48
36 07 18 08 Nan Nan Nan 1101011000 1100011001 1100110101 1111000001 10000111000 1101100011 1110010100 10100000111 1101110110 1101011110 1011010001 1011111010 1110001110 10000101010 1101100100 1101010100 1101011100 1100101101 21.563 56.695 1000.4 37581 16 7 12 59 50 4 $GNGGA,071808.00,,,,,0,00,99.9,,,,,,*47
37 07 18 09 Nan Nan Nan 1101011000 1100010110 1100110010 1111000101 10000111001 1101101000 1110010110 10100000111 1101111011 1101011110 1011010110 1011111110 1110001010 10000101100 1101011111 1101010000 1101100001 1100101111 21.563 56.717 1000.4 38581 16 7 11 59 51 4 $GNGGA,071809.00,,,,,0,00,99.9,,,,,,*46
38 07 18 10 Nan Nan Nan 1101011000 1100010110 1100110010 1111000011 10000111000 1101100010 1110010101 10100001000 1101111100 1101011110 1011010001 1011110111 1110001000 10000101010 1101101010 1101011001 1101100011 1100101111 21.563 56.740 1000.4 39579 17 7 10 59 51 4 $GNGGA,071810.00,,,,,0,00,99.9,,,,,,*4E
39 07 18 11 Nan Nan Nan 1101011000 1100011001 1100110101 1111001001 10000111011 1101100000 1110010001 10100000010 1101110010 1101011110 1011010011 1011111100 1110001011 10000101001 1101100100 1101011100 1101011011 1100100111 21.563 56.740 1000.4 40579 16 8 11 59 51 4 $GNGGA,071811.00,,,,,0,00,99.9,,,,,,*4F
40 07 18 12 Nan Nan Nan 1101011000 1100011001 1100110111 1111000101 10000111010 1101011110 1110001101 10100000110 1101111000 1101011110 1011010011 1011111100 1110001101 10000101100 1101100011 1101010011 1101100011 1100110001 21.563 56.756 1000.4 41577 17 7 11 60 51 3 $GNGGA,071812.00,,,,,0,00,99.9,,,,,,*4C
41 07 18 13 Nan Nan Nan 1101011000 1100011010 1100110110 1111001101 10000111001 1101100011 1110010111 10100000001 1101101110 1101011110 1011010000 1011111010 1110001001 10000101100 1101100010 1101010110 1101100001 1100101010 21.563 56.771 1000.4 42738 17 7 11 60 51 3 $GNGGA,071813.00,,,,,0,00,99.9,,,,,,*4D
42 07 18 14 Nan Nan Nan 1101011000 1100011001 1100110110 1111001000 10000111001 1101100001 1110010000 10100000110 1101110010 1101011110 1011010100 1011111100 1110010010 10000101011 1101100110 1101010111 1101100101 1100110100 21.563 56.786 1000.4 43576 16 7 11 59 52 3 $GNGGA,071814.00,,,,,0,00,99.9,,,,,,*4A
43 07 18 15 Nan Nan Nan 1101011000 1100011001 1100110111 1111001011 10000111101 1101100110 1110010100 10011111010 1101101111 1101011110 1011001110 1011111000 1110001101 10000101011 1101101011 1101011011 1101100011 1100101111 21.563 56.786 1000.4 44574 17 7 11 58 51 3 $GNGGA,071815.00,,,,,0,00,99.9,,,,,,*4B
44 07 18 16 Nan Nan Nan 1101011000 1100011000 1100110100 1111001000 10000111001 1101100100 1110010111 10011111100 1101101101 1101011110 1011010100 1011111101 1110001010 10000101100 1101100011 1101010011 1101011010 1100101101 21.563 56.801 1000.4 45574 16 8 11 59 52 3 $GNGGA,071816.00,,,,,0,00,99.9,,,,,,*48
45 07 18 17 Nan Nan Nan 1101011000 1100011011 1100110101 1111000101 10000110101 1101011111 1110001111 10011111000 1101110011 1101011101 1011001111 1011111001 1110010000 10000101011 1101100110 1101010110 1101011101 1100101110 21.563 56.809 1000.4 46573 17 7 11 60 51 3 $GNGGA,071817.00,,,,,0,00,99.9,,,,,,*49
46 07 18 18 Nan Nan Nan 1101011000 1100011000 1100110110 1111000101 10000111001 1101011101 1110010000 10011110110 1101101100 1101011110 1011010101 1011111011 1110001111 10000101011 1101100010 1101010100 1101011100 1100101000 21.563 56.809 1000.4 47571 16 7 12 59 51 3 $GNGGA,071818.00,,,,,0,00,99.9,,,,,,*46
47 07 18 19 Nan Nan Nan 1101011000 1100011001 1100110101 1111000101 10000111001 1101011110 1110010000 10011111100 1101110000 1101011110 1011010101 1011111100 1110010100 10000101101 1101100100 1101010011 1101011111 1100101101 21.563 56.809 1000.4 48732 16 8 11 58 52 3 $GNGGA,071819.00,,,,,0,00,99.9,,,,,,*47
48 07 18 20 Nan Nan Nan 1101011000 1100010111 1100110001 1111001101 10000111111 1101100011 1110010110 10011111011 1101101100 1101011110 1011010010 1011111011 1110010010 10000101011 1101100111 1101010101 1101100101 1100110101 21.563 56.801 1000.4 49569 17 7 10 58 51 4 $GNGGA,071820.00,,,,,0,00,99.9,,,,,,*4D
49 07 18 21 Nan Nan Nan 1101011000 1100011011 1100111000 1111001001 10000111010 1101011101 1110001110 10011110111 1101101110 1101011110 1011010000 1011111010 1110010000 10000101010 1101011111 1101010000 1101100011 1100101110 21.563 56.801 1000.4 50569 16 7 11 59 52 3 $GNGGA,071821.00,,,,,0,00,99.9,,,,,,*4C
50 07 18 22 Nan Nan Nan 1101011000 1100010100 1100110000 1111001000 10000110111 1101011011 1110001111 10011111101 1101111000 1101011110 1011010010 1011111011 1110001011 10000101011 1101100010 1101010010 1101011010 1100100111 21.563 56.801 1000.4 51568 17 7 10 59 51 4 $GNGGA,071822.00,,,,,0,00,99.9,,,,,,*4F
51 07 18 23 Nan Nan Nan 1101011000 1100011010 1100110110 1111001101 10000111010 1101100100 1110001111 10011111011 1101101101 1101011110 1011010011 1011111101 1110001011 10000101010 1101011100 1101010000 1101011110 1100101111 21.563 56.809 1000.4 52567 16 8 12 59 50 4 $GNGGA,071823.00,,,,,0,00,99.9,,,,,,*4E
52 07 18 24 Nan Nan Nan 1101011000 1100010111 1100110100 1111000011 10000111001 1101011100 1110001110 10011111101 1101111000 1101011110 1011010011 1011111101 1110010101 10000101100 1101100001 1101010010 1101011010 1100101101 21.563 56.809 1000.4 53566 17 7 11 60 51 3 $GNGGA,071824.00,,,,,0,00,99.9,,,,,,*49
53 07 18 25 Nan Nan Nan 1101011000 1100010110 1100110100 1111010000 10000111001 1101011111 1110010010 10011111100 1101101011 1101011110 1011010100 1011111010 1110010011 10000101010 1101100110 1101010101 1101011010 1100100110 21.563 56.809 1000.4 54726 17 7 11 59 51 3 $GNGGA,071825.00,,,,,0,00,99.9,,,,,,*48
54 07 18 26 Nan Nan Nan 1101011000 1100010110 1100110100 1111001001 10000111001 1101011011 1110001101 10011111011 1101101110 1101011110 1011010101 1011111101 1110010101 10000101011 1101100001 1101010010 1101101000 1100110101 21.563 56.809 1000.4 55564 16 7 10 58 52 4 $GNGGA,071826.00,,,,,0,00,99.9,,,,,,*4B
55 07 18 27 Nan Nan Nan 1101011000 1100011000 1100110100 1111001010 10000110101 1101100011 1110010010 10100000001 1101110000 1101011110 1011010000 1011111100 1110010101 10000101010 1101011110 1101010101 1101011111 1100101110 21.563 56.809 1000.4 56564 17 7 11 59 50 4 $GNGGA,071827.00,,,,,0,00,99.9,,,,,,*4A
56 07 18 28 Nan Nan Nan 1101011000 1100011001 1100110100 1111001101 10000111100 1101100000 1110010001 10100000010 1101110001 1101011110 1011011001 1011111011 1110011000 10000101011 1101011101 1101001110 1101010100 1100100100 21.563 56.824 1000.4 57563 16 8 11 59 50 5 $GNGGA,071828.00,,,,,0,00,99.9,,,,,,*45
57 07 18 29 Nan Nan Nan 1101011000 1100011011 1100110101 1111010010 10000111010 1101011110 1110010010 10011111011 1101110001 1101011110 1011010011 1011111010 1110010010 10000101011 1101100001 1101010001 1101011010 1100101000 21.563 56.824 1000.4 58561 17 7 10 59 51 4 $GNGGA,071829.00,,,,,0,00,99.9,,,,,,*44
58 07 18 30 Nan Nan Nan 1101011000 1100011000 1100110010 1111001110 10000111111 1101011010 1110001011 10011111110 1101101101 1101011110 1011010101 1011111011 1110010100 10000101100 1101100000 1101001111 1101011010 1100100110 21.563 56.832 1000.4 59560 17 7 11 59 50 4 $GNGGA,071830.00,,,,,0,00,99.9,,,,,,*4C
59 07 18 31 Nan Nan Nan 1101011000 1100011001 1100110100 1111001001 10000111001 1101011111 1110010001 10011101111 1101100111 1101011110 1011010100 1011111100 1110010100 10000101100 1101011110 1101010011 1101100001 1100101010 21.563 56.840 1000.4 60722 17 7 10 59 51 4 $GNGGA,071831.00,,,,,0,00,99.9,,,,,,*4D
60 07 18 32 Nan Nan Nan 1101011000 1100010111 1100110010 1111001100 10000111100 1101011110 1110010000 10011111000 1101101111 1101011110 1011010010 1011111010 1110011010 10000101011 1101100010 1101010001 1101100010 1100101110 21.563 56.840 1000.4 61558 17 6 10 58 51 4 $GNGGA,071832.00,,,,,0,00,99.9,,,,,,*4E
61 07 18 33 Nan Nan Nan 1101011000 1100011010 1100110101 1111001010 10000111110 1101011011 1110001111 10011110010 1101110100 1101011110 1011010011 1011111011 1110010100 10000101101 1101011011 1101001100 1101100001 1100110101 21.563 56.840 1000.4 62558 16 7 11 59 52 3 $GNGGA,071833.00,,,,,0,00,99.9,,,,,,*4F
62 07 18 34 Nan Nan Nan 1101011000 1100011000 1100110100 1111001001 10000111000 1101011110 1110001111 10011111000 1101101110 1101011101 1011010010 1011111100 1110010100 10000101101 1101011111 1101010111 1101010110 1100101011 21.563 56.840 1000.4 63557 17 7 11 60 50 4 $GNGGA,071834.00,,,,,0,00,99.9,,,,,,*48
63 07 18 35 Nan Nan Nan 1101011000 1100010110 1100110011 1111000110 10000111010 1101011101 1110010010 10011110110 1101100110 1101011110 1011010010 1011111011 1110010100 10000101101 1101011000 1101001001 1101011100 1100101011 21.563 56.847 1000.4 64556 16 8 12 58 51 3 $GNGGA,071835.00,,,,,0,00,99.9,,,,,,*49
64 07 18 36 Nan Nan Nan 1101011000 1100011001 1100110001 1111000111 10000110111 1101011111 1110001100 10011111010 1101101100 1101011110 1011010101 1011111100 1110001110 10000101011 1101011111 1101010010 1101100101 1100110001 21.563 56.855 1000.4 65555 17 7 11 60 51 3 $GNGGA,071836.00,,,,,0,00,99.9,,,,,,*4A
65 07 18 36 Nan Nan Nan 1101011000 1100011001 1100110110 1111001100 10000111111 1101011111 1110011000 10011111010 1101101111 1101011110 1011010111 1011111101 1110011001 10000110000 1101011111 1101010011 1101100100 1100110011 21.563 56.870 1000.4 66715 17 7 11 60 51 3 $GNGGA,071836.00,,,,,0,00,99.9,,,,,,*4A
66 07 18 37 Nan Nan Nan 1101010111 1100011001 1100110110 1111001100 10000111100 1101011100 1110010000 10011111100 1101101111 1101011110 1011010011 1011111001 1110010100 10000101011 1101100000 1101010111 1101011100 1100101001 21.563 56.878 1000.4 67553 16 7 11 59 51 4 $GNGGA,071837.00,,,,,0,00,99.9,,,,,,*4B
67 07 18 38 Nan Nan Nan 1101011000 1100011001 1100110101 1111001001 10000111101 1101011000 1110001011 10011111010 1101110001 1101011101 1011010000 1011111011 1110010101 10000101100 1101011011 1101001111 1101100001 1100110010 21.563 56.870 1000.4 68551 17 7 11 59 51 3 $GNGGA,071838.00,,,,,0,00,99.9,,,,,,*44
68 07 18 39 Nan Nan Nan 1101011000 1100011001 1100110101 1111001100 10000111011 1101011100 1110001111 10011101111 1101101111 1101011110 1011010110 1011111001 1110010111 10000101101 1101011111 1101010010 1101010010 1100100010 21.563 56.878 1000.4 69551 16 8 11 59 51 4 $GNGGA,071839.00,,,,,0,00,99.9,,,,,,*45
69 07 18 40 Nan Nan Nan 1101011000 1100011010 1100110011 1111000101 10000111000 1101011110 1110010001 10011110100 1101110010 1101011110 1011010000 1011111011 1110011000 10000101100 1101011100 1101001110 1101011011 1100100011 21.563 56.893 1000.4 70549 17 7 11 60 51 3 $GNGGA,071840.00,,,,,0,00,99.9,,,,,,*4B
70 07 18 41 Nan Nan Nan 1101011000 1100011000 1100110100 1111010000 10000111110 1101010010 1110000110 10011110111 1101110110 1101011110 1011010101 1011111101 1110011000 10000101100 1101011100 1101001101 1101100001 1100110010 21.563 56.893 1000.4 71548 16 6 11 58 51 4 $GNGGA,071841.00,,,,,0,00,99.9,,,,,,*4A
71 07 18 42 Nan Nan Nan 1101011000 1100011010 1100110100 1111010000 10000111011 1101010110 1110001011 10011110101 1101110101 1101011110 1011010011 1011111101 1110011101 10000101110 1101011011 1101010001 1101011100 1100101000 21.563 56.946 1000.4 72709 17 7 10 59 50 5 $GNGGA,071842.00,,,,,0,00,99.9,,,,,,*49
72 07 18 43 Nan Nan Nan 1101011000 1100011000 1100110011 1111010001 10000111000 1101011001 1110001011 10011110001 1101101100 1101011110 1011010011 1011111101 1110011000 10000101011 1101011001 1101001101 1101011110 1100101111 21.563 56.977 1000.4 73547 18 7 10 59 50 4 $GNGGA,071843.00,,,,,0,00,99.9,,,,,,*48
73 07 18 44 Nan Nan Nan 1101011000 1100010111 1100110011 1111010101 10000111100 1101010110 1110001001 10011110001 1101110100 1101011110 1011010000 1011111100 1110010101 10000101010 1101011011 1101001101 1101010100 1100101011 21.563 56.984 1000.4 74546 16 7 10 58 52 4 $GNGGA,071844.00,,,,,0,00,99.9,,,,,,*4F
74 07 18 45 Nan Nan Nan 1101011000 1100011010 1100110100 1111001110 10000111001 1101010101 1110001101 10011110000 1101101101 1101011110 1011010100 1011111101 1110011110 10000101101 1101011001 1101001111 1101011110 1100101001 21.625 56.977 1000.4 75545 17 7 11 60 50 4 $GNGGA,071845.00,,,,,0,00,99.9,,,,,,*4E
75 07 18 46 Nan Nan Nan 1101011000 1100011001 1100110110 1111001100 10000111001 1101011011 1110000111 10011101101 1101101100 1101011110 1011010101 1011111010 1110011011 10000101101 1101100001 1101010101 1101010111 1100100101 21.625 56.977 1000.4 76544 17 7 11 59 50 4 $GNGGA,071846.00,,,,,0,00,99.9,,,,,,*4D
76 07 18 47 Nan Nan Nan 1101011000 1100010111 1100110011 1111001101 10000111010 1101010100 1110001001 10011101110 1101111010 1101011110 1011010010 1011111001 1110011000 10000101101 1101100000 1101010001 1101011000 1100100011 21.563 56.969 1000.4 77543 17 7 11 59 51 3 $GNGGA,071847.00,,,,,0,00,99.9,,,,,,*4C
77 07 18 48 Nan Nan Nan 1101011000 1100011001 1100110110 1111001011 10000111001 1101011000 1110001100 10011101101 1101111001 1101011110 1011010110 1011111100 1110100000 10000101110 1101100010 1101010001 1101100000 1100101010 21.625 56.954 1000.4 78703 17 7 10 59 51 4 $GNGGA,071848.00,,,,,0,00,99.9,,,,,,*43
78 07 18 49 Nan Nan Nan 1101011000 1100011001 1100110101 1111001100 10000111001 1101011001 1110001011 10011101110 1101110011 1101011110 1011010100 1011111011 1110011111 10000101111 1101010111 1101001011 1101011110 1100100110 21.563 56.946 1000.4 79541 16 7 11 58 52 3 $GNGGA,071849.00,,,,,0,00,99.9,,,,,,*42
79 07 18 50 Nan Nan Nan 1101011000 1100011010 1100110100 1111001110 10000110111 1101011011 1110001011 10011110101 1101110001 1101011110 1011011000 1011111101 1110011100 10000101101 1101011010 1101001111 1101010110 1100100000 21.563 56.916 1000.4 80540 17 7 10 59 51 4 $GNGGA,071850.00,,,,,0,00,99.9,,,,,,*4A
80 07 18 51 Nan Nan Nan 1101011000 1100011000 1100110111 1111001110 10000111101 1101010110 1110001000 10011101101 1101101011 1101011110 1011010100 1011111100 1110011100 10000101101 1101011110 1101010010 1101011100 1100101011 21.563 56.901 1000.4 81539 16 8 10 58 51 5 $GNGGA,071851.00,,,,,0,00,99.9,,,,,,*4B
81 07 18 52 Nan Nan Nan 1101011000 1100011010 1100110110 1111001011 10000111000 1101011001 1110001011 10011101111 1101110010 1101011110 1011010110 1011111011 1110011001 10000101110 1101010011 1101001000 1101010110 1100100111 21.625 56.878 1000.4 82539 17 6 10 59 51 4 $GNGGA,071852.00,,,,,0,00,99.9,,,,,,*48
82 07 18 53 Nan Nan Nan 1101011000 1100011001 1100110011 1111010001 10000111010 1101011100 1110001110 10011110000 1101110110 1101011110 1011010110 1011111110 1110011110 10000101110 1101011011 1101010000 1101010011 1100011001 21.563 56.862 1000.4 83537 17 6 11 59 50 4 $GNGGA,071853.00,,,,,0,00,99.9,,,,,,*49
83 07 18 54 Nan Nan Nan 1101011000 1100011010 1100110101 1111001111 10000111000 1101011010 1110001011 10011101010 1101101110 1101011110 1011010011 1011111010 1110010110 10000101101 1101010101 1101001001 1101011011 1100100110 21.625 56.847 1000.4 84698 16 8 11 58 51 4 $GNGGA,071854.00,,,,,0,00,99.9,,,,,,*4E
84 07 18 55 Nan Nan Nan 1101011000 1100011010 1100110111 1111010001 10000111010 1101010101 1110001011 10011110001 1101101110 1101011110 1011010011 1011111101 1110010111 10000101011 1101011001 1101001010 1101011011 1100101000 21.625 56.847 1000.4 85536 17 7 11 59 50 4 $GNGGA,071855.00,,,,,0,00,99.9,,,,,,*4F
85 07 18 56 Nan Nan Nan 1101011000 1100011011 1100110100 1111010000 10000111100 1101010110 1110001100 10011111000 1101111010 1101011110 1011010101 1011111101 1110011011 10000101110 1101011001 1101001011 1101010111 1100101010 21.563 56.855 1000.4 86535 16 7 10 58 52 4 $GNGGA,071856.00,,,,,0,00,99.9,,,,,,*4C
86 07 18 57 Nan Nan Nan 1101011000 1100010111 1100110010 1111001101 10000111100 1101010111 1110001001 10011101111 1101101011 1101011110 1011010111 1011111100 1110100101 10000101110 1101010110 1101001100 1101010100 1100101010 21.625 56.862 1000.4 87534 17 7 11 60 51 3 $GNGGA,071857.00,,,,,0,00,99.9,,,,,,*4D
87 07 18 58 Nan Nan Nan 1101011000 1100011100 1100111000 1111001111 10000111011 1101010111 1110001110 10011101110 1101101011 1101011110 1011010010 1011111100 1110011110 10000101100 1101011100 1101001100 1101011000 1100100110 21.625 56.862 1000.4 88532 17 7 11 59 50 4 $GNGGA,071858.00,,,,,0,00,99.9,,,,,,*42
88 07 18 59 Nan Nan Nan 1101011000 1100011010 1100110110 1111010000 10000111101 1101010101 1110000110 10011101011 1101101100 1101011110 1011010010 1011111001 1110100010 10000101110 1101010010 1101001011 1101100011 1100110001 21.625 56.862 1000.4 89532 16 7 11 60 51 3 $GNGGA,071859.00,,,,,0,00,99.9,,,,,,*43
89 07 19 00 Nan Nan Nan 1101011000 1100011010 1100110011 1111001110 10000111100 1101010011 1110000011 10011101001 1101101100 1101011110 1011010011 1011111011 1110100011 10000101111 1101011010 1101001011 1101001111 1100100001 21.625 56.847 1000.4 90693 17 7 11 60 51 3 $GNGGA,071900.00,,,,,0,00,99.9,,,,,,*4E
90 07 19 01 Nan Nan Nan 1101011000 1100010111 1100110100 1111010001 10000111110 1101001100 1110000000 10011101000 1101100001 1101011110 1011010001 1011111011 1110100100 10000101101 1101011000 1101001011 1101010001 1100100010 21.625 56.840 1000.4 91531 16 7 11 59 52 3 $GNGGA,071901.00,,,,,0,00,99.9,,,,,,*4F
91 07 19 02 Nan Nan Nan 1101011000 1100011011 1100110101 1111001100 10000111110 1101010110 1110000111 10011101010 1101101111 1101011110 1011010101 1011111110 1110100000 10000101111 1101010110 1101000101 1101010111 1100100001 21.625 56.832 1000.4 92528 17 7 11 59 51 3 $GNGGA,071902.00,,,,,0,00,99.9,,,,,,*4C
92 07 19 03 Nan Nan Nan 1101011000 1100011010 1100110110 1111001100 10000111010 1101010000 1110000100 10011100100 1101100100 1101011110 1011010011 1011111101 1110100000 10000101111 1101011000 1101000111 1101010101 1100100110 21.563 56.832 1000.4 93529 16 8 11 59 51 4 $GNGGA,071903.00,,,,,0,00,99.9,,,,,,*4D
93 07 19 04 Nan Nan Nan 1101011000 1100011010 1100110100 1111001111 10000111011 1101010100 1110000111 10011101110 1101101101 1101011110 1011010011 1011111101 1110100000 10000101110 1101011101 1101010100 1101011011 1100101011 21.625 56.840 1000.4 94527 17 7 10 59 51 4 $GNGGA,071904.00,,,,,0,00,99.9,,,,,,*4A
94 07 19 05 Nan Nan Nan 1101011000 1100011000 1100110011 1111010101 10000111111 1101010001 1110000111 10011101000 1101101001 1101011110 1011010111 1100000000 1110011100 10000101100 1101011011 1101001100 1101011001 1100100101 21.625 56.840 1000.4 95526 16 7 12 59 50 4 $GNGGA,071905.00,,,,,0,00,99.9,,,,,,*4B
95 07 19 06 Nan Nan Nan 1101011000 1100010111 1100110100 1111001110 10000111000 1101010100 1110001001 10011101011 1101110101 1101011110 1011001111 1011111011 1110011101 10000101110 1101011000 1101001001 1101011101 1100101110 21.625 56.840 1000.4 96687 16 8 11 59 50 5 $GNGGA,071906.00,,,,,0,00,99.9,,,,,,*48
96 07 19 07 Nan Nan Nan 1101011000 1100011000 1100110011 1111010100 10000111100 1101010001 1110000010 10011101000 1101110000 1101011110 1011010110 1011111101 1110100011 10000101111 1101010100 1101001001 1101010001 1100100100 21.625 56.840 1000.4 97524 17 6 10 58 51 4 $GNGGA,071907.00,,,,,0,00,99.9,,,,,,*49
97 07 19 08 Nan Nan Nan 1101011000 1100011100 1100111001 1111010101 10000111100 1101010111 1110000110 10011011010 1101100110 1101011110 1011011000 1100000000 1110100100 10000110000 1101011001 1101001001 1101001111 1100011110 21.625 56.840 1000.4 98524 16 8 11 59 52 3 $GNGGA,071908.00,,,,,0,00,99.9,,,,,,*46
98 07 19 09 Nan Nan Nan 1101011000 1100011010 1100110111 1111001101 10000111001 1101010011 1110000110 10011101100 1101101110 1101011110 1011010110 1011111101 1110100011 10000101101 1101010100 1101001010 1101010101 1100100001 21.625 56.832 1000.4 99522 17 7 11 60 51 3 $GNGGA,071909.00,,,,,0,00,99.9,,,,,,*47
99 07 19 10 Nan Nan Nan 1101011000 1100010111 1100110100 1111010011 10000111010 1101010011 1110001010 10011101011 1101110101 1101011110 1011010110 1011111100 1110100011 10000110001 1101011010 1101001011 1101011000 1100100011 21.625 56.832 1000.4 100521 16 7 12 58 51 3 $GNGGA,071910.00,,,,,0,00,99.9,,,,,,*4F
100 07 19 11 Nan Nan Nan 1101011000 1100011001 1100110001 1111011000 10000111111 1101011000 1110000101 10011100100 1101100111 1101011110 1011010101 1100000000 1110100111 10000110001 1101010001 1101001001 1101010100 1100011111 21.625 56.817 1000.4 101521 16 7 11 60 51 3 $GNGGA,071911.00,,,,,0,00,99.9,,,,,,*4E
101 07 19 12 Nan Nan Nan 1101011000 1100011000 1100110111 1111010100 10000111001 1101001111 1110000010 10011100001 1101100110 1101011110 1011010101 1011111100 1110011111 10000101101 1101011010 1101001111 1101010010 1100100101 21.625 56.817 1000.4 102681 17 7 11 60 50 4 $GNGGA,071912.00,,,,,0,00,99.9,,,,,,*4D
102 07 19 13 Nan Nan Nan 1101011000 1100011000 1100110001 1111001111 10000111010 1101010010 1110001101 10011100111 1101110001 1101011110 1011010111 1011111110 1110011100 10000101110 1101010100 1101000111 1101010101 1100100111 21.625 56.809 1000.4 103519 16 7 11 59 52 3 $GNGGA,071913.00,,,,,0,00,99.9,,,,,,*4C
103 07 19 14 Nan Nan Nan 1101011000 1100011001 1100110010 1111010000 10000111011 1101010100 1110000101 10011011011 1101101010 1101011110 1011010101 1011111011 1110100100 10000101110 1101011110 1101010000 1101010011 1100101000 21.625 56.801 1000.4 104518 17 7 11 60 51 3 $GNGGA,071914.00,,,,,0,00,99.9,,,,,,*4B
104 07 19 15 Nan Nan Nan 1101011000 1100011011 1100110110 1111010101 10000111100 1101010100 1110000111 10011011011 1101101000 1101011110 1011010101 1011111111 1110100010 10000101110 1101011001 1101001001 1101001110 1100100100 21.625 56.801 1000.4 105517 16 8 10 58 51 5 $GNGGA,071915.00,,,,,0,00,99.9,,,,,,*4A
105 07 19 16 Nan Nan Nan 1101011000 1100011000 1100110011 1111010010 10000111100 1101011000 1110001011 10011100100 1101110000 1101011110 1011010111 1011111110 1110100111 10000101110 1101011101 1101001010 1101010101 1100100100 21.625 56.801 1000.4 106516 17 7 11 60 51 3 $GNGGA,071916.00,,,,,0,00,99.9,,,,,,*49
106 07 19 17 Nan Nan Nan 1101011000 1100011001 1100110100 1111010000 10000110110 1101011001 1110001001 10011011010 1101100101 1101011110 1011010010 1011111000 1110101001 10000110000 1101011011 1101001101 1101010011 1100011001 21.625 56.801 1000.4 107515 16 7 12 59 51 3 $GNGGA,071917.00,,,,,0,00,99.9,,,,,,*48
107 07 19 18 Nan Nan Nan 1101011000 1100010111 1100110101 1111001101 10000111010 1101010010 1110000100 10011010111 1101100101 1101011110 1011010101 1011111101 1110101011 10000110001 1101010100 1101000110 1101011001 1100100011 21.625 56.801 1000.4 108676 17 8 10 59 50 5 $GNGGA,071918.00,,,,,0,00,99.9,,,,,,*47
108 07 19 19 Nan Nan Nan 1101011000 1100010111 1100110010 1111010011 10000111011 1101011000 1110001110 10011011101 1101110000 1101011110 1011010101 1011111011 1110100000 10000101101 1101011010 1101001000 1101010001 1100100000 21.625 56.794 1000.4 109513 17 7 11 60 51 3 $GNGGA,071919.00,,,,,0,00,99.9,,,,,,*46
109 07 19 20 Nan Nan Nan 1101011000 1100011001 1100110101 1111010001 10000111100 1101001111 1110000011 10011011010 1101101100 1101011110 1011010110 1011111101 1110100111 10000101101 1101010110 1101000110 1101010101 1100100010 21.625 56.794 1000.4 110512 16 8 11 58 51 4 $GNGGA,071920.00,,,,,0,00,99.9,,,,,,*4C
110 07 19 21 Nan Nan Nan 1101011000 1100011000 1100110101 1111010011 10000111010 1101010000 1110000011 10011010111 1101100101 1101011110 1011010111 1011111110 1110101100 10000101111 1101010010 1101001001 1101010100 1100100100 21.625 56.801 1000.4 111511 17 7 11 60 51 3 $GNGGA,071921.00,,,,,0,00,99.9,,,,,,*4D
111 07 19 22 Nan Nan Nan 1101011000 1100011011 1100110011 1111011100 10000111110 1101010011 1110000100 10011011100 1101101100 1101011110 1011010010 1011111001 1110100101 10000101111 1101010011 1101001010 1101010110 1100100110 21.625 56.801 1000.4 112510 16 7 12 59 50 4 $GNGGA,071922.00,,,,,0,00,99.9,,,,,,*4E
112 07 19 23 Nan Nan Nan 1101011000 1100011000 1100110010 1111010111 10000111100 1101001110 1110000111 10011010000 1101101001 1101011110 1011010101 1011111011 1110100111 10000110001 1101010010 1101000011 1101001111 1100100000 21.625 56.801 1000.4 113510 17 7 10 60 50 4 $GNGGA,071923.00,,,,,0,00,99.9,,,,,,*4F
113 07 19 24 Nan Nan Nan 1101011000 1100011000 1100110000 1111010000 10000111011 1101010001 1110000101 10011010100 1101100110 1101011110 1011010110 1011111110 1110101011 10000101111 1101010111 1101001010 1101010100 1100100011 21.625 56.801 1000.4 114669 17 7 11 60 51 3 $GNGGA,071924.00,,,,,0,00,99.9,,,,,,*48
114 07 19 25 Nan Nan Nan 1101011000 1100011010 1100110011 1111010010 10000111101 1101010010 1110000001 10011001000 1101011100 1101011110 1011010111 1011111111 1110100110 10000110000 1101010010 1101001000 1101010101 1100011110 21.625 56.809 1000.4 115508 16 7 11 59 52 3 $GNGGA,071925.00,,,,,0,00,99.9,,,,,,*49
115 07 19 26 Nan Nan Nan 1101011000 1100011001 1100110101 1111010010 10000111111 1101001100 1101111101 10011000101 1101011100 1101011101 1011010100 1011111100 1110110010 10000110000 1101010100 1101001010 1101010110 1100100100 21.625 56.801 1000.4 116506 17 6 10 59 51 4 $GNGGA,071926.00,,,,,0,00,99.9,,,,,,*4A
116 07 19 27 Nan Nan Nan 1101011000 1100011001 1100110011 1111010010 10000111011 1101010010 1110000010 10011000111 1101100101 1101011110 1011010100 1011111110 1110101100 10000110000 1101010110 1101001000 1101001011 1100100000 21.625 56.809 1000.4 117506 16 8 12 59 51 3 $GNGGA,071927.00,,,,,0,00,99.9,,,,,,*4B
117 07 19 28 Nan Nan Nan 1101011000 1100011100 1100110011 1111010011 10000111110 1101001011 1110000001 10011001100 1101011101 1101011110 1011010111 1011111100 1110101001 10000110001 1101010101 1101001001 1101001000 1100100001 21.625 56.817 1000.4 118504 18 6 10 60 50 4 $GNGGA,071928.00,,,,,0,00,99.9,,,,,,*44
118 07 19 29 Nan Nan Nan 1101011000 1100011001 1100110100 1111011001 10000111101 1101001100 1110000011 10011000011 1101011100 1101011110 1011010100 1011111100 1110100101 10000101101 1101010100 1101000100 1101001011 1100011101 21.625 56.840 1000.4 119503 16 7 11 58 51 4 $GNGGA,071929.00,,,,,0,00,99.9,,,,,,*45
119 07 19 30 Nan Nan Nan 1101011000 1100011001 1100110000 1111010111 10000111110 1101001111 1110000111 10011000101 1101100110 1101011110 1011010110 1011111011 1110100111 10000101111 1101010011 1101000010 1101001100 1100100110 21.625 56.855 1000.4 120664 16 8 12 58 51 3 $GNGGA,071930.00,,,,,0,00,99.9,,,,,,*4D
120 07 19 31 Nan Nan Nan 1101011000 1100011010 1100110101 1111010001 10000111010 1101001110 1110000010 10011001001 1101100111 1101011110 1011010110 1011111011 1110101000 10000101111 1101010010 1101001001 1101001111 1100100111 21.625 56.855 1000.4 121501 17 7 11 60 51 3 $GNGGA,071931.00,,,,,0,00,99.9,,,,,,*4C
121 07 19 32 Nan Nan Nan 1101011000 1100011100 1100110110 1111001111 10000111011 1101001110 1101111110 10011001100 1101101000 1101011110 1011010101 1011111100 1110100111 10000110000 1101010101 1101000110 1101010011 1100101010 21.625 56.855 1000.4 122501 16 8 11 59 51 4 $GNGGA,071932.00,,,,,0,00,99.9,,,,,,*4F
122 07 19 33 Nan Nan Nan 1101011000 1100011000 1100110011 1111001011 10000110111 1101001110 1110000011 10011000111 1101100111 1101011110 1011010101 1011111100 1110101011 10000101111 1101001001 1100111101 1101010100 1100100001 21.625 56.855 1000.4 123500 17 7 11 60 50 4 $GNGGA,071933.00,,,,,0,00,99.9,,,,,,*4E
123 07 19 34 Nan Nan Nan 1101011000 1100011100 1100111001 1111001111 10000111011 1101001111 1110000100 10010111100 1101100000 1101011110 1011010111 1011111100 1110100101 10000101110 1101011000 1101000101 1101011000 1100100111 21.625 56.847 1000.4 124498 17 6 11 58 51 4 $GNGGA,071934.00,,,,,0,00,99.9,,,,,,*49
124 07 19 35 Nan Nan Nan 1101011000 1100010110 1100110001 1111010101 10000111100 1101010010 1110000100 10010111111 1101100101 1101011110 1011010100 1011111011 1110101001 10000101110 1101001110 1101000001 1101010000 1100101001 21.625 56.847 1000.4 125498 16 7 11 59 51 3 $GNGGA,071935.00,,,,,0,00,99.9,,,,,,*48
125 07 19 36 Nan Nan Nan 1101011000 1100010111 1100110000 1111010010 10000111010 1101010000 1110000101 10011000110 1101100100 1101011110 1011011001 1011111111 1110100111 10000110010 1101010011 1101000011 1101001110 1100011011 21.625 56.840 1000.4 126658 17 7 11 60 51 3 $GNGGA,071936.00,,,,,0,00,99.9,,,,,,*4B
126 07 19 37 Nan Nan Nan 1101011000 1100011011 1100110011 1111010111 10000111101 1101001111 1110000110 10011001001 1101100110 1101011110 1011010100 1011111011 1110101001 10000101111 1101011000 1101001000 1101001111 1100101000 21.625 56.840 1000.4 127496 16 7 11 58 52 3 $GNGGA,071937.00,,,,,0,00,99.9,,,,,,*4A
127 07 19 38 Nan Nan Nan 1101011000 1100011010 1100110101 1111010011 10000111011 1101010101 1110001000 10011000011 1101011100 1101011110 1011010101 1011111011 1110101011 10000101111 1101010101 1101001011 1101010101 1100100111 21.688 56.832 1000.4 128494 17 7 11 60 51 3 $GNGGA,071938.00,,,,,0,00,99.9,,,,,,*45
128 07 19 39 Nan Nan Nan 1101011000 1100011100 1100110100 1111011000 10000111101 1101010001 1110000101 10011000010 1101011101 1101011110 1011011010 1011111110 1110101100 10000101110 1101010000 1101000011 1101001010 1100011011 21.625 56.840 1000.4 129495 16 8 12 59 51 3 $GNGGA,071939.00,,,,,0,00,99.9,,,,,,*44
129 07 19 40 Nan Nan Nan 1101011000 1100010111 1100110010 1111010111 10000111110 1101001101 1110000100 10011000010 1101100010 1101011110 1011011000 1011111111 1110101101 10000101111 1101010000 1101000101 1101001000 1100010111 21.625 56.847 1000.4 130493 17 7 11 60 51 3 $GNGGA,071940.00,,,,,0,00,99.9,,,,,,*4A
130 07 19 41 Nan Nan Nan 1101011000 1100011000 1100110010 1111010110 10000111110 1101010010 1110001000 10011000110 1101100100 1101011110 1011010101 1011111011 1110101100 10000110000 1101010110 1101000110 1101001111 1100100001 21.625 56.840 1000.4 131492 16 7 12 59 51 3 $GNGGA,071941.00,,,,,0,00,99.9,,,,,,*4B
131 07 19 42 Nan Nan Nan 1101011000 1100011011 1100110011 1111011010 10000111110 1101010100 1110001000 10010111010 1101100110 1101011110 1011010101 1011111110 1110101101 10000110001 1101001110 1101000111 1101001110 1100100010 21.625 56.817 1000.4 132653 17 8 11 59 50 4 $GNGGA,071942.00,,,,,0,00,99.9,,,,,,*48
132 07 19 43 Nan Nan Nan 1101011000 1100011001 1100110101 1111010111 10000111110 1101001111 1101111101 10010111000 1101011011 1101011110 1011011000 1011111111 1110110101 10000110001 1101010100 1101000110 1101001101 1100100010 21.625 56.809 1000.4 133491 18 7 10 60 50 4 $GNGGA,071943.00,,,,,0,00,99.9,,,,,,*49
133 07 19 44 Nan Nan Nan 1101011000 1100011011 1100110011 1111001111 10000111011 1101001100 1110000001 10010111111 1101011101 1101011110 1011010111 1100000000 1110100110 10000101101 1101010011 1101000110 1101001110 1100100110 21.625 56.809 1000.4 134490 16 8 11 59 51 4 $GNGGA,071944.00,,,,,0,00,99.9,,,,,,*4E
134 07 19 45 Nan Nan Nan 1101011000 1100011000 1100110101 1111011000 10000111101 1101001100 1101111111 10011000001 1101100010 1101011110 1011010100 1011111101 1110100100 10000101011 1101010101 1101001001 1101001000 1100011101 21.625 56.832 1000.4 135488 17 7 10 59 51 4 $GNGGA,071945.00,,,,,0,00,99.9,,,,,,*4F
135 07 19 46 Nan Nan Nan 1101011000 1100011000 1100101111 1111011010 10000111101 1101010000 1101111111 10010111110 1101011100 1101011110 1011010110 1011111111 1110101000 10000101110 1101010001 1101001010 1101010010 1100011110 21.625 56.855 1000.4 136487 16 7 12 59 51 3 $GNGGA,071946.00,,,,,0,00,99.9,,,,,,*4C
136 07 19 47 Nan Nan Nan 1101011000 1100011001 1100110001 1111011001 10000111101 1101010010 1110000111 10010111110 1101011101 1101011110 1011011000 1011111011 1110110010 10000110000 1101001110 1101000011 1101001110 1100100000 21.625 56.870 1000.4 137487 16 7 11 60 50 4 $GNGGA,071947.00,,,,,0,00,99.9,,,,,,*4D
137 07 19 48 Nan Nan Nan 1101011000 1100011001 1100110011 1111010100 10000111101 1101001000 1101111000 10010111101 1101100010 1101011110 1011010001 1011111011 1110101100 10000101110 1101001111 1101000011 1101001100 1100011101 21.625 56.885 1000.4 138646 17 6 10 59 51 4 $GNGGA,071948.00,,,,,0,00,99.9,,,,,,*42
138 07 19 49 Nan Nan Nan 1101011000 1100011001 1100110001 1111010010 10000111101 1101000111 1101111011 10010111000 1101100001 1101011110 1011011001 1011111110 1110101110 10000110000 1101011011 1101001011 1101001100 1100100110 21.625 56.893 1000.4 139484 16 8 11 58 52 3 $GNGGA,071949.00,,,,,0,00,99.9,,,,,,*43
139 07 19 50 Nan Nan Nan 1101011000 1100011011 1100110110 1111010010 10000111000 1101001001 1101111000 10010111010 1101011011 1101011110 1011010101 1011111011 1110110010 10000101111 1101010111 1101001011 1101010001 1100100100 21.625 56.901 1000.4 140484 18 7 10 60 50 4 $GNGGA,071950.00,,,,,0,00,99.9,,,,,,*4B
140 07 19 51 Nan Nan Nan 1101011000 1100011010 1100110100 1111011011 10000111100 1101001000 1110000001 10010111010 1101100011 1101011110 1011010101 1011111100 1110110010 10000110011 1101001111 1101000000 1101010111 1100100110 21.625 56.885 1000.4 141484 16 8 12 58 51 3 $GNGGA,071951.00,,,,,0,00,99.9,,,,,,*4A
141 07 19 52 Nan Nan Nan 1101011000 1100011100 1100110110 1111010110 10000111010 1101001011 1110000101 10010111001 1101011101 1101011110 1011011000 1011111110 1110101101 10000110010 1101010000 1101000011 1101010111 1100101001 21.688 56.832 1000.4 142482 17 7 11 60 51 3 $GNGGA,071952.00,,,,,0,00,99.9,,,,,,*49
142 07 19 53 Nan Nan Nan 1101011000 1100011011 1100110010 1111011011 10000111110 1101001011 1110000101 10010110101 1101011000 1101011110 1011010110 1011111101 1110101101 10000110000 1101010000 1101000100 1101001111 1100100100 21.625 56.778 1000.4 143481 16 7 12 59 50 4 $GNGGA,071953.00,,,,,0,00,99.9,,,,,,*48
143 07 19 54 Nan Nan Nan 1101011000 1100011001 1100110011 1111011101 10000111111 1101000111 1101111100 10010111010 1101100010 1101011110 1011010101 1011111110 1110101101 10000110000 1101010001 1101000011 1101001101 1100100010 21.625 56.740 1000.4 144641 16 8 12 58 51 3 $GNGGA,071954.00,,,,,0,00,99.9,,,,,,*4F
144 07 19 55 Nan Nan Nan 1101011000 1100011010 1100110011 1111011001 10000111110 1101001110 1110000101 10010110111 1101010101 1101011110 1011010100 1011111110 1110101111 10000110001 1101010011 1101000110 1101000011 1100011000 21.625 56.710 1000.4 145479 18 7 10 60 50 4 $GNGGA,071955.00,,,,,0,00,99.9,,,,,,*4E
145 07 19 56 Nan Nan Nan 1101011000 1100011011 1100110100 1111011101 10000111111 1101000110 1101111010 10010110011 1101011110 1101011110 1011010111 1011111101 1110101100 10000110010 1101010011 1101000110 1101001100 1100011111 21.625 56.717 1000.4 146479 16 8 11 59 50 5 $GNGGA,071956.00,,,,,0,00,99.9,,,,,,*4D
146 07 19 57 Nan Nan Nan 1101011000 1100011110 1100111000 1111011010 10000111100 1101001100 1110000001 10010101110 1101010011 1101011110 1011010101 1011111101 1110110111 10000110001 1101010100 1101001100 1101010001 1100100010 21.688 56.733 1000.4 147477 17 7 11 60 51 3 $GNGGA,071957.00,,,,,0,00,99.9,,,,,,*4C
147 07 19 58 Nan Nan Nan 1101011000 1100010111 1100110011 1111011100 10000111100 1101001001 1101111010 10010110100 1101011011 1101011110 1011010100 1011111011 1110101111 10000110010 1101001110 1100111101 1101001100 1100100011 21.625 56.756 1000.4 148475 17 6 11 59 50 4 $GNGGA,071958.00,,,,,0,00,99.9,,,,,,*43
148 07 19 59 Nan Nan Nan 1101011000 1100011100 1100110010 1111011100 10000111111 1101001010 1110000010 10010110111 1101011110 1101011110 1011010001 1011111100 1110100111 10000101111 1101010100 1101000000 1101001011 1100010110 21.688 56.778 1000.4 149475 16 7 10 58 52 4 $GNGGA,071959.00,,,,,0,00,99.9,,,,,,*42
149 07 20 00 Nan Nan Nan 1101011000 1100010110 1100110010 1111011001 10000111010 1101001011 1110000010 10010110011 1101011110 1101011110 1011010100 1011111000 1110101100 10000110001 1101010011 1101000011 1101000110 1100011001 21.625 56.794 1000.4 150635 17 7 11 60 51 3 $GNGGA,072000.00,,,,,0,00,99.9,,,,,,*44
150 07 20 01 Nan Nan Nan 1101011000 1100011011 1100110100 1111010011 10000110111 1101001001 1110000000 10010110000 1101011101 1101011110 1011010011 1011111010 1110100111 10000101110 1101010010 1101000010 1101000111 1100100101 21.625 56.801 1000.4 151473 17 6 10 59 51 4 $GNGGA,072001.00,,,,,0,00,99.9,,,,,,*45
151 07 20 02 Nan Nan Nan 1101011000 1100011100 1100110110 1111010111 10000111100 1101001011 1101111111 10010110101 1101100010 1101011110 1011010100 1011111101 1110101101 10000110001 1101010000 1101000001 1101001010 1100011010 21.688 56.809 1000.4 152472 17 7 10 59 51 4 $GNGGA,072002.00,,,,,0,00,99.9,,,,,,*46
152 07 20 03 Nan Nan Nan 1101011000 1100011001 1100110010 1111010000 10000111000 1101010000 1110000100 10010101011 1101010101 1101011110 1011010101 1011111110 1110101101 10000110010 1101001101 1101000011 1101001000 1100011111 21.625 56.809 1000.4 153472 16 8 12 59 51 3 $GNGGA,072003.00,,,,,0,00,99.9,,,,,,*47
153 07 20 04 Nan Nan Nan 1101011000 1100011001 1100110001 1111010011 10000111100 1101000110 1101111011 10010110000 1101011010 1101011110 1011010110 1011111110 1110101101 10000110001 1101001111 1101000101 1101001110 1100100010 21.688 56.809 1000.4 154471 17 7 11 60 50 4 $GNGGA,072004.00,,,,,0,00,99.9,,,,,,*40
154 07 20 05 Nan Nan Nan 1101011000 1100011100 1100110101 1111001111 10000110110 1101001001 1101110110 10010110000 1101011001 1101011110 1011011001 1011111110 1110100111 10000110000 1101010010 1101000011 1101001011 1100011100 21.625 56.801 1000.4 155469 16 7 12 59 51 3 $GNGGA,072005.00,,,,,0,00,99.9,,,,,,*41
155 07 20 06 Nan Nan Nan 1101011000 1100011001 1100110010 1111011100 10000111110 1101001000 1101111111 10010101101 1101011010 1101011110 1011010111 1011111110 1110100101 10000110000 1101001110 1101000010 1101001100 1100011110 21.688 56.809 1000.4 156630 16 8 12 59 51 3 $GNGGA,072006.00,,,,,0,00,99.9,,,,,,*42
156 07 20 07 Nan Nan Nan 1101011000 1100011010 1100110011 1111011000 10000111011 1101000110 1101111010 10010110001 1101011101 1101011110 1011010111 1011111111 1110101011 10000110001 1101010000 1101000001 1101001001 1100100001 21.688 56.809 1000.4 157466 17 7 10 59 51 4 $GNGGA,072007.00,,,,,0,00,99.9,,,,,,*43
157 07 20 08 Nan Nan Nan 1101011000 1100011001 1100110100 1111011010 10000111100 1101000111 1101111111 10010110010 1101011011 1101011110 1011010011 1011111101 1110101011 10000110000 1101010000 1101000110 1101001100 1100100000 21.688 56.809 1000.4 158467 16 8 11 59 50 5 $GNGGA,072008.00,,,,,0,00,99.9,,,,,,*4C
158 07 20 09 Nan Nan Nan 1101011000 1100011001 1100110101 1111010001 10000111001 1101001011 1101111100 10010110100 1101100001 1101011110 1011010110 1011111100 1110101011 10000110000 1101010111 1101001000 1101001100 1100100100 21.688 56.809 1000.4 159466 17 7 11 60 51 3 $GNGGA,072009.00,,,,,0,00,99.9,,,,,,*4D
159 07 20 10 Nan Nan Nan 1101011000 1100011010 1100110100 1111010111 10000111101 1101001011 1110000100 10010111011 1101011110 1101011110 1011010111 1011111101 1110101010 10000110010 1101001111 1100111101 1101001101 1100100001 21.688 56.809 1000.4 160464 16 7 12 59 51 3 $GNGGA,072010.00,,,,,0,00,99.9,,,,,,*45
160 07 20 11 Nan Nan Nan 1101011000 1100011010 1100110101 1111011010 10000111101 1101000100 1101111001 10010111001 1101011110 1101011110 1011011010 1011111101 1110101001 10000110010 1101010011 1101000010 1101001100 1100100101 21.688 56.824 1000.4 161463 16 7 11 58 52 3 $GNGGA,072011.00,,,,,0,00,99.9,,,,,,*44
161 07 20 12 Nan Nan Nan 1101011000 1100011001 1100110100 1111011101 10000111101 1101001110 1110000010 10010110011 1101011101 1101011110 1011010101 1011111101 1110100100 10000110001 1101010100 1101000111 1101001111 1100011101 21.688 56.840 1000.4 162624 18 7 10 60 50 4 $GNGGA,072012.00,,,,,0,00,99.9,,,,,,*47
162 07 20 13 Nan Nan Nan 1101011000 1100011011 1100110100 1111010011 10000111010 1101001010 1101111100 10010110010 1101010101 1101011110 1011010111 1100000000 1110100101 10000110001 1101010010 1101000101 1101001010 1100011011 21.688 56.847 1000.4 163462 16 8 10 58 52 4 $GNGGA,072013.00,,,,,0,00,99.9,,,,,,*46
163 07 20 14 Nan Nan Nan 1101011000 1100011101 1100110101 1111010000 10000111011 1101001010 1101111000 10010110100 1101011001 1101011101 1011010100 1011111110 1110101111 10000110000 1101001110 1101000010 1101001011 1100100100 21.688 56.855 1000.4 164461 17 7 11 60 51 3 $GNGGA,072014.00,,,,,0,00,99.9,,,,,,*41
164 07 20 15 Nan Nan Nan 1101011000 1100011011 1100110011 1111010111 10000111100 1101001010 1101111110 10010101110 1101011001 1101011110 1011010110 1011111110 1110101101 10000110010 1101010000 1101000101 1101001000 1100100001 21.688 56.862 1000.4 165460 16 7 12 59 50 4 $GNGGA,072015.00,,,,,0,00,99.9,,,,,,*40
165 07 20 16 Nan Nan Nan 1101011000 1100011001 1100110101 1111010001 10000111010 1101001101 1101111011 10010101101 1101010001 1101011110 1011010111 1011111100 1110101100 10000110001 1101001101 1101000100 1101001100 1100100000 21.688 56.862 1000.4 166459 16 7 11 60 51 3 $GNGGA,072016.00,,,,,0,00,99.9,,,,,,*43
166 07 20 17 Nan Nan Nan 1101011000 1100010110 1100101110 1111010010 10000111100 1101001101 1110000001 10010101111 1101011011 1101011110 1011010101 1011111101 1110101110 10000110010 1101010110 1101001001 1101001100 1100100000 21.688 56.862 1000.4 167458 16 7 12 59 50 4 $GNGGA,072017.00,,,,,0,00,99.9,,,,,,*42
167 07 20 18 Nan Nan Nan 1101011000 1100011011 1100110100 1111011011 10000111110 1101000110 1101111010 10010110011 1101011000 1101011110 1011010101 1011111101 1110110100 10000110001 1101010001 1101000010 1101000110 1100011110 21.688 56.870 1000.4 168617 16 6 11 58 51 4 $GNGGA,072018.00,,,,,0,00,99.9,,,,,,*4D
168 07 20 19 Nan Nan Nan 1101011000 1100011100 1100110110 1111011000 10000111101 1101001100 1110000110 10010110110 1101011100 1101011110 1011010110 1011111101 1110110001 10000101111 1101001110 1100111101 1101000110 1100011110 21.688 56.870 1000.4 169456 17 7 10 59 51 4 $GNGGA,072019.00,,,,,0,00,99.9,,,,,,*4C
169 07 20 20 Nan Nan Nan 1101011000 1100011000 1100110101 1111010001 10000111010 1101001000 1101111111 10010110100 1101011001 1101011110 1011010100 1011111110 1110111010 10000110011 1101010001 1100111111 1101001101 1100011011 21.688 56.870 1000.4 170456 16 8 12 59 50 4 $GNGGA,072020.00,,,,,0,00,99.9,,,,,,*46
170 07 20 21 Nan Nan Nan 1101011000 1100011100 1100110100 1111010110 10000111110 1101010001 1110000011 10010110100 1101011010 1101011110 1011011000 1011111101 1110101111 10000101111 1101001110 1101000001 1101001000 1100011001 21.688 56.855 1000.4 171454 17 7 10 59 51 4 $GNGGA,072021.00,,,,,0,00,99.9,,,,,,*47
171 07 20 22 Nan Nan Nan 1101011000 1100011100 1100110111 1111011001 10000111011 1101001100 1101111100 10010110100 1101011010 1101011110 1011010101 1011111101 1110110000 10000101110 1101001100 1100111110 1101001100 1100100001 21.688 56.832 1000.4 172453 16 7 12 58 51 3 $GNGGA,072022.00,,,,,0,00,99.9,,,,,,*44
172 07 20 23 Nan Nan Nan 1101011000 1100011100 1100110111 1111011000 10000111100 1101000110 1101110010 10010110011 1101011101 1101011110 1011010000 1011111011 1110110101 10000110010 1101010010 1101000101 1101000100 1100011111 21.688 56.817 1000.4 173453 17 7 10 59 51 4 $GNGGA,072023.00,,,,,0,00,99.9,,,,,,*45
173 07 20 24 Nan Nan Nan 1101011000 1100011000 1100110001 1111010111 10000111101 1101001001 1101111110 10010110101 1101011100 1101011110 1011010011 1011111011 1110101111 10000110011 1101010001 1100111100 1101000000 1100011000 21.688 56.794 1000.4 174612 17 7 10 59 51 4 $GNGGA,072024.00,,,,,0,00,99.9,,,,,,*42
174 07 20 25 Nan Nan Nan 1101011000 1100011010 1100110001 1111011010 10000111011 1101000100 1101111000 10010110101 1101011101 1101011110 1011010011 1011111100 1110110111 10000110100 1101001011 1100111100 1101000110 1100011010 21.688 56.794 1000.4 175451 16 8 11 59 50 5 $GNGGA,072025.00,,,,,0,00,99.9,,,,,,*43
175 07 20 26 Nan Nan Nan 1101011000 1100010111 1100110010 1111011000 10000111100 1101001100 1110000001 10010110111 1101011001 1101011110 1011010110 1011111101 1110111001 10000110100 1101001101 1100111110 1101001000 1100011100 21.688 56.794 1000.4 176449 17 6 10 59 51 4 $GNGGA,072026.00,,,,,0,00,99.9,,,,,,*40
176 07 20 27 Nan Nan Nan 1101011000 1100011010 1100110010 1111010111 10000111101 1101001011 1101111100 10010110100 1101011000 1101011110 1011010110 1011111010 1110110111 10000110010 1101001110 1101000000 1101000001 1100010011 21.688 56.794 1000.4 177448 16 7 12 59 51 3 $GNGGA,072027.00,,,,,0,00,99.9,,,,,,*41
177 07 20 28 Nan Nan Nan 1101011000 1100011001 1100110010 1111011011 10000111110 1101000110 1101111010 10010110110 1101100000 1101011110 1011010100 1011111110 1110111010 10000110010 1101001010 1101000100 1101000001 1100010100 21.688 56.809 1000.4 178448 16 7 11 60 50 4 $GNGGA,072028.00,,,,,0,00,99.9,,,,,,*4E
178 07 20 29 Nan Nan Nan 1101011000 1100011001 1100110100 1111011010 10000111011 1101000110 1101111011 10010110000 1101010110 1101011110 1011011000 1011111111 1110110011 10000110011 1101001111 1101000101 1101000101 1100011010 21.688 56.809 1000.4 179446 17 7 11 59 50 4 $GNGGA,072029.00,,,,,0,00,99.9,,,,,,*4F
179 07 20 30 Nan Nan Nan 1101011000 1100011101 1100110101 1111011001 10000111011 1101000010 1101110110 10010101011 1101011010 1101011110 1011010111 1011111010 1110110100 10000110000 1101010001 1101000100 1101001000 1100011001 21.688 56.809 1000.4 180606 16 7 11 58 51 4 $GNGGA,072030.00,,,,,0,00,99.9,,,,,,*47
180 07 20 31 Nan Nan Nan 1101011000 1100011100 1100110110 1111010111 10000111100 1101001001 1110000101 10010111100 1101100101 1101011110 1011011010 1011111111 1110111001 10000110101 1101001111 1101000100 1101001111 1100100111 21.688 56.809 1000.4 181445 17 7 11 60 50 4 $GNGGA,072031.00,,,,,0,00,99.9,,,,,,*46
181 07 20 32 Nan Nan Nan 1101011000 1100011011 1100110101 1111010010 10000110111 1101001010 1110000000 10010110100 1101100000 1101011110 1011010111 1011111101 1110110010 10000110011 1101001000 1100111010 1101001000 1100011010 21.688 56.809 1000.4 182444 16 8 11 58 51 4 $GNGGA,072032.00,,,,,0,00,99.9,,,,,,*45
182 07 20 33 Nan Nan Nan 1101011000 1100011011 1100110101 1111011000 10000111100 1101001010 1101111000 10010101111 1101010110 1101011110 1011010110 1011111011 1110110001 10000110001 1101001101 1100111101 1101001000 1100100011 21.688 56.817 1000.4 183443 17 7 11 60 50 4 $GNGGA,072033.00,,,,,0,00,99.9,,,,,,*44
183 07 20 34 Nan Nan Nan 1101011000 1100011000 1100101111 1111011000 10000111001 1101000111 1101111001 10010110011 1101010111 1101011110 1011010111 1011111101 1110111101 10000110100 1101001011 1100111110 1101001100 1100100011 21.688 56.817 1000.4 184441 16 7 12 58 51 3 $GNGGA,072034.00,,,,,0,00,99.9,,,,,,*43
184 07 20 35 Nan Nan Nan 1101011000 1100011000 1100110100 1111010111 10000111000 1101000110 1101111101 10010101001 1101010010 1101011110 1011010111 1011111110 1110110110 10000110010 1101001100 1100111101 1101001010 1100100010 21.688 56.824 1000.4 185441 16 7 11 58 52 3 $GNGGA,072035.00,,,,,0,00,99.9,,,,,,*42
185 07 20 36 Nan Nan Nan 1101011000 1100011011 1100110100 1111011000 10000111000 1101000001 1101110110 10010101011 1101010110 1101011110 1011010110 1011111111 1110111010 10000110010 1101001100 1100111010 1101000111 1100100000 21.688 56.817 1000.4 186601 17 7 11 60 51 3 $GNGGA,072036.00,,,,,0,00,99.9,,,,,,*41
186 07 20 37 Nan Nan Nan 1101011000 1100011001 1100110100 1111011010 10000111011 1101000100 1101111001 10010101110 1101011100 1101011110 1011010101 1011111101 1110111010 10000110001 1101001100 1100111101 1101000110 1100011110 21.688 56.824 1000.4 187439 16 8 11 58 51 4 $GNGGA,072037.00,,,,,0,00,99.9,,,,,,*40
187 07 20 38 Nan Nan Nan 1101011000 1100011001 1100110011 1111010111 10000111100 1101001001 1101111101 10010101101 1101011010 1101011110 1011010111 1011111101 1110101110 10000110000 1101010000 1100111011 1101000111 1100100000 21.688 56.824 1000.4 188438 17 7 10 59 51 4 $GNGGA,072038.00,,,,,0,00,99.9,,,,,,*4F
188 07 20 39 Nan Nan Nan 1101011000 1100011100 1100110110 1111011001 10000111101 1101000000 1101110011 10010100110 1101010111 1101011110 1011010111 1011111110 1110101110 10000110000 1101010001 1101000010 1101000101 1100011101 21.688 56.824 1000.4 189436 17 6 11 58 51 4 $GNGGA,072039.00,,,,,0,00,99.9,,,,,,*4E
189 07 20 40 Nan Nan Nan 1101011000 1100011001 1100110100 1111011110 10000111111 1101000100 1101110100 10010101010 1101010010 1101011110 1011010100 1011111110 1110111000 10000110101 1101001011 1100111011 1101001000 1100100010 21.688 56.824 1000.4 190435 16 7 10 58 52 4 $GNGGA,072040.00,,,,,0,00,99.9,,,,,,*40
190 07 20 41 Nan Nan Nan 1101011000 1100011011 1100110011 1111011101 10000111100 1101001011 1101111110 10010101010 1101011001 1101011110 1011010100 1011111011 1110111000 10000110011 1101001101 1101000001 1101000000 1100011001 21.688 56.824 1000.4 191435 17 7 11 59 51 3 $GNGGA,072041.00,,,,,0,00,99.9,,,,,,*41
191 07 20 42 Nan Nan Nan 1101011000 1100011001 1100110010 1111011100 10000111100 1101000101 1101110110 10010101011 1101011101 1101011110 1011010111 1011111111 1110111100 10000110100 1101001101 1101000010 1101000101 1100100000 21.688 56.840 1000.4 192595 16 7 12 59 50 4 $GNGGA,072042.00,,,,,0,00,99.9,,,,,,*42
192 07 20 43 Nan Nan Nan 1101011000 1100011000 1100110011 1111011010 10000111100 1101000100 1101111100 10010100010 1101010111 1101011110 1011010100 1011111110 1110111011 10000110010 1101010010 1101000101 1100111111 1100011001 21.688 56.847 1000.4 193433 17 7 11 60 51 3 $GNGGA,072043.00,,,,,0,00,99.9,,,,,,*43
193 07 20 44 Nan Nan Nan 1101011000 1100011010 1100110101 1111010110 10000111100 1101000111 1101111100 10010101001 1101010101 1101011110 1011010110 1011111110 1110111001 10000110001 1101001010 1100111010 1101000100 1100100011 21.688 56.862 1000.5 194433 16 8 12 59 50 4 $GNGGA,072044.00,,,,,0,00,99.9,,,,,,*44
194 07 20 45 Nan Nan Nan 1101011000 1100011001 1100110100 1111011010 10000111110 1101000011 1101111011 10010100000 1101011011 1101011110 1011010111 1011111101 1110111001 10000110011 1101001101 1101000010 1101001100 1100101000 21.688 56.855 1000.4 195431 17 7 10 59 51 4 $GNGGA,072045.00,,,,,0,00,99.9,,,,,,*45
195 07 20 46 Nan Nan Nan 1101011000 1100011010 1100110010 1111011110 10000111110 1101000100 1101111010 10010110000 1101100111 1101011110 1011010111 1011111110 1110111011 10000110001 1101000111 1100111000 1101000111 1100100001 21.688 56.855 1000.4 196430 16 7 12 59 51 3 $GNGGA,072046.00,,,,,0,00,99.9,,,,,,*46
196 07 20 47 Nan Nan Nan 1101011000 1100011100 1100110101 1111011100 10000111011 1101001000 1110000010 10010101000 1101100000 1101011110 1011010111 1011111100 1110111110 10000110100 1101001001 1100111100 1101000111 1100100000 21.688 56.847 1000.4 197429 16 7 11 59 52 3 $GNGGA,072047.00,,,,,0,00,99.9,,,,,,*47
197 07 20 48 Nan Nan Nan 1101011000 1100011000 1100110001 1111011001 10000111110 1101001000 1101111010 10010100010 1101011000 1101011110 1011011011 1100000000 1110111011 10000110100 1101001101 1100111100 1101001010 1100100111 21.688 56.794 1000.4 198589 17 7 11 60 51 3 $GNGGA,072048.00,,,,,0,00,99.9,,,,,,*48
198 07 20 49 Nan Nan Nan 1101011000 1100011100 1100110011 1111011010 10000111100 1101000110 1101111111 10010101100 1101011011 1101011110 1011011000 1011111101 1110111110 10000110100 1101001100 1100111010 1101001100 1100100101 21.688 56.778 1000.4 199428 16 8 11 59 51 4 $GNGGA,072049.00,,,,,0,00,99.9,,,,,,*49
199 07 20 50 Nan Nan Nan 1101011000 1100010111 1100110011 1111100010 10000111110 1101000110 1101111010 10010100100 1101011010 1101011110 1011010111 1011111111 1110110111 10000110000 1101001011 1101000000 1101001001 1100011011 21.688 56.771 1000.4 200428 17 7 11 60 50 4 $GNGGA,072050.00,,,,,0,00,99.9,,,,,,*41
200 07 20 51 Nan Nan Nan 1101011000 1100011010 1100110101 1111100001 10000111110 1101000110 1101111100 10010101101 1101010100 1101011110 1011010100 1011111100 1111000000 10000110100 1101001001 1100111001 1101000111 1100100100 21.688 56.763 1000.4 201425 16 7 12 59 51 3 $GNGGA,072051.00,,,,,0,00,99.9,,,,,,*40
201 07 20 52 Nan Nan Nan 1101011000 1100011000 1100110010 1111100001 10000111100 1101000001 1101111010 10010101000 1101011001 1101011110 1011010110 1011111110 1110110111 10000110001 1101001110 1100111110 1101000011 1100011111 21.688 56.778 1000.4 202425 16 7 11 60 50 4 $GNGGA,072052.00,,,,,0,00,99.9,,,,,,*43
202 07 20 53 Nan Nan Nan 1101011000 1100011011 1100110101 1111100000 10000111110 1101000001 1101111010 10010100011 1101011011 1101011110 1011010111 1011111111 1110110100 10000110010 1101001001 1101000000 1101000111 1100010101 21.688 56.794 1000.4 203423 17 7 11 58 51 3 $GNGGA,072053.00,,,,,0,00,99.9,,,,,,*42
203 07 20 54 Nan Nan Nan 1101011000 1100011001 1100110011 1111011011 10000111011 1100111111 1101110010 10010100001 1101011000 1101011110 1011011010 1100000000 1110111011 10000110001 1101001101 1100111111 1101001000 1100011111 21.688 56.801 1000.4 204583 16 7 12 59 51 3 $GNGGA,072054.00,,,,,0,00,99.9,,,,,,*45
204 07 20 55 Nan Nan Nan 1101011000 1100010111 1100110001 1111011110 10000111101 1100111110 1101111000 10010100010 1101011011 1101011110 1011011001 1011111101 1110111100 10000110001 1101001100 1100111100 1101000100 1100010110 21.688 56.801 1000.4 205421 17 6 10 59 51 4 $GNGGA,072055.00,,,,,0,00,99.9,,,,,,*44
205 07 20 56 Nan Nan Nan 1101011000 1100011100 1100110101 1111011000 10000111010 1101000001 1101110110 10010100000 1101010000 1101011110 1011010111 1011111110 1110111100 10000110010 1101001111 1100111101 1101001010 1100011001 21.688 56.817 1000.4 206420 16 7 12 59 51 3 $GNGGA,072056.00,,,,,0,00,99.9,,,,,,*47
206 07 20 57 Nan Nan Nan 1101011000 1100010111 1100110000 1111011110 10000111110 1101000010 1101111001 10010011111 1101010010 1101011110 1011010110 1011111100 1110110111 10000110000 1101001011 1100111100 1101001000 1100011110 21.688 56.817 1000.4 207420 16 7 11 60 51 3 $GNGGA,072057.00,,,,,0,00,99.9,,,,,,*46
207 07 20 58 Nan Nan Nan 1101011000 1100011001 1100110010 1111010010 10000111001 1101000001 1101110010 10010101000 1101011110 1101011110 1011011010 1100000000 1110111110 10000110011 1101000100 1100111001 1101001010 1100100001 21.688 56.832 1000.4 208418 16 7 12 59 51 3 $GNGGA,072058.00,,,,,0,00,99.9,,,,,,*49
208 07 20 59 Nan Nan Nan 1101011000 1100011011 1100110001 1111011100 10000111111 1101001010 1101111111 10010100010 1101010111 1101011110 1011010111 1011111101 1111000000 10000110011 1101001111 1100111111 1101001011 1100100001 21.688 56.840 1000.4 209418 16 7 11 59 52 3 $GNGGA,072059.00,,,,,0,00,99.9,,,,,,*48
209 07 21 00 Nan Nan Nan 1101011000 1100011000 1100110010 1111011000 10000111100 1101000100 1101111010 10010011010 1101010000 1101011110 1011011000 1011111101 1110111110 10000110011 1101000110 1100111100 1101000100 1100011001 21.688 56.840 1000.4 210578 17 7 11 60 51 3 $GNGGA,072100.00,,,,,0,00,99.9,,,,,,*45
210 07 21 01 Nan Nan Nan 1101011000 1100011010 1100110110 1111011000 10000111100 1101000100 1101111001 10010100000 1101100010 1101011110 1011010111 1011111110 1111000000 10000110010 1101001010 1101000010 1101001000 1100011101 21.688 56.840 1000.4 211416 16 8 10 58 51 5 $GNGGA,072101.00,,,,,0,00,99.9,,,,,,*44
211 07 21 02 Nan Nan Nan 1101011000 1100011011 1100110101 1111011110 10001000000 1101000010 1101110111 10010011100 1101011011 1101011110 1011010111 1011111100 1111000001 10000110001 1101000111 1100111101 1101000101 1100011111 21.688 56.832 1000.4 212415 17 7 11 59 51 3 $GNGGA,072102.00,,,,,0,00,99.9,,,,,,*47
212 07 21 03 Nan Nan Nan 1101011000 1100011011 1100110101 1111011011 10000111011 1101001000 1101111001 10010100100 1101010111 1101011110 1011011001 1011111111 1110111110 10000110100 1101001011 1101000000 1101000110 1100010111 21.688 56.832 1000.4 213414 16 7 12 59 50 4 $GNGGA,072103.00,,,,,0,00,99.9,,,,,,*46
213 07 21 04 Nan Nan Nan 1101011000 1100011010 1100110100 1111100011 10000111110 1101000100 1101111101 10010011111 1101011011 1101011110 1011011001 1011111101 1110111010 10000110101 1101001100 1101000001 1101000101 1100100000 21.688 56.832 1000.4 214413 17 6 10 58 52 4 $GNGGA,072104.00,,,,,0,00,99.9,,,,,,*41
214 07 21 05 Nan Nan Nan 1101011000 1100011001 1100110010 1111011111 10000111101 1101000011 1101111011 10010011100 1101100100 1101011110 1011011001 1011111110 1110111001 10000110011 1101010011 1101000011 1101000111 1100011110 21.688 56.832 1000.4 215412 17 7 11 59 51 3 $GNGGA,072105.00,,,,,0,00,99.9,,,,,,*40
215 07 21 06 Nan Nan Nan 1101011000 1100011001 1100110011 1111011000 10000111001 1101000000 1101110110 10010011100 1101011010 1101011110 1011010111 1011111101 1110110110 10000110011 1101001010 1100111101 1101000100 1100011101 21.688 56.847 1000.4 216572 16 7 12 59 50 4 $GNGGA,072106.00,,,,,0,00,99.9,,,,,,*43
216 07 21 07 Nan Nan Nan 1101011001 1100011010 1100110101 1111011101 10000111100 1100111111 1101110110 10010010010 1101011011 1101011110 1011011000 1011111101 1110111101 10000110011 1101010001 1100111111 1101000000 1100010101 21.688 56.847 1000.4 217410 17 7 10 59 51 4 $GNGGA,072107.00,,,,,0,00,99.9,,,,,,*42
217 07 21 08 Nan Nan Nan 1101011000 1100011001 1100110010 1111100000 10000111110 1101000000 1101110100 10010011000 1101100000 1101011110 1011011000 1011111101 1110111000 10000110000 1101001100 1100111100 1101000110 1100011100 21.688 56.862 1000.4 218409 16 7 12 59 51 3 $GNGGA,072108.00,,,,,0,00,99.9,,,,,,*4D
218 07 21 09 Nan Nan Nan 1101011000 1100011010 1100110011 1111010100 10000111001 1101000100 1101111001 10010011110 1101011100 1101011110 1011010111 1011111100 1110111010 10000110011 1101001010 1100111011 1101001001 1100011110 21.688 56.870 1000.4 219408 16 7 11 60 50 4 $GNGGA,072109.00,,,,,0,00,99.9,,,,,,*4C
219 07 21 10 Nan Nan Nan 1101011000 1100011100 1100110111 1111011010 10000111100 1101000010 1101110101 10010010011 1101001100 1101011110 1011010110 1011111100 1110111011 10000110001 1101001011 1100111101 1101000100 1100011011 21.688 56.878 1000.4 220407 16 7 12 59 51 3 $GNGGA,072110.00,,,,,0,00,99.9,,,,,,*44
220 07 21 11 Nan Nan Nan 1101011000 1100011001 1100110010 1111011011 10000111011 1100111101 1101110011 10010010101 1101001110 1101011110 1011010111 1011111101 1110111110 10000110010 1101000001 1100110111 1101000001 1100011000 21.688 56.893 1000.4 221407 16 7 11 59 51 4 $GNGGA,072111.00,,,,,0,00,99.9,,,,,,*45
221 07 21 12 Nan Nan Nan 1101011000 1100011001 1100110100 1111100101 10000111101 1100111110 1101110001 10010010011 1101001110 1101011110 1011010110 1011111100 1111000001 10000110011 1101001011 1100111110 1101000111 1100100001 21.688 56.893 1000.4 222567 17 7 11 60 50 4 $GNGGA,072112.00,,,,,0,00,99.9,,,,,,*46
222 07 21 13 Nan Nan Nan 1101011000 1100011010 1100110010 1111011101 10000111101 1100111011 1101110010 10010011001 1101011100 1101011110 1011011010 1011111101 1111000101 10000110100 1101001011 1101000000 1101001001 1100101010 21.688 56.885 1000.4 223405 16 8 12 59 51 3 $GNGGA,072113.00,,,,,0,00,99.9,,,,,,*47
223 07 21 14 Nan Nan Nan 1101011000 1100011001 1100110110 1111011110 10000111110 1101000001 1101111010 10010010100 1101010000 1101011110 1011011111 1011111111 1111000010 10000110011 1101001000 1100111001 1100111110 1100100011 21.688 56.893 1000.4 224404 17 7 11 60 50 4 $GNGGA,072114.00,,,,,0,00,99.9,,,,,,*40
224 07 21 15 Nan Nan Nan 1101011000 1100011001 1100110011 1111011100 10000111010 1101001000 1101111101 10010011000 1101100001 1101011110 1011011010 1011111010 1111000100 10000110101 1101000111 1100111011 1101000111 1100100011 21.688 56.893 1000.4 225402 16 7 12 59 51 3 $GNGGA,072115.00,,,,,0,00,99.9,,,,,,*41
225 07 21 16 Nan Nan Nan 1101011000 1100011010 1100110001 1111100100 10000111111 1100111111 1101110011 10010010100 1101001101 1101011110 1011010111 1011111100 1110111100 10000110010 1101001010 1100111110 1101000100 1100011001 21.688 56.893 1000.4 226401 16 7 11 59 52 3 $GNGGA,072116.00,,,,,0,00,99.9,,,,,,*42
226 07 21 17 Nan Nan Nan 1101011000 1100011010 1100110101 1111011111 10000111000 1101000010 1101111000 10010010110 1101001001 1101011110 1011010111 1011111101 1110111111 10000110001 1101001001 1101000000 1100111110 1100010110 21.688 56.885 1000.4 227400 17 7 10 59 51 4 $GNGGA,072117.00,,,,,0,00,99.9,,,,,,*43
227 07 21 18 Nan Nan Nan 1101011001 1100011001 1100110000 1111011101 10000111110 1101001000 1101111010 10010010000 1101000110 1101011110 1011011011 1100000000 1111000000 10000110100 1101001000 1100111011 1101000101 1100011000 21.688 56.847 1000.4 228560 16 7 12 58 51 3 $GNGGA,072118.00,,,,,0,00,99.9,,,,,,*4C
228 07 21 19 Nan Nan Nan 1101011000 1100011001 1100110011 1111011011 10000111100 1101000000 1101110011 10010010010 1101001001 1101011110 1011011000 1011111111 1110111100 10000110010 1101001010 1100111111 1101000100 1100011111 21.688 56.840 1000.4 229399 17 7 11 60 50 4 $GNGGA,072119.00,,,,,0,00,99.9,,,,,,*4D
229 07 21 20 Nan Nan Nan 1101011000 1100011010 1100110100 1111011001 10000111100 1101000111 1101111010 10010010010 1101010011 1101011110 1011010111 1011111101 1110111111 10000110011 1101001001 1100111111 1101000101 1100010100 21.750 56.840 1000.4 230396 16 7 12 59 51 3 $GNGGA,072120.00,,,,,0,00,99.9,,,,,,*47
230 07 21 21 Nan Nan Nan 1101011000 1100011001 1100110010 1111011100 10000111011 1101000010 1101110111 10010010110 1101010101 1101011110 1011010100 1011111001 1111000011 10000110011 1101001001 1100111110 1101000011 1100011011 21.688 56.847 1000.4 231397 16 7 11 60 51 3 $GNGGA,072121.00,,,,,0,00,99.9,,,,,,*46
231 07 21 22 Nan Nan Nan 1101011000 1100010111 1100110010 1111100100 10000111011 1101000001 1101110100 10010010111 1101010100 1101011110 1011011000 1011111111 1111000010 10000110011 1101001011 1101000000 1101000001 1100011001 21.750 56.840 1000.4 232395 18 6 10 58 51 4 $GNGGA,072122.00,,,,,0,00,99.9,,,,,,*45
232 07 21 23 Nan Nan Nan 1101011000 1100011100 1100110100 1111011100 10000111100 1101000010 1101110001 10010010010 1101001111 1101011110 1011010101 1011111010 1111000010 10000110011 1101001000 1100111111 1100111110 1100010001 21.750 56.832 1000.4 233395 16 7 11 59 52 3 $GNGGA,072123.00,,,,,0,00,99.9,,,,,,*44
233 07 21 24 Nan Nan Nan 1101011000 1100011011 1100110100 1111011100 10000111100 1100111101 1101110101 10010010010 1101010010 1101011110 1011011000 1011111111 1110111100 10000110010 1101001000 1100111010 1101000100 1100011101 21.688 56.832 1000.4 234555 16 7 11 60 50 4 $GNGGA,072124.00,,,,,0,00,99.9,,,,,,*43
234 07 21 25 Nan Nan Nan 1101011000 1100011001 1100110010 1111011000 10000111010 1100111011 1101110110 10010001111 1101001110 1101011110 1011010111 1011111101 1110111111 10000110011 1101001101 1101000000 1100111100 1100001100 21.750 56.824 1000.4 235393 17 7 11 59 50 4 $GNGGA,072125.00,,,,,0,00,99.9,,,,,,*42
235 07 21 26 Nan Nan Nan 1101011000 1100011011 1100110110 1111011011 10000111001 1101000101 1101111000 10010011101 1101010111 1101011110 1011010110 1011111100 1111000111 10000110101 1101000111 1100111100 1101001000 1100011010 21.750 56.824 1000.4 236392 17 7 10 59 51 4 $GNGGA,072126.00,,,,,0,00,99.9,,,,,,*41
236 07 21 27 Nan Nan Nan 1101011000 1100011010 1100110001 1111011101 10000111010 1101000001 1101110100 10010010110 1101001111 1101011110 1011010110 1011111010 1111001001 10000110110 1101001000 1100111101 1101000001 1100011010 21.750 56.840 1000.4 237390 16 7 12 59 50 4 $GNGGA,072127.00,,,,,0,00,99.9,,,,,,*40
237 07 21 28 Nan Nan Nan 1101011000 1100011011 1100110101 1111011110 10000111101 1101000101 1101111100 10010001111 1101000111 1101011110 1011010111 1011111100 1111000011 10000110011 1101000110 1100111000 1101000110 1100011100 21.750 56.840 1000.4 238390 16 7 10 58 52 4 $GNGGA,072128.00,,,,,0,00,99.9,,,,,,*4F
238 07 21 29 Nan Nan Nan 1101011000 1100011011 1100110100 1111100100 10000111100 1101000001 1101110011 10010010001 1101010000 1101011110 1011011001 1011111111 1111000011 10000110010 1101000101 1100111000 1101000001 1100011001 21.750 56.824 1000.4 239389 17 7 11 60 51 3 $GNGGA,072129.00,,,,,0,00,99.9,,,,,,*4E
239 07 21 30 Nan Nan Nan 1101011000 1100011001 1100110010 1111100011 10000111100 1100111110 1101110110 10010010000 1101001111 1101011110 1011011011 1011111111 1111000010 10000110010 1101001000 1100111011 1101000101 1100010110 21.750 56.809 1000.4 240549 17 7 11 59 50 4 $GNGGA,072130.00,,,,,0,00,99.9,,,,,,*46
240 07 21 31 Nan Nan Nan 1101011000 1100010111 1100110001 1111100011 10000111010 1100111110 1101110001 10010011000 1101001111 1101011110 1011010100 1011111100 1110111101 10000110101 1101001000 1100111010 1101000011 1100011101 21.688 56.801 1000.4 241387 17 7 11 60 51 3 $GNGGA,072131.00,,,,,0,00,99.9,,,,,,*47
241 07 21 32 Nan Nan Nan 1101011000 1100011011 1100110011 1111101100 10000111111 1101000101 1101111011 10010010010 1101010011 1101011110 1011011000 1011111100 1111000010 10000110101 1101001011 1101000000 1100111101 1100010101 21.750 56.801 1000.4 242385 17 7 11 58 51 4 $GNGGA,072132.00,,,,,0,00,99.9,,,,,,*44
242 07 21 33 Nan Nan Nan 1101011000 1100011011 1100110010 1111100010 10000111011 1101000000 1101110010 10010001111 1101010011 1101011110 1011011010 1011111111 1111000000 10000110100 1101000011 1100110111 1100111011 1100010001 21.750 56.786 1000.4 243386 16 7 11 60 50 4 $GNGGA,072133.00,,,,,0,00,99.9,,,,,,*45
243 07 21 34 Nan Nan Nan 1101011000 1100011001 1100110010 1111100010 10000111011 1100111010 1101110001 10010001111 1101001100 1101011110 1011011001 1011111110 1111000000 10000110100 1101000000 1100111000 1101000010 1100011101 21.750 56.778 1000.4 244384 17 7 11 59 51 3 $GNGGA,072134.00,,,,,0,00,99.9,,,,,,*42
244 07 21 35 Nan Nan Nan 1101011000 1100011100 1100110011 1111011001 10000111010 1101000011 1101111100 10010001010 1101010010 1101011110 1011011000 1011111110 1111000000 10000110001 1101000111 1100110111 1101000101 1100011010 21.750 56.771 1000.4 245384 16 7 11 59 51 4 $GNGGA,072135.00,,,,,0,00,99.9,,,,,,*43
245 07 21 36 Nan Nan Nan 1101011000 1100011000 1100110011 1111011010 10000110110 1100111000 1101101101 10010001101 1101000111 1101011110 1011011001 1100000000 1111000100 10000110110 1101000110 1100111100 1101000010 1100011000 21.750 56.771 1000.4 246543 17 6 10 60 50 4 $GNGGA,072136.00,,,,,0,00,99.9,,,,,,*40
246 07 21 37 Nan Nan Nan 1101011000 1100011010 1100110011 1111011110 10000111110 1100111100 1101110101 10010010010 1101010001 1101011110 1011011010 1100000000 1110111101 10000110011 1101001001 1100110100 1100111111 1100100100 21.750 56.763 1000.4 247382 16 8 12 58 51 3 $GNGGA,072137.00,,,,,0,00,99.9,,,,,,*41
247 07 21 38 Nan Nan Nan 1101011000 1100011010 1100110010 1111100101 10001000000 1100111111 1101110011 10010010101 1101010110 1101011110 1011010110 1011111110 1111000001 10000110100 1101001010 1100111010 1100111000 1100011010 21.750 56.763 1000.4 248379 17 6 10 60 50 4 $GNGGA,072138.00,,,,,0,00,99.9,,,,,,*4E
248 07 21 39 Nan Nan Nan 1101011000 1100011001 1100110011 1111100100 10000111111 1101000001 1101111001 10010010001 1101001010 1101011110 1011010111 1011111101 1110111110 10000110001 1101000101 1100111100 1100110110 1100011001 21.750 56.756 1000.4 249379 16 7 12 58 51 3 $GNGGA,072139.00,,,,,0,00,99.9,,,,,,*4F
249 07 21 40 Nan Nan Nan 1101011000 1100011100 1100110010 1111011000 10000111000 1101000000 1101110011 10010010110 1101010100 1101011110 1011011011 1100000000 1111000000 10000110011 1101000100 1100111100 1100111010 1100011011 21.750 56.763 1000.4 250379 16 7 11 59 51 4 $GNGGA,072140.00,,,,,0,00,99.9,,,,,,*41
250 07 21 41 Nan Nan Nan 1101011000 1100011100 1100110100 1111011010 10000111001 1100110110 1101110001 10010010000 1101010111 1101011110 1011011000 1011111011 1110111111 10000110100 1101000100 1100111010 1100111111 1100011011 21.750 56.763 1000.4 251377 17 7 10 59 51 4 $GNGGA,072141.00,,,,,0,00,99.9,,,,,,*40
251 07 21 42 Nan Nan Nan 1101011000 1100011000 1100110010 1111100110 10000111111 1101000001 1101111010 10010001110 1101010011 1101011110 1011011010 1011111111 1111000011 10000110100 1101001111 1101000001 1100111111 1100011000 21.750 56.756 1000.4 252537 16 7 12 58 51 3 $GNGGA,072142.00,,,,,0,00,99.9,,,,,,*43
252 07 21 43 Nan Nan Nan 1101011000 1100011010 1100110011 1111100101 10000111110 1100111010 1101110100 10010010001 1101010110 1101011110 1011010111 1011111101 1111000010 10000110101 1101000111 1100111011 1101000001 1100010110 21.750 56.756 1000.4 253376 17 7 11 60 50 4 $GNGGA,072143.00,,,,,0,00,99.9,,,,,,*42
253 07 21 44 Nan Nan Nan 1101011000 1100011100 1100110110 1111011101 10000111011 1100111111 1101110100 10010010000 1101010010 1101011110 1011010100 1011111110 1110111111 10000110100 1101000101 1100111100 1101000000 1100011010 21.750 56.756 1000.4 254374 17 6 11 59 50 4 $GNGGA,072144.00,,,,,0,00,99.9,,,,,,*45
254 07 21 45 Nan Nan Nan 1101011000 1100011010 1100110011 1111100111 10000111101 1100111010 1101101100 10010010011 1101011100 1101011110 1011011100 1100000010 1111000011 10000110101 1101001000 1100111000 1100111000 1100010110 21.750 56.756 1000.4 255374 16 7 11 59 51 4 $GNGGA,072145.00,,,,,0,00,99.9,,,,,,*44
255 07 21 46 Nan Nan Nan 1101011000 1100011010 1100110011 1111100010 10000111010 1101000001 1101110111 10010010101 1101011001 1101011110 1011010101 1011111010 1111000001 10000110010 1101000110 1100111010 1100111110 1100010111 21.750 56.756 1000.4 256372 17 7 10 58 51 4 $GNGGA,072146.00,,,,,0,00,99.9,,,,,,*47
256 07 21 47 Nan Nan Nan 1101011000 1100010111 1100110000 1111011110 10000111011 1100111111 1101110111 10010010000 1101010010 1101011110 1011011011 1011111110 1111000001 10000110011 1101000011 1100111010 1101000001 1100011010 21.750 56.748 1000.4 257372 16 8 11 59 52 3 $GNGGA,072147.00,,,,,0,00,99.9,,,,,,*46
257 07 21 48 Nan Nan Nan 1101011000 1100011101 1100110101 1111100001 10000111111 1100111010 1101110010 10010001111 1101011001 1101011110 1011011010 1011111110 1111000100 10000110101 1101000001 1100111001 1101000010 1100010011 21.750 56.748 1000.4 258536 17 7 10 59 51 4 $GNGGA,072148.00,,,,,0,00,99.9,,,,,,*49
258 07 21 49 Nan Nan Nan 1101011000 1100011101 1100110110 1111011101 10000111110 1101000001 1101110110 10010001110 1101001101 1101011110 1011011001 1011111110 1111000011 10000110100 1101000111 1100110110 1101000010 1100011001 21.750 56.740 1000.4 259369 16 7 11 58 51 4 $GNGGA,072149.00,,,,,0,00,99.9,,,,,,*48
259 07 21 50 Nan Nan Nan 1101011000 1100011100 1100110011 1111100101 10001000000 1100110110 1101101110 10010001111 1101010011 1101011110 1011010101 1011111101 1111000101 10000110100 1101000100 1100111001 1100111111 1100010111 21.750 56.733 1000.4 260369 16 7 11 60 51 3 $GNGGA,072150.00,,,,,0,00,99.9,,,,,,*40
260 07 21 51 Nan Nan Nan 1101011000 1100011010 1100110011 1111100110 10000111111 1100111100 1101110001 10010001110 1101010001 1101011110 1011010111 1011111101 1110111110 10000110010 1101000111 1100111000 1101000111 1100100010 21.750 56.733 1000.4 261368 16 7 12 59 50 4 $GNGGA,072151.00,,,,,0,00,99.9,,,,,,*41
261 07 21 52 Nan Nan Nan 1101011000 1100011100 1100110100 1111011101 10000111010 1100111110 1101110101 10010010001 1101001110 1101011110 1011011010 1011111111 1111000000 10000110010 1101000111 1100111110 1101001010 1100011111 21.750 56.740 1000.4 262367 16 7 10 58 52 4 $GNGGA,072152.00,,,,,0,00,99.9,,,,,,*42
262 07 21 53 Nan Nan Nan 1101011000 1100011000 1100110010 1111100110 10000111110 1100110111 1101101110 10010010000 1101010110 1101011110 1011010111 1011111111 1111001001 10000110010 1101001000 1100111110 1101000101 1100011000 21.750 56.740 1000.4 263366 17 7 11 60 50 4 $GNGGA,072153.00,,,,,0,00,99.9,,,,,,*43
263 07 21 54 Nan Nan Nan 1101011000 1100011000 1100110011 1111011110 10000111011 1100111101 1101110101 10010001101 1101001100 1101011110 1011010011 1011111101 1111000001 10000110101 1101001001 1100111000 1100111010 1100010011 21.750 56.740 1000.4 264531 16 7 12 59 50 4 $GNGGA,072154.00,,,,,0,00,99.9,,,,,,*44
264 07 21 55 Nan Nan Nan 1101011000 1100011000 1100110001 1111100011 10000110111 1100111101 1101111000 10010001001 1101010011 1101011110 1011010111 1100000000 1111001010 10000110101 1101001000 1100111110 1101000110 1100010101 21.750 56.740 1000.4 265364 17 7 11 59 51 3 $GNGGA,072155.00,,,,,0,00,99.9,,,,,,*45
265 07 21 56 Nan Nan Nan 1101011000 1100011000 1100110001 1111011111 10000111001 1100111011 1101110011 10010000110 1101001100 1101011110 1011011001 1011111110 1111001001 10000110011 1101001101 1101000011 1100111101 1100010100 21.750 56.740 1000.4 266362 16 7 12 59 51 3 $GNGGA,072156.00,,,,,0,00,99.9,,,,,,*46
