id HH MM SS longitude latitude altitude adc_1_ch0 adc_1_ch1 adc_1_ch2 adc_1_ch3 adc_1_ch4 adc_1_ch5 adc_1_ch6 adc_1_ch7 adc_1_ch8 adc_2_ch0 adc_2_ch1 adc_2_ch2 adc_2_ch3 adc_2_ch4 adc_2_ch5 adc_2_ch6 adc_2_ch7 adc_2_ch8 temp hum pres t_prog t_gps t_split t_adc t_temp t_hum t_pres trame_gga
1 07 22 12 Nan Nan Nan 1101011000 1100011010 1100110010 1111100010 10000111101 1100111110 1101110100 10010000010 1101001010 1101011110 1011011001 1100000000 1111000110 10000110010 1101000100 1100110010 1100111110 1100011010 21.750 56.664 795.83 2777 16 8 11 59 50 5 $GNGGA,072212.00,,,,,0,00,99.9,,,,,,*45
2 07 22 13 Nan Nan Nan 1101011000 1100011000 1100110010 1111100100 10000111110 1100111011 1101101111 10001111010 1101000110 1101011110 1011011100 1100000000 1111000101 10000110011 1101000101 1100111010 1100111100 1100011000 21.750 56.679 1000.4 3607 17 7 10 59 51 4 $GNGGA,072213.00,,,,,0,00,99.9,,,,,,*44
3 07 22 14 Nan Nan Nan 1101011000 1100011100 1100110101 1111011101 10000111000 1100111101 1101110011 10001111011 1101000100 1101011110 1011010110 1011111111 1111000111 10000110101 1101001010 1100111001 1100111011 1100011000 21.750 56.695 1000.4 4606 16 7 12 59 50 4 $GNGGA,072214.00,,,,,0,00,99.9,,,,,,*43
4 07 22 15 Nan Nan Nan 1101011000 1100011010 1100110001 1111100111 10000111110 1100111001 1101101101 10001111011 1101001010 1101011110 1011011010 1100000011 1110111111 10000110011 1101000111 1100111001 1101000001 1100011000 21.750 56.702 1000.4 5606 16 7 11 60 51 3 $GNGGA,072215.00,,,,,0,00,99.9,,,,,,*42
5 07 22 16 Nan Nan Nan 1101011000 1100011100 1100110100 1111010111 10000111010 1101000001 1101110011 10001111111 1101001001 1101011110 1011011010 1100000001 1111000110 10000110001 1101000100 1100110111 1101000010 1100010111 21.813 56.710 1000.4 6605 16 7 12 59 50 4 $GNGGA,072216.00,,,,,0,00,99.9,,,,,,*41
6 07 22 17 Nan Nan Nan 1101011000 1100011010 1100110010 1111100100 10000111101 1100111011 1101101110 10010000001 1101001000 1101011110 1011010110 1011111001 1111000100 10000110010 1101000101 1100111110 1101000111 1100100001 21.750 56.725 1000.4 7604 16 7 10 58 52 4 $GNGGA,072217.00,,,,,0,00,99.9,,,,,,*40
7 07 22 18 Nan Nan Nan 1101011000 1100010111 1100110001 1111100111 10000111110 1100110101 1101101011 10010000000 1101000011 1101011110 1011010111 1011111100 1111001010 10000110110 1101000111 1100111011 1100111011 1100010101 21.750 56.733 1000.4 8763 17 7 10 60 50 4 $GNGGA,072218.00,,,,,0,00,99.9,,,,,,*4F
8 07 22 19 Nan Nan Nan 1101011000 1100010111 1100110010 1111100010 10001000000 1100111101 1101110001 10010000011 1101001111 1101011110 1011011001 1100000000 1111000001 10000110100 1101000111 1100110110 1100111101 1100011111 21.813 56.740 1000.4 9602 17 7 10 59 50 5 $GNGGA,072219.00,,,,,0,00,99.9,,,,,,*4E
9 07 22 20 Nan Nan Nan 1101011000 1100011001 1100110011 1111100001 10000111101 1100111100 1101110010 10010000001 1101001011 1101011110 1011011001 1100000000 1111000011 10000110110 1101001001 1100111011 1101000000 1100011000 21.750 56.740 1000.4 10601 17 7 11 60 50 4 $GNGGA,072220.00,,,,,0,00,99.9,,,,,,*44
10 07 22 21 Nan Nan Nan 1101011000 1100011001 1100110010 1111011111 10000111101 1100111010 1101101110 10010000000 1101001011 1101011110 1011011001 1011111110 1111000110 10000110010 1101000110 1100110100 1100111010 1100010110 21.750 56.740 1000.4 11600 16 7 12 59 50 4 $GNGGA,072221.00,,,,,0,00,99.9,,,,,,*45
11 07 22 22 Nan Nan Nan 1101011000 1100011010 1100110010 1111011001 10000111010 1100111100 1101110100 10001111101 1101001000 1101011110 1011011001 1011111101 1111000101 10000110101 1101000100 1100110110 1101000011 1100011011 21.813 56.740 1000.4 12599 16 7 11 58 52 3 $GNGGA,072222.00,,,,,0,00,99.9,,,,,,*46
12 07 22 23 Nan Nan Nan 1101011000 1100011011 1100110010 1111100010 10000111010 1101000001 1101111100 10001111001 1101000100 1101011110 1011010110 1011111100 1111001101 10000110101 1101001010 1100111001 1101000000 1100010110 21.813 56.740 1000.4 13597 17 7 10 59 51 4 $GNGGA,072223.00,,,,,0,00,99.9,,,,,,*47
13 07 22 24 Nan Nan Nan 1101011000 1100010111 1100110010 1111011101 10000111010 1100111000 1101101110 10001111101 1101000001 1101011110 1011010111 1011111101 1111000101 10000110011 1100111111 1100110100 1100111111 1100010101 21.750 56.740 1000.4 14756 16 7 11 58 51 4 $GNGGA,072224.00,,,,,0,00,99.9,,,,,,*40
14 07 22 25 Nan Nan Nan 1101011000 1100011000 1100110011 1111011001 10000111001 1100111011 1101101110 10010000010 1101001011 1101011110 1011011000 1100000000 1111000111 10000110101 1101000000 1100110110 1101000011 1100011001 21.750 56.740 1000.4 15596 17 7 11 60 50 4 $GNGGA,072225.00,,,,,0,00,99.9,,,,,,*41
15 07 22 26 Nan Nan Nan 1101011000 1100011001 1100110010 1111100001 10000111101 1100111111 1101101110 10001111001 1101000110 1101011110 1011011000 1011111110 1111000100 10000110010 1101001000 1100111001 1100111110 1100100001 21.750 56.740 1000.4 16595 16 7 12 59 50 4 $GNGGA,072226.00,,,,,0,00,99.9,,,,,,*42
16 07 22 27 Nan Nan Nan 1101011000 1100011011 1100110100 1111100110 10000111100 1100111111 1101110011 10001111010 1101000011 1101011110 1011010110 1100000000 1111001001 10000110101 1100111111 1100111011 1100111101 1100010011 21.750 56.740 1000.4 17594 16 7 11 60 51 3 $GNGGA,072227.00,,,,,0,00,99.9,,,,,,*43
17 07 22 28 Nan Nan Nan 1101011000 1100011100 1100110101 1111101001 10000111110 1100110101 1101101001 10001110010 1101000001 1101011110 1011010110 1011111100 1111000011 10000110011 1101000101 1100110111 1100111010 1100010111 21.750 56.740 1000.4 18593 17 7 11 59 51 3 $GNGGA,072228.00,,,,,0,00,99.9,,,,,,*4C
18 07 22 29 Nan Nan Nan 1101011000 1100010111 1100110000 1111100100 10000111110 1100110101 1101101111 10001110100 1101000111 1101011110 1011010111 1011111111 1111001000 10000110100 1101000011 1100110100 1100110111 1100011100 21.813 56.740 1000.4 19591 16 7 10 58 52 4 $GNGGA,072229.00,,,,,0,00,99.9,,,,,,*4D
19 07 22 30 Nan Nan Nan 1101011000 1100011001 1100110011 1111100101 10000111010 1100111010 1101110001 10001111010 1101000101 1101011110 1011011001 1011111110 1111001010 10000110100 1101000101 1100110101 1100111101 1100011010 21.750 56.725 1000.4 20751 16 7 11 59 51 3 $GNGGA,072230.00,,,,,0,00,99.9,,,,,,*45
20 07 22 31 Nan Nan Nan 1101011000 1100011011 1100110100 1111101100 10000111100 1100111001 1101110010 10001111011 1101000010 1101011110 1011011001 1011111111 1111000101 10000110101 1101000011 1100111011 1100111010 1100001110 21.813 56.733 1000.4 21591 16 8 12 58 51 3 $GNGGA,072231.00,,,,,0,00,99.9,,,,,,*44
21 07 22 32 Nan Nan Nan 1101011000 1100011011 1100110101 1111100010 10000111010 1100111110 1101110100 10001111110 1101001000 1101011110 1011011001 1011111111 1111001000 10000110011 1101000011 1100110101 1100111100 1100011100 21.813 56.733 1000.4 22590 17 7 11 60 50 4 $GNGGA,072232.00,,,,,0,00,99.9,,,,,,*47
22 07 22 33 Nan Nan Nan 1101011000 1100011011 1100110010 1111100011 10000111010 1100110111 1101101110 10001110101 1101000011 1101011110 1011011011 1011111111 1110111111 10000110011 1100111111 1100110111 1100111111 1100010111 21.813 56.725 1000.4 23588 16 7 12 59 51 3 $GNGGA,072233.00,,,,,0,00,99.9,,,,,,*46
23 07 22 34 Nan Nan Nan 1101011000 1100011001 1100110100 1111100010 10000111110 1100111010 1101110000 10001110111 1101000100 1101011110 1011011000 1011111100 1111001010 10000110100 1101000001 1100110100 1100111101 1100011110 21.813 56.717 1000.4 24588 16 7 11 59 51 4 $GNGGA,072234.00,,,,,0,00,99.9,,,,,,*41
24 07 22 35 Nan Nan Nan 1101011000 1100011000 1100101111 1111100010 10000111111 1100111000 1101110110 10001110101 1101000011 1101011110 1011011000 1011111110 1111000111 10000110100 1101000000 1100110010 1100111110 1100010111 21.813 56.710 1000.4 25586 17 7 10 59 51 4 $GNGGA,072235.00,,,,,0,00,99.9,,,,,,*40
25 07 22 36 Nan Nan Nan 1101011000 1100011001 1100110010 1111100011 10000111100 1100110101 1101101101 10001111100 1100111101 1101011110 1011011000 1011111110 1111001110 10000110110 1100111100 1100110000 1100111011 1100010101 21.813 56.702 1000.4 26753 16 8 11 58 51 4 $GNGGA,072236.00,,,,,0,00,99.9,,,,,,*43
26 07 22 37 Nan Nan Nan 1101011000 1100011010 1100110010 1111011111 10000111001 1100111100 1101110110 10001110110 1101000101 1101011110 1011011010 1011111111 1111001011 10000110101 1101000011 1100111001 1100111101 1100011001 21.750 56.702 1000.4 27584 17 7 11 60 51 3 $GNGGA,072237.00,,,,,0,00,99.9,,,,,,*42
27 07 22 38 Nan Nan Nan 1101011000 1100011011 1100110100 1111100000 10000111010 1100101111 1101101001 10001111001 1101000101 1101011110 1011011011 1011111100 1111001110 10000110111 1100111110 1100110100 1101000011 1100011111 21.750 56.695 1000.4 28582 16 7 12 59 51 3 $GNGGA,072238.00,,,,,0,00,99.9,,,,,,*4D
28 07 22 39 Nan Nan Nan 1101011000 1100011110 1100110100 1111011110 10000111100 1100110101 1101110011 10001110110 1101000100 1101011110 1011011000 1011111110 1111001110 10000110101 1101000001 1100111011 1100110111 1100010000 21.750 56.702 1000.4 29582 16 7 11 59 51 4 $GNGGA,072239.00,,,,,0,00,99.9,,,,,,*4C
29 07 22 40 Nan Nan Nan 1101011000 1100010111 1100110011 1111100100 10000111100 1100111111 1101110100 10001110111 1101001011 1101011110 1011010111 1011111101 1111001110 10000110110 1101000010 1100110111 1100111000 1100010110 21.813 56.702 1000.4 30581 17 7 11 59 51 3 $GNGGA,072240.00,,,,,0,00,99.9,,,,,,*42
30 07 22 41 Nan Nan Nan 1101011000 1100011000 1100110011 1111100110 10000111011 1100111101 1101110011 10001110101 1101001111 1101011110 1011010110 1011111101 1111000111 10000110101 1101000000 1100110011 1100111001 1100011011 21.813 56.710 1000.4 31580 17 6 10 58 52 4 $GNGGA,072241.00,,,,,0,00,99.9,,,,,,*43
31 07 22 42 Nan Nan Nan 1101011000 1100011010 1100110101 1111100011 10000111100 1100111010 1101110010 10001110000 1101001000 1101011110 1011011010 1011111111 1111001101 10000110101 1101000011 1100110100 1100111100 1100011100 21.813 56.710 1000.4 32748 17 7 11 59 51 3 $GNGGA,072242.00,,,,,0,00,99.9,,,,,,*40
32 07 22 43 Nan Nan Nan 1101011000 1100011011 1100110100 1111100001 10000111100 1100111001 1101101111 10001110101 1101001010 1101011110 1011011000 1011111110 1111001010 10000110110 1101001011 1100111011 1100110111 1100010101 21.813 56.717 1000.4 33577 17 6 11 59 50 4 $GNGGA,072243.00,,,,,0,00,99.9,,,,,,*41
33 07 22 44 Nan Nan Nan 1101011000 1100011001 1100110010 1111100001 10000111101 1100111010 1101110001 10001110110 1101001000 1101011110 1011011000 1011111111 1111001110 10000110111 1101000000 1100110011 1100111100 1100011001 21.750 56.710 1000.4 34577 16 7 11 60 51 3 $GNGGA,072244.00,,,,,0,00,99.9,,,,,,*46
34 07 22 45 Nan Nan Nan 1101011000 1100011100 1100110010 1111100010 10000111110 1100111100 1101110000 10001101001 1100110111 1101011110 1011011001 1011111101 1111001101 10000110101 1101000000 1100110100 1100111011 1100010100 21.813 56.717 1000.4 35576 16 7 12 59 51 3 $GNGGA,072245.00,,,,,0,00,99.9,,,,,,*47
35 07 22 46 Nan Nan Nan 1101011000 1100011001 1100110010 1111101000 10000111101 1100110111 1101101111 10001110011 1101000000 1101011110 1011011000 1011111110 1111001000 10000110101 1100111101 1100110000 1100111011 1100010101 21.813 56.717 1000.4 36575 16 7 11 58 52 3 $GNGGA,072246.00,,,,,0,00,99.9,,,,,,*44
36 07 22 47 Nan Nan Nan 1101011000 1100011110 1100110010 1111100010 10000111101 1100111100 1101110011 10001101110 1100111101 1101011110 1011011000 1011111111 1111001101 10000110101 1101000010 1100111010 1100111100 1100011000 21.813 56.725 1000.4 37573 17 7 10 59 51 4 $GNGGA,072247.00,,,,,0,00,99.9,,,,,,*45
37 07 22 48 Nan Nan Nan 1101011000 1100011010 1100110010 1111011111 10000111001 1100111010 1101101110 10001110000 1101000111 1101011110 1011010110 1011111100 1111000101 10000110101 1101000101 1100110100 1100110001 1100010111 21.813 56.725 1000.4 38743 16 8 12 58 51 3 $GNGGA,072248.00,,,,,0,00,99.9,,,,,,*4A
38 07 22 49 Nan Nan Nan 1101011000 1100011010 1100110011 1111100101 10000111100 1100110001 1101100110 10001101010 1101001000 1101011110 1011011001 1100000001 1111001000 10000110011 1101000001 1100110010 1100110011 1100010100 21.813 56.717 1000.4 39572 17 7 11 59 51 3 $GNGGA,072249.00,,,,,0,00,99.9,,,,,,*4B
39 07 22 50 Nan Nan Nan 1101011000 1100011010 1100110010 1111100001 10000111010 1100111101 1101110100 10001100111 1100111100 1101011110 1011011010 1100000001 1111000110 10000110110 1101000110 1100110110 1100111011 1100011000 21.813 56.710 1000.4 40571 16 7 12 59 50 4 $GNGGA,072250.00,,,,,0,00,99.9,,,,,,*43
40 07 22 51 Nan Nan Nan 1101011000 1100011010 1100110010 1111011001 10000111001 1100110110 1101101110 10001100110 1101001010 1101011110 1011010110 1011111110 1111000100 10000110100 1101000011 1100111000 1100110101 1100010010 21.813 56.687 1000.4 41570 16 7 10 58 52 4 $GNGGA,072251.00,,,,,0,00,99.9,,,,,,*42
41 07 22 52 Nan Nan Nan 1101011000 1100011011 1100110101 1111100000 10000111011 1100111001 1101110001 10001100110 1101001000 1101011110 1011010111 1011111111 1111001110 10000110111 1101000011 1100110101 1100110111 1100011101 21.813 56.664 1000.4 42569 17 7 11 60 50 4 $GNGGA,072252.00,,,,,0,00,99.9,,,,,,*41
42 07 22 53 Nan Nan Nan 1101011001 1100011000 1100110001 1111100100 10000111100 1100111010 1101101100 10001101011 1101001001 1101011110 1011011000 1011111111 1111000100 10000110011 1101000110 1100110111 1100111011 1100011000 21.813 56.664 1000.4 43568 17 7 10 59 50 5 $GNGGA,072253.00,,,,,0,00,99.9,,,,,,*40
43 07 22 54 Nan Nan Nan 1101011000 1100011010 1100110001 1111100111 10000111101 1100111001 1101101110 10001101010 1101001000 1101011110 1011010110 1011111110 1111001010 10000110111 1100111001 1100110010 1100111001 1100011010 21.813 56.626 1000.4 44736 17 7 11 60 50 4 $GNGGA,072254.00,,,,,0,00,99.9,,,,,,*47
44 07 22 55 Nan Nan Nan 1101011000 1100011011 1100110011 1111101000 10000111011 1100111010 1101110100 10001101101 1101000101 1101011110 1011011100 1100000010 1111001011 10000110110 1100111101 1100101110 1100111001 1100010111 21.813 56.611 1000.4 45566 16 7 12 59 51 3 $GNGGA,072255.00,,,,,0,00,99.9,,,,,,*46
45 07 22 56 Nan Nan Nan 1101011000 1100011001 1100110010 1111011111 10000111001 1100110111 1101101110 10001101111 1101001011 1101011110 1011010111 1011111011 1111001100 10000110101 1101000001 1100110000 1100110101 1100010011 21.813 56.611 1000.4 46566 16 7 11 60 50 4 $GNGGA,072256.00,,,,,0,00,99.9,,,,,,*45
46 07 22 57 Nan Nan Nan 1101011000 1100011011 1100110100 1111100010 10000111110 1100111001 1101101101 10001101101 1100111100 1101011110 1011010101 1011111010 1111001100 10000110100 1101000010 1100110110 1100110010 1100001001 21.813 56.603 1000.4 47564 17 7 10 58 51 4 $GNGGA,072257.00,,,,,0,00,99.9,,,,,,*44
47 07 22 58 Nan Nan Nan 1101011000 1100011011 1100110101 1111011101 10000111011 1100110101 1101101101 10001100101 1100111111 1101011110 1011011000 1011111110 1111001000 10000110100 1101000100 1100111000 1100111010 1100010101 21.813 56.565 1000.4 48563 16 7 10 58 52 4 $GNGGA,072258.00,,,,,0,00,99.9,,,,,,*4B
48 07 22 59 Nan Nan Nan 1101011000 1100011011 1100110010 1111100110 10000111111 1100110100 1101101101 10001110001 1101001100 1101011110 1011011010 1100000000 1111000111 10000110100 1100111111 1100101111 1100110101 1100011010 21.813 56.527 1000.4 49563 17 7 10 59 51 4 $GNGGA,072259.00,,,,,0,00,99.9,,,,,,*4A
49 07 23 00 Nan Nan Nan 1101011000 1100011010 1100110100 1111100011 10001000010 1100110100 1101101011 10001101011 1101000101 1101011110 1011011001 1100000000 1111001000 10000110101 1101000000 1100110101 1100110100 1100001110 21.813 56.481 1000.4 50731 16 8 12 59 50 4 $GNGGA,072300.00,,,,,0,00,99.9,,,,,,*47
50 07 23 01 Nan Nan Nan 1101011000 1100011001 1100110001 1111100010 10000111111 1100111010 1101101110 10001101000 1101000011 1101011110 1011011011 1011111111 1111000011 10000110010 1101000011 1100111001 1100110111 1100010011 21.813 56.473 1000.4 51561 17 7 11 60 51 3 $GNGGA,072301.00,,,,,0,00,99.9,,,,,,*46
51 07 23 02 Nan Nan Nan 1101011000 1100011100 1100110010 1111100101 10000111100 1100111101 1101110011 10001101111 1101000101 1101011110 1011010111 1011111101 1111001010 10000110101 1100111111 1100110110 1100110011 1100010001 21.813 56.489 1000.4 52559 16 7 11 58 51 4 $GNGGA,072302.00,,,,,0,00,99.9,,,,,,*45
52 07 23 03 Nan Nan Nan 1101011000 1100011001 1100110011 1111100110 10001000000 1100110011 1101101000 10001101101 1100111101 1101011110 1011011011 1011111110 1111001111 10000110010 1100111111 1100110110 1100110100 1100010001 21.813 56.504 1000.4 53559 16 7 11 59 52 3 $GNGGA,072303.00,,,,,0,00,99.9,,,,,,*44
53 07 23 04 Nan Nan Nan 1101011000 1100011100 1100110011 1111100110 10000111011 1100110111 1101101100 10001110000 1101000110 1101011110 1011010101 1011111011 1111001000 10000110100 1101000011 1100101110 1100111100 1100010110 21.813 56.519 1000.4 54558 18 7 10 60 50 4 $GNGGA,072304.00,,,,,0,00,99.9,,,,,,*43
54 07 23 05 Nan Nan Nan 1101011000 1100011011 1100110110 1111101000 10001000000 1100111001 1101101111 10001101110 1101000111 1101011110 1011010111 1011111101 1111010000 10000110111 1101000011 1100110111 1100111000 1100010011 21.813 56.519 1000.4 55557 16 8 11 59 51 4 $GNGGA,072305.00,,,,,0,00,99.9,,,,,,*42
55 07 23 06 Nan Nan Nan 1101011000 1100011010 1100110001 1111101001 10001000010 1100110100 1101101101 10001101010 1101000101 1101011110 1011010101 1011111100 1111001001 10000110101 1100111111 1100110000 1100110010 1100001000 21.813 56.527 1000.4 56724 17 7 11 60 51 3 $GNGGA,072306.00,,,,,0,00,99.9,,,,,,*41
56 07 23 07 Nan Nan Nan 1101011000 1100011001 1100110010 1111100110 10000111001 1100101111 1101100100 10001110011 1101001110 1101011110 1011011001 1100000001 1111001111 10000110111 1100111111 1100110011 1100110111 1100001110 21.813 56.542 1000.4 57554 16 7 11 58 51 4 $GNGGA,072307.00,,,,,0,00,99.9,,,,,,*40
57 07 23 08 Nan Nan Nan 1101011000 1100011100 1100110011 1111100011 10000111010 1100110111 1101101011 10001110011 1101010010 1101011110 1011011001 1100000000 1111000110 10000110100 1101000000 1100110101 1100111011 1100010101 21.813 56.557 1000.4 58554 16 7 11 59 51 3 $GNGGA,072308.00,,,,,0,00,99.9,,,,,,*4F
58 07 23 09 Nan Nan Nan 1101011001 1100011100 1100110110 1111100101 10000111101 1100110100 1101101011 10001100111 1101001011 1101011110 1011010110 1011111100 1111001100 10000110100 1101000001 1100110100 1100111000 1100010110 21.813 56.580 1000.4 59553 17 7 11 59 50 4 $GNGGA,072309.00,,,,,0,00,99.9,,,,,,*4E
59 07 23 10 Nan Nan Nan 1101011000 1100010110 1100101110 1111100000 10000111101 1100110111 1101101101 10001101101 1101010001 1101011110 1011011000 1100000011 1111001110 10000110110 1101000001 1100110101 1100110101 1100001111 21.813 56.588 1000.4 60552 16 7 10 58 52 4 $GNGGA,072310.00,,,,,0,00,99.9,,,,,,*46
60 07 23 11 Nan Nan Nan 1101011000 1100011010 1100110101 1111100110 10000111011 1100111000 1101110000 10001101000 1101000111 1101011110 1011010100 1011111100 1111001100 10000110110 1100111101 1100110101 1100110010 1100010001 21.813 56.595 1000.4 61551 17 7 11 60 51 3 $GNGGA,072311.00,,,,,0,00,99.9,,,,,,*47
61 07 23 12 Nan Nan Nan 1101011000 1100011010 1100110011 1111100010 10000111101 1100110100 1101100111 10001101111 1101001100 1101011110 1011010110 1011111010 1111001011 10000110011 1101000000 1100110011 1100110101 1100010110 21.813 56.588 1000.4 62710 17 7 10 58 51 4 $GNGGA,072312.00,,,,,0,00,99.9,,,,,,*44
62 07 23 13 Nan Nan Nan 1101011000 1100011010 1100110011 1111010111 10000111000 1100110110 1101110000 10001101110 1101001101 1101011110 1011010101 1011111110 1111001110 10000110110 1101000011 1100111000 1100111000 1100010000 21.813 56.588 1000.4 63549 17 7 11 60 51 3 $GNGGA,072313.00,,,,,0,00,99.9,,,,,,*45
63 07 23 14 Nan Nan Nan 1101011001 1100011010 1100110011 1111100011 10000111100 1100111011 1101110000 10001101101 1101001100 1101011110 1011010100 1011111100 1111001101 10000110111 1101000001 1100111001 1100110100 1100001101 21.813 56.588 1000.4 64548 16 7 12 59 50 4 $GNGGA,072314.00,,,,,0,00,99.9,,,,,,*42
64 07 23 15 Nan Nan Nan 1101011000 1100011001 1100110100 1111100011 10000111010 1100111001 1101110000 10001110011 1101010010 1101011110 1011011000 1011111111 1111001111 10000110110 1100111111 1100110001 1100111000 1100010100 21.813 56.588 1000.4 65547 16 7 10 58 52 4 $GNGGA,072315.00,,,,,0,00,99.9,,,,,,*43
65 07 23 16 Nan Nan Nan 1101011000 1100011001 1100110011 1111100110 10000111101 1100111010 1101101110 10001100111 1101000010 1101011110 1011011000 1011111111 1111000010 10000110011 1101000011 1100110010 1100111110 1100011110 21.813 56.565 1000.4 66545 17 7 10 59 51 4 $GNGGA,072316.00,,,,,0,00,99.9,,,,,,*40
66 07 23 17 Nan Nan Nan 1101011000 1100011000 1100110100 1111100011 10000111101 1100110100 1101101100 10001100111 1101000110 1101011110 1011010111 1011111110 1111001001 10000110011 1100111101 1100110001 1100110010 1100010110 21.813 56.557 1000.4 67546 17 8 10 59 50 5 $GNGGA,072317.00,,,,,0,00,99.9,,,,,,*41
67 07 23 18 Nan Nan Nan 1101011001 1100011010 1100110010 1111100110 10000111010 1100111010 1101110000 10001100100 1101000100 1101011110 1011011000 1011111111 1111001100 10000110111 1101000110 1100111010 1100110001 1100010000 21.813 56.534 1000.4 68705 16 7 11 59 51 4 $GNGGA,072318.00,,,,,0,00,99.9,,,,,,*4E
68 07 23 19 Nan Nan Nan 1101011000 1100011000 1100110011 1111100001 10000111011 1100111001 1101101000 10001100111 1101000001 1101011110 1011010110 1011111110 1111001101 10000110111 1100111110 1100110110 1100110101 1100010110 21.813 56.534 1000.4 69543 16 7 12 59 50 4 $GNGGA,072319.00,,,,,0,00,99.9,,,,,,*4F
69 07 23 20 Nan Nan Nan 1101011000 1100011001 1100110100 1111101000 10000111101 1100110010 1101101010 10001101010 1101000000 1101011110 1011011000 1011111111 1111001011 10000110100 1101001000 1100110101 1100110110 1100001110 21.813 56.534 1000.4 70542 16 7 10 58 52 4 $GNGGA,072320.00,,,,,0,00,99.9,,,,,,*45
70 07 23 21 Nan Nan Nan 1101011000 1100011001 1100110011 1111100111 10000111111 1100111010 1101110011 10001011111 1100111010 1101011110 1011011010 1100000000 1111001110 10000110111 1101000000 1100110011 1100111011 1100010100 21.813 56.542 1000.4 71541 17 7 11 59 51 3 $GNGGA,072321.00,,,,,0,00,99.9,,,,,,*44
71 07 23 22 Nan Nan Nan 1101011000 1100011001 1100110011 1111101100 10000111110 1100111001 1101101011 10001100001 1100111111 1101011110 1011011001 1011111110 1111001011 10000110100 1100111110 1100110000 1101000010 1100011001 21.813 56.550 1000.4 72540 16 8 11 59 52 3 $GNGGA,072322.00,,,,,0,00,99.9,,,,,,*47
72 07 23 23 Nan Nan Nan 1101011001 1100010110 1100110001 1111100111 10000111100 1100111000 1101110001 10001100001 1100111010 1101011110 1011010101 1011111101 1111001000 10000110100 1100111011 1100101101 1100111100 1100010111 21.813 56.557 1000.4 73539 17 7 11 60 51 3 $GNGGA,072323.00,,,,,0,00,99.9,,,,,,*46
73 07 23 24 Nan Nan Nan 1101011000 1100011100 1100110011 1111100101 10000111101 1100110111 1101101110 10001100100 1100111111 1101011110 1011010011 1011111110 1111010000 10000110101 1101000000 1100110111 1101000000 1100011001 21.813 56.565 1000.4 74698 17 7 11 58 51 3 $GNGGA,072324.00,,,,,0,00,99.9,,,,,,*41
74 07 23 25 Nan Nan Nan 1101011000 1100010111 1100110011 1111100011 10000111101 1100111000 1101101101 10001010111 1100110110 1101011110 1011010111 1011111110 1111010000 10000110110 1101000110 1100110100 1100111111 1100010100 21.813 56.565 1000.4 75537 16 7 10 59 51 4 $GNGGA,072325.00,,,,,0,00,99.9,,,,,,*40
75 07 23 26 Nan Nan Nan 1101011000 1100011010 1100110001 1111100101 10000111011 1100111000 1101101111 10001100001 1100111000 1101011110 1011010111 1011111101 1111000101 10000110101 1101000100 1100110011 1100111100 1100011011 21.813 56.565 1000.4 76535 17 6 11 59 50 4 $GNGGA,072326.00,,,,,0,00,99.9,,,,,,*43
76 07 23 27 Nan Nan Nan 1101011000 1100011000 1100110000 1111100010 10000111010 1100111010 1101110001 10001011001 1100110110 1101011110 1011011001 1011111111 1111001101 10000110101 1101000011 1100110100 1100110110 1100010111 21.813 56.572 1000.4 77535 16 7 11 58 52 3 $GNGGA,072327.00,,,,,0,00,99.9,,,,,,*42
77 07 23 28 Nan Nan Nan 1101011000 1100011011 1100110011 1111101000 10000111101 1100110011 1101101111 10001100011 1100111100 1101011110 1011011100 1100000001 1111010010 10000110111 1100111000 1100101110 1100110100 1100011101 21.813 56.580 1000.4 78534 17 7 11 60 51 3 $GNGGA,072328.00,,,,,0,00,99.9,,,,,,*4D
78 07 23 29 Nan Nan Nan 1101011000 1100011001 1100110000 1111100110 10000111010 1100110011 1101101101 10001100101 1101000000 1101011110 1011011000 1011111101 1111001111 10000110101 1101000010 1100110000 1101000001 1100100001 21.813 56.603 1000.4 79533 16 8 12 58 51 3 $GNGGA,072329.00,,,,,0,00,99.9,,,,,,*4C
79 07 23 30 Nan Nan Nan 1101011001 1100011001 1100110101 1111100101 10000111100 1100110111 1101101111 10001100011 1101001011 1101011110 1011011000 1011111111 1111010001 10000110101 1101000001 1100110101 1100110111 1100010101 21.813 56.611 1000.4 80693 16 7 11 59 52 3 $GNGGA,072330.00,,,,,0,00,99.9,,,,,,*44
80 07 23 31 Nan Nan Nan 1101011000 1100011001 1100110010 1111101000 10000111111 1100110011 1101101100 10001100001 1100111111 1101011110 1011010101 1011111111 1111011000 10000111000 1101000000 1100110001 1100110100 1100010101 21.813 56.618 1000.4 81531 17 7 11 59 50 4 $GNGGA,072331.00,,,,,0,00,99.9,,,,,,*45
81 07 23 32 Nan Nan Nan 1101011000 1100011010 1100110001 1111100110 10000111100 1100110101 1101101100 10001100001 1100111100 1101011110 1011011000 1100000001 1111010001 10000110100 1101000000 1100110110 1100111000 1100011101 21.813 56.618 1000.4 82530 16 7 10 58 52 4 $GNGGA,072332.00,,,,,0,00,99.9,,,,,,*46
82 07 23 33 Nan Nan Nan 1101011000 1100011011 1100110010 1111101000 10000111011 1100110111 1101101011 10001101000 1101000000 1101011110 1011011001 1011111111 1111010111 10000110111 1101000010 1100110100 1100110101 1100001110 21.813 56.626 1000.4 83529 17 7 10 58 51 4 $GNGGA,072333.00,,,,,0,00,99.9,,,,,,*47
83 07 23 34 Nan Nan Nan 1101011001 1100011010 1100110101 1111100101 10000111110 1100110101 1101101011 10001101100 1100111111 1101011110 1011010011 1011111011 1111010111 10000110110 1101000000 1100110000 1100110101 1100010100 21.813 56.634 1000.4 84528 16 8 10 58 51 5 $GNGGA,072334.00,,,,,0,00,99.9,,,,,,*40
84 07 23 35 Nan Nan Nan 1101011000 1100011011 1100110010 1111100100 10000111100 1100110111 1101101101 10001100011 1100111100 1101011110 1011011010 1011111110 1111001110 10000110101 1100111101 1100101111 1100111000 1100010000 21.813 56.626 1000.4 85527 17 7 11 59 51 3 $GNGGA,072335.00,,,,,0,00,99.9,,,,,,*41
85 07 23 36 Nan Nan Nan 1101011000 1100010111 1100110010 1111100111 10000111011 1100110110 1101101110 10001100101 1101000111 1101011110 1011010111 1011111111 1111001101 10000110111 1100111111 1100110010 1100110011 1100010101 21.813 56.626 1000.4 86686 18 6 10 59 50 4 $GNGGA,072336.00,,,,,0,00,99.9,,,,,,*42
86 07 23 37 Nan Nan Nan 1101011000 1100011100 1100110100 1111101001 10000111101 1100101110 1101100011 10001101111 1101001010 1101011110 1011011010 1011111111 1111001110 10000110110 1100111110 1100101010 1100110100 1100010111 21.813 56.618 1000.4 87526 16 7 11 60 50 4 $GNGGA,072337.00,,,,,0,00,99.9,,,,,,*43
87 07 23 38 Nan Nan Nan 1101011000 1100011001 1100110001 1111101001 10000111011 1100110101 1101101011 10001100001 1100111111 1101011110 1011011011 1011111101 1111001111 10000110101 1100111011 1100101110 1100111110 1100011010 21.813 56.626 1000.4 88524 17 7 11 59 50 4 $GNGGA,072338.00,,,,,0,00,99.9,,,,,,*4C
88 07 23 39 Nan Nan Nan 1101011001 1100011010 1100110011 1111100100 10000111011 1100110000 1101100010 10001100000 1101000101 1101011110 1011011011 1100000001 1111010011 10000110111 1101000010 1100110101 1101000001 1100011100 21.813 56.626 1000.4 89524 16 7 11 59 51 4 $GNGGA,072339.00,,,,,0,00,99.9,,,,,,*4D
89 07 23 40 Nan Nan Nan 1101011001 1100011010 1100110001 1111101010 10000111101 1100110011 1101101111 10001101011 1101000000 1101011110 1011010111 1011111110 1111010000 10000110101 1100111011 1100110000 1100111110 1100011001 21.813 56.626 1000.4 90522 17 7 11 59 51 3 $GNGGA,072340.00,,,,,0,00,99.9,,,,,,*43
90 07 23 41 Nan Nan Nan 1101011000 1100011000 1100110001 1111101001 10000111100 1100110010 1101100111 10001100011 1100111111 1101011110 1011010111 1011111101 1111001111 10000110100 1100111101 1100110000 1100110101 1100010011 21.813 56.634 1000.4 91522 16 8 12 58 51 3 $GNGGA,072341.00,,,,,0,00,99.9,,,,,,*42
91 07 23 42 Nan Nan Nan 1101011001 1100010101 1100101110 1111100011 10000111011 1100110101 1101101011 10001011110 1100111001 1101011110 1011011000 1100000000 1111010001 10000110100 1101000001 1100110010 1100110010 1100010100 21.813 56.634 1000.4 92681 16 7 10 58 52 4 $GNGGA,072342.00,,,,,0,00,99.9,,,,,,*41
92 07 23 43 Nan Nan Nan 1101011000 1100011000 1100110011 1111100111 10000111111 1100110011 1101101001 10001100100 1101000100 1101011110 1011010111 1011111110 1111010110 10000110101 1100111110 1100110010 1100101000 1100000111 21.813 56.626 1000.4 93519 16 7 11 58 51 4 $GNGGA,072343.00,,,,,0,00,99.9,,,,,,*40
93 07 23 44 Nan Nan Nan 1101011000 1100011001 1100110000 1111101000 10000111011 1100101111 1101100101 10001100110 1101000011 1101011110 1011010111 1011111100 1111010110 10000110101 1101000000 1100110110 1100110000 1100001101 21.813 56.618 1000.4 94519 16 7 11 59 52 3 $GNGGA,072344.00,,,,,0,00,99.9,,,,,,*47
94 07 23 45 Nan Nan Nan 1101011000 1100010110 1100110010 1111101000 10000111110 1100110110 1101101011 10001100011 1101001001 1101011110 1011011000 1011111100 1111010001 10000110101 1100111011 1100110000 1100110001 1100010110 21.813 56.611 1000.4 95517 17 7 11 60 51 3 $GNGGA,072345.00,,,,,0,00,99.9,,,,,,*46
95 07 23 46 Nan Nan Nan 1101011000 1100011001 1100110001 1111100110 10000111110 1100110011 1101101100 10001100001 1100111111 1101011110 1011011011 1100000001 1111010100 10000110101 1100111111 1100110001 1100110111 1100011001 21.813 56.618 1000.4 96517 16 8 10 58 51 5 $GNGGA,072346.00,,,,,0,00,99.9,,,,,,*45
96 07 23 47 Nan Nan Nan 1101011000 1100011010 1100110010 1111011111 10000111011 1100110010 1101101011 10001100001 1101000101 1101011110 1011010110 1011111110 1111001100 10000110110 1100111100 1100101101 1100110101 1100010100 21.813 56.618 1000.4 97516 17 7 10 59 51 4 $GNGGA,072347.00,,,,,0,00,99.9,,,,,,*44
97 07 23 48 Nan Nan Nan 1101011001 1100011000 1100110001 1111100111 10000111100 1100110010 1101101010 10001100010 1101001010 1101011110 1011011001 1100000000 1111010001 10000110100 1101000101 1100110100 1100110011 1100011010 21.813 56.634 1000.4 98675 17 7 11 60 51 3 $GNGGA,072348.00,,,,,0,00,99.9,,,,,,*4B
98 07 23 49 Nan Nan Nan 1101011000 1100011101 1100110011 1111100000 10000111100 1100110100 1101101011 10001100100 1101000100 1101011110 1011011010 1100000001 1111010011 10000110100 1100111110 1100110010 1100110101 1100001100 21.813 56.634 1000.4 99514 16 7 11 60 51 3 $GNGGA,072349.00,,,,,0,00,99.9,,,,,,*4A
99 07 23 50 Nan Nan Nan 1101011000 1100011010 1100110100 1111011101 10000111000 1100110001 1101101010 10001101010 1101000100 1101011110 1011010110 1011111101 1111001110 10000110110 1100111110 1100101111 1100110011 1100001100 21.813 56.634 1000.4 100512 18 6 10 59 50 4 $GNGGA,072350.00,,,,,0,00,99.9,,,,,,*42
100 07 23 51 Nan Nan Nan 1101011001 1100011010 1100110100 1111100110 10000111101 1100111001 1101101110 10001101011 1101000100 1101011110 1011010111 1011111110 1111001110 10000110100 1100111111 1100110001 1100111001 1100010011 21.813 56.634 1000.4 101512 16 7 11 59 52 3 $GNGGA,072351.00,,,,,0,00,99.9,,,,,,*43
101 07 23 52 Nan Nan Nan 1101011000 1100011011 1100110011 1111100101 10000111101 1100110011 1101110000 10001101101 1101001110 1101011110 1011011001 1100000000 1111010001 10000110100 1100111111 1100110010 1100110110 1100010011 21.813 56.634 1000.4 102511 17 7 11 60 51 3 $GNGGA,072352.00,,,,,0,00,99.9,,,,,,*40
102 07 23 53 Nan Nan Nan 1101011000 1100011010 1100110011 1111101010 10000111101 1100110101 1101100111 10001100111 1101000101 1101011110 1011010111 1011111101 1111001111 10000110100 1100111100 1100101100 1100110111 1100010101 21.813 56.626 1000.4 103510 16 8 11 58 51 4 $GNGGA,072353.00,,,,,0,00,99.9,,,,,,*41
103 07 23 54 Nan Nan Nan 1101011000 1100011011 1100110100 1111101100 10000111010 1100110001 1101101001 10001100011 1101000101 1101011110 1011010101 1011111110 1111010001 10000110101 1101000010 1100110010 1100111101 1100011010 21.813 56.626 1000.4 104670 16 7 11 59 51 4 $GNGGA,072354.00,,,,,0,00,99.9,,,,,,*46
104 07 23 55 Nan Nan Nan 1101011000 1100011111 1100110101 1111101011 10000111110 1100110111 1101101110 10001100101 1101000011 1101011110 1011010011 1011111101 1111010100 10000110111 1101000101 1100110010 1100111001 1100010101 21.813 56.634 1000.4 105507 17 7 11 58 51 4 $GNGGA,072355.00,,,,,0,00,99.9,,,,,,*47
105 07 23 56 Nan Nan Nan 1101011000 1100011011 1100110011 1111100010 10000111011 1100110001 1101101010 10001100101 1101000110 1101011110 1011011000 1011111111 1111001110 10000110101 1100111110 1100110000 1100110100 1100010000 21.813 56.626 1000.4 106507 16 7 11 59 52 3 $GNGGA,072356.00,,,,,0,00,99.9,,,,,,*44
106 07 23 57 Nan Nan Nan 1101011000 1100011100 1100110100 1111100001 10000111001 1100110010 1101101101 10001100011 1101000110 1101011110 1011011011 1011111111 1111010001 10000110110 1101000101 1100110011 1100110100 1100010101 21.813 56.634 1000.4 107506 17 7 11 60 51 3 $GNGGA,072357.00,,,,,0,00,99.9,,,,,,*45
107 07 23 58 Nan Nan Nan 1101011001 1100011010 1100110100 1111101001 10000111100 1100110111 1101110001 10001100111 1101000111 1101011110 1011010100 1011111110 1111001100 10000110101 1101000000 1100110011 1100110011 1100001111 21.813 56.641 1000.4 108506 16 8 11 58 51 4 $GNGGA,072358.00,,,,,0,00,99.9,,,,,,*4A
108 07 23 59 Nan Nan Nan 1101011000 1100011011 1100110000 1111100111 10000111011 1100110101 1101101110 10001100101 1101001101 1101011110 1011010110 1011111110 1111010100 10000111001 1100111001 1100101111 1100110110 1100010010 21.813 56.649 1000.4 109504 17 7 11 60 51 3 $GNGGA,072359.00,,,,,0,00,99.9,,,,,,*4B
109 07 24 00 Nan Nan Nan 1101011000 1100011011 1100110011 1111101011 10000111111 1100111001 1101101111 10001100110 1100111110 1101011110 1011011001 1011111111 1111001100 10000110101 1100111011 1100110011 1100110001 1100001101 21.813 56.656 1000.4 110663 17 7 11 59 51 3 $GNGGA,072400.00,,,,,0,00,99.9,,,,,,*40
110 07 24 01 Nan Nan Nan 1101011001 1100011011 1100110010 1111101011 10000111110 1100110001 1101101010 10001100100 1100111101 1101011110 1011011010 1011111111 1111010001 10000110101 1100111111 1100110101 1100110101 1100010111 21.813 56.656 1000.4 111502 16 7 11 59 52 3 $GNGGA,072401.00,,,,,0,00,99.9,,,,,,*41
111 07 24 02 Nan Nan Nan 1101011001 1100011100 1100110101 1111101000 10000111011 1100110010 1101101010 10001100101 1100111010 1101011110 1011011000 1100000000 1111010001 10000110111 1100111100 1100110100 1100110011 1100010010 21.813 56.656 1000.4 112501 17 7 11 59 51 3 $GNGGA,072402.00,,,,,0,00,99.9,,,,,,*42
112 07 24 03 Nan Nan Nan 1101011000 1100011010 1100110000 1111101010 10000111110 1100101111 1101101000 10001101011 1101000001 1101011110 1011011000 1011111110 1111010000 10000110111 1100111101 1100101011 1100110001 1100010011 21.813 56.641 1000.4 113501 16 7 11 59 51 4 $GNGGA,072403.00,,,,,0,00,99.9,,,,,,*43
113 07 24 04 Nan Nan Nan 1101011000 1100010110 1100110000 1111011111 10000111001 1100110011 1101101100 10001101100 1101000001 1101011110 1011011000 1011111111 1111010101 10000110110 1100111101 1100110011 1100101111 1100010011 21.813 56.634 1000.4 114499 17 7 11 60 51 3 $GNGGA,072404.00,,,,,0,00,99.9,,,,,,*44
114 07 24 05 Nan Nan Nan 1101011001 1100011001 1100110001 1111100110 10000111010 1100111000 1101101100 10001101001 1101000001 1101011110 1011010111 1100000000 1111010111 10000111000 1100111000 1100110000 1100110111 1100011000 21.813 56.618 1000.4 115499 16 8 12 59 50 4 $GNGGA,072405.00,,,,,0,00,99.9,,,,,,*45
115 07 24 06 Nan Nan Nan 1101011000 1100010111 1100110010 1111100111 10000111101 1100110011 1101101101 10001100100 1101000001 1101011110 1011011001 1011111111 1111010000 10000110110 1100111011 1100101011 1100110000 1100010110 21.813 56.618 1000.4 116658 16 7 11 59 52 3 $GNGGA,072406.00,,,,,0,00,99.9,,,,,,*46
116 07 24 07 Nan Nan Nan 1101011000 1100011000 1100101110 1111100010 10000111010 1100110100 1101101101 10001100101 1101000010 1101011110 1011011000 1011111110 1111010100 10000110110 1101000001 1100101110 1100110010 1100010000 21.875 56.611 1000.4 117496 17 7 11 59 50 4 $GNGGA,072407.00,,,,,0,00,99.9,,,,,,*47
117 07 24 08 Nan Nan Nan 1101011001 1100011001 1100110011 1111100011 10000111111 1100110010 1101100111 10001100100 1100111110 1101011110 1011011101 1100000001 1111010110 10000110101 1100111100 1100101110 1100110101 1100010101 21.813 56.611 1000.4 118495 16 7 10 58 52 4 $GNGGA,072408.00,,,,,0,00,99.9,,,,,,*48
118 07 24 09 Nan Nan Nan 1101011001 1100010111 1100110010 1111100110 10000111101 1100110010 1101101010 10001011111 1100111110 1101011110 1011011001 1100000001 1111010001 10000110111 1101000011 1100110011 1100110011 1100010101 21.813 56.603 1000.4 119494 17 7 11 60 51 3 $GNGGA,072409.00,,,,,0,00,99.9,,,,,,*49
119 07 24 10 Nan Nan Nan 1101011001 1100011010 1100110010 1111100001 10000111011 1100110000 1101100100 10001100110 1100111100 1101011110 1011011010 1100000010 1111010010 10000110111 1101000101 1100110101 1100101111 1100001110 21.813 56.595 1000.4 120494 16 8 11 59 51 4 $GNGGA,072410.00,,,,,0,00,99.9,,,,,,*41
120 07 24 11 Nan Nan Nan 1101011001 1100011010 1100110010 1111101010 10000111011 1100110110 1101101011 10001100100 1100111010 1101011110 1011011010 1100000001 1111010011 10000110110 1100111001 1100101111 1100111000 1100010001 21.813 56.595 1000.4 121492 17 7 11 59 51 3 $GNGGA,072411.00,,,,,0,00,99.9,,,,,,*40
121 07 24 12 Nan Nan Nan 1101011001 1100011011 1100110001 1111101000 10000111100 1100110101 1101101000 10001100111 1100111110 1101011110 1011011010 1011111110 1111001111 10000110101 1101000010 1100110010 1100110010 1100011000 21.813 56.603 1000.4 122652 17 7 11 60 50 4 $GNGGA,072412.00,,,,,0,00,99.9,,,,,,*43
122 07 24 13 Nan Nan Nan 1101011001 1100011011 1100110010 1111100011 10000111000 1100101101 1101100011 10001100010 1101000010 1101011110 1011011001 1011111110 1111001110 10000110101 1100111101 1100101110 1100110010 1100011001 21.813 56.595 1000.4 123491 17 7 10 59 51 4 $GNGGA,072413.00,,,,,0,00,99.9,,,,,,*42
123 07 24 14 Nan Nan Nan 1101011001 1100011001 1100110100 1111101000 10000111101 1100110000 1101101011 10001101001 1100110111 1101011110 1011010111 1011111110 1111001101 10000110111 1100111011 1100101111 1100111000 1100010111 21.813 56.595 1000.4 124489 17 7 11 60 50 4 $GNGGA,072414.00,,,,,0,00,99.9,,,,,,*45
124 07 24 15 Nan Nan Nan 1101011000 1100011010 1100110011 1111100110 10000111010 1100110011 1101101001 10001100010 1100111000 1101011110 1011011010 1100000010 1111010010 10000111000 1101000000 1100110000 1100110111 1100010100 21.875 56.580 1000.4 125489 16 8 11 59 50 5 $GNGGA,072415.00,,,,,0,00,99.9,,,,,,*44
125 07 24 16 Nan Nan Nan 1101011001 1100011010 1100110011 1111101100 10000111110 1100110001 1101100110 10001100001 1100110110 1101011110 1011011010 1100000001 1111001100 10000110110 1101000010 1100110011 1100110111 1100010111 21.813 56.572 1000.4 126487 17 7 10 59 51 4 $GNGGA,072416.00,,,,,0,00,99.9,,,,,,*47
126 07 24 17 Nan Nan Nan 1101011000 1100011100 1100110001 1111100110 10000111010 1100111100 1101110011 10001100011 1100111000 1101011110 1011011101 1100000011 1111001111 10000110101 1100111110 1100101110 1100110011 1100001111 21.813 56.565 1000.4 127486 16 7 12 58 51 3 $GNGGA,072417.00,,,,,0,00,99.9,,,,,,*46
127 07 24 18 Nan Nan Nan 1101011000 1100011000 1100110011 1111110010 10000111110 1100110010 1101101101 10001100000 1100110101 1101011110 1011011000 1011111101 1111010010 10000111000 1100111110 1100101111 1100110101 1100010110 21.875 56.565 1000.4 128646 17 8 10 58 52 4 $GNGGA,072418.00,,,,,0,00,99.9,,,,,,*49
128 07 24 19 Nan Nan Nan 1101011001 1100011000 1100110010 1111100111 10000111110 1100101111 1101100101 10001101010 1100111111 1101011110 1011011010 1100000000 1111010100 10000110110 1100111100 1100110001 1100111000 1100010010 21.813 56.557 1000.4 129484 18 6 10 58 51 4 $GNGGA,072419.00,,,,,0,00,99.9,,,,,,*48
129 07 24 20 Nan Nan Nan 1101011000 1100011010 1100110100 1111100101 10000111010 1100110100 1101101101 10001101001 1100111111 1101011110 1011011010 1100000010 1111001100 10000110100 1101000001 1100110011 1100110000 1100010000 21.813 56.557 1000.4 130484 16 7 11 58 52 3 $GNGGA,072420.00,,,,,0,00,99.9,,,,,,*42
130 07 24 21 Nan Nan Nan 1101011000 1100011001 1100110011 1111101011 10000111101 1100111000 1101101101 10001100111 1101000001 1101011110 1011011010 1100000000 1111010100 10000110110 1100111011 1100110001 1100110001 1100010000 21.813 56.565 1000.4 131483 17 7 11 60 51 3 $GNGGA,072421.00,,,,,0,00,99.9,,,,,,*43
131 07 24 22 Nan Nan Nan 1101011001 1100011001 1100110001 1111110001 10000111111 1100101101 1101100111 10001100010 1100110111 1101011110 1011011001 1011111110 1111010101 10000110111 1100111011 1100110001 1100111000 1100010111 21.813 56.580 1000.4 132482 16 8 12 58 51 3 $GNGGA,072422.00,,,,,0,00,99.9,,,,,,*40
132 07 24 23 Nan Nan Nan 1101011000 1100011011 1100110010 1111101010 10000111010 1100110010 1101101011 10001100010 1100110111 1101011110 1011011000 1011111111 1111010000 10000110101 1101000000 1100110000 1100111001 1100011010 21.813 56.580 1000.4 133481 17 7 11 60 51 3 $GNGGA,072423.00,,,,,0,00,99.9,,,,,,*41
133 07 24 24 Nan Nan Nan 1101011001 1100011001 1100110011 1111100110 10000111111 1100110100 1101101111 10001101101 1101000110 1101011110 1011011001 1100000000 1111010010 10000110111 1100111111 1100110010 1100110011 1100010100 21.813 56.588 1000.4 134640 17 7 11 60 51 3 $GNGGA,072424.00,,,,,0,00,99.9,,,,,,*46
134 07 24 25 Nan Nan Nan 1101011001 1100011101 1100110010 1111101001 10000111010 1100110000 1101101001 10001100100 1101000010 1101011110 1011010111 1100000000 1111010010 10000110101 1100111011 1100110001 1100110101 1100010100 21.875 56.595 1000.4 135478 17 6 10 59 51 4 $GNGGA,072425.00,,,,,0,00,99.9,,,,,,*47
135 07 24 26 Nan Nan Nan 1101011000 1100010110 1100101111 1111100110 10000111100 1100101111 1101100001 10001011010 1100111001 1101011110 1011011000 1011111101 1111001110 10000111000 1100111100 1100110010 1100110011 1100011000 21.813 56.603 1000.4 136478 17 7 11 60 51 3 $GNGGA,072426.00,,,,,0,00,99.9,,,,,,*44
136 07 24 27 Nan Nan Nan 1101011001 1100011100 1100110101 1111101001 10000111011 1100110000 1101100101 10001100110 1101000000 1101011110 1011011000 1100000000 1111001110 10000110100 1101000011 1100110011 1100101111 1100010111 21.875 56.611 1000.4 137477 17 7 10 59 50 5 $GNGGA,072427.00,,,,,0,00,99.9,,,,,,*45
137 07 24 28 Nan Nan Nan 1101011001 1100011000 1100110001 1111100101 10000111011 1100110011 1101101011 10001100100 1101000100 1101011110 1011010110 1011111101 1111011011 10000111001 1101000000 1100101110 1100110101 1100001110 21.813 56.611 1000.4 138476 17 7 11 60 50 4 $GNGGA,072428.00,,,,,0,00,99.9,,,,,,*4A
138 07 24 29 Nan Nan Nan 1101011000 1100011000 1100110001 1111100100 10000111110 1100101111 1101110001 10001101101 1101000101 1101011110 1011011011 1100000001 1111010010 10000110110 1100111101 1100110000 1100110110 1100001110 21.875 56.603 1000.4 139475 16 7 12 59 50 4 $GNGGA,072429.00,,,,,0,00,99.9,,,,,,*4B
