id HH MM SS longitude latitude altitude adc_1_ch0 adc_1_ch1 adc_1_ch2 adc_1_ch3 adc_1_ch4 adc_1_ch5 adc_1_ch6 adc_1_ch7 adc_1_ch8 adc_2_ch0 adc_2_ch1 adc_2_ch2 adc_2_ch3 adc_2_ch4 adc_2_ch5 adc_2_ch6 adc_2_ch7 adc_2_ch8 temp hum pres t_prog t_gps t_split t_adc t_temp t_hum t_pres trame_gga
1 07 24 33 Nan Nan Nan 1101011000 1100011011 1100110000 1111100101 10001000001 1100111010 1101110001 10001100011 1100111110 1101011110 1011010110 1011111100 1111010101 10000110100 1100111011 1100101111 1100110110 1100010001 21.813 56.618 795.83 2256 16 7 12 59 50 4 $GNGGA,072433.00,,,,,0,00,99.9,,,,,,*40
2 07 24 34 Nan Nan Nan 1101011000 1100011100 1100110000 1111100000 10000111011 1100110110 1101101011 10001100000 1100111001 1101011111 1011011000 1011111111 1111011000 10000110110 1100111101 1100101110 1100110100 1100010001 21.875 56.618 1000.4 3255 16 7 10 58 52 4 $GNGGA,072434.00,,,,,0,00,99.9,,,,,,*47
3 07 24 35 Nan Nan Nan 1101011000 1100011001 1100110000 1111100001 10000111010 1100101111 1101101010 10001011111 1100111110 1101011110 1011010101 1011111111 1111010100 10000110111 1100111100 1100101100 1100110011 1100010011 21.813 56.603 1000.4 4254 17 7 11 60 51 3 $GNGGA,072435.00,,,,,0,00,99.9,,,,,,*46
4 07 24 36 Nan Nan Nan 1101011001 1100011100 1100110100 1111101100 10000111110 1100110001 1101101011 10001011110 1101000011 1101011110 1011011000 1011111110 1111010100 10000110110 1100111000 1100100110 1100101111 1100001111 21.875 56.611 1000.4 5414 16 7 12 59 51 3 $GNGGA,072436.00,,,,,0,00,99.9,,,,,,*45
5 07 24 37 Nan Nan Nan 1101011001 1100011010 1100110011 1111101000 10000111110 1100110100 1101101001 10001011101 1100111110 1101011110 1011011011 1100000000 1111010011 10000110101 1100111011 1100110010 1100101101 1100010101 21.813 56.603 1000.4 6252 17 7 10 59 51 4 $GNGGA,072437.00,,,,,0,00,99.9,,,,,,*44
6 07 24 38 Nan Nan Nan 1101011000 1100010110 1100110001 1111100110 10000111101 1100110010 1101101000 10001100101 1101000000 1101011110 1011010111 1011111110 1111010111 10000110110 1100110111 1100101011 1100110001 1100010110 21.813 56.603 1000.4 7251 16 7 12 59 51 3 $GNGGA,072438.00,,,,,0,00,99.9,,,,,,*4B
7 07 24 39 Nan Nan Nan 1101011001 1100011000 1100110011 1111100100 10000111111 1100110000 1101100110 10001100011 1101001000 1101011110 1011011001 1100000001 1111010010 10000110101 1101000010 1100110100 1100101100 1100010011 21.875 56.611 1000.4 8250 17 6 10 60 50 4 $GNGGA,072439.00,,,,,0,00,99.9,,,,,,*4A
8 07 24 40 Nan Nan Nan 1101011000 1100010111 1100110000 1111101011 10000111011 1100110100 1101100110 10001100011 1100111110 1101011110 1011011010 1011111111 1111011001 10000110110 1100111011 1100110000 1100101010 1100001011 21.875 56.611 1000.4 9249 17 7 10 58 51 4 $GNGGA,072440.00,,,,,0,00,99.9,,,,,,*44
9 07 24 41 Nan Nan Nan 1101011000 1100010111 1100110000 1111101110 10000111100 1100110011 1101101011 10001100101 1101000000 1101011110 1011010111 1011111011 1111010001 10000110111 1100110111 1100101010 1100100110 1100001011 21.875 56.626 1000.4 10248 16 7 11 58 52 3 $GNGGA,072441.00,,,,,0,00,99.9,,,,,,*45
10 07 24 42 Nan Nan Nan 1101011000 1100010110 1100110000 1111101011 10000111101 1100110010 1101101000 10001100110 1101000000 1101011110 1011011000 1011111111 1111010000 10000110101 1100111001 1100101110 1100110000 1100001110 21.813 56.626 1000.4 11408 16 7 11 60 50 4 $GNGGA,072442.00,,,,,0,00,99.9,,,,,,*46
11 07 24 43 Nan Nan Nan 1101011001 1100011010 1100110011 1111101100 10001000000 1100110101 1101100111 10001101000 1101000001 1101011110 1011011100 1100000010 1111010101 10000110110 1100110110 1100101100 1100110001 1100001111 21.875 56.634 1000.4 12246 16 8 12 58 51 3 $GNGGA,072443.00,,,,,0,00,99.9,,,,,,*47
12 07 24 44 Nan Nan Nan 1101011000 1100011010 1100110011 1111101101 10000111101 1100110011 1101101100 10001100110 1101000000 1101011110 1011010111 1100000000 1111001110 10000110111 1100111000 1100101110 1100110010 1100010011 21.875 56.641 1000.4 13245 17 7 11 60 51 3 $GNGGA,072444.00,,,,,0,00,99.9,,,,,,*40
13 07 24 45 Nan Nan Nan 1101011000 1100011001 1100110010 1111100011 10000111010 1100110011 1101101100 10001101000 1100111011 1101011110 1011010011 1011111010 1111001100 10000110101 1100111110 1100110011 1100110111 1100010100 21.813 56.634 1000.4 14244 16 7 12 59 50 4 $GNGGA,072445.00,,,,,0,00,99.9,,,,,,*41
14 07 24 46 Nan Nan Nan 1101011000 1100011110 1100110111 1111100011 10000111001 1100111010 1101110001 10001101000 1100111010 1101011110 1011010101 1011111110 1111010001 10000110111 1100111001 1100101100 1100110100 1100010010 21.875 56.618 1000.4 15244 16 7 11 58 52 3 $GNGGA,072446.00,,,,,0,00,99.9,,,,,,*42
15 07 24 47 Nan Nan Nan 1101011000 1100011000 1100110001 1111100011 10000111001 1100110011 1101101101 10001101110 1101000100 1101011110 1011010110 1011111110 1111001101 10000110110 1100111110 1100110000 1100110100 1100001111 21.875 56.603 1000.4 16242 17 7 11 60 50 4 $GNGGA,072447.00,,,,,0,00,99.9,,,,,,*43
16 07 24 48 Nan Nan Nan 1101011001 1100011000 1100110010 1111101010 10000111011 1100110101 1101101100 10001101011 1100111111 1101011110 1011010110 1011111101 1111011001 10000111001 1101000111 1100111001 1100111000 1100011010 21.875 56.595 1000.4 17401 16 7 11 58 51 4 $GNGGA,072448.00,,,,,0,00,99.9,,,,,,*4C
17 07 24 49 Nan Nan Nan 1101011000 1100011100 1100110011 1111101010 10000111001 1100101111 1101100011 10001100101 1100111111 1101011110 1011011000 1100000001 1111010111 10000111000 1100111001 1100110000 1100111101 1100011011 21.875 56.595 1000.4 18240 17 7 11 60 51 3 $GNGGA,072449.00,,,,,0,00,99.9,,,,,,*4D
18 07 24 50 Nan Nan Nan 1101011001 1100011000 1100110000 1111100111 10000111100 1100110000 1101100101 10001101001 1101000001 1101011110 1011011000 1011111111 1111010101 10000110111 1100111101 1100101111 1100111011 1100011011 21.813 56.603 1000.4 19239 16 7 12 59 51 3 $GNGGA,072450.00,,,,,0,00,99.9,,,,,,*45
19 07 24 51 Nan Nan Nan 1101011001 1100011010 1100110010 1111100111 10000111011 1100101100 1101100011 10001100000 1100111111 1101011111 1011011000 1011111101 1111001101 10000110101 1100111100 1100101001 1100110001 1100010111 21.813 56.603 1000.4 20238 16 7 10 58 52 4 $GNGGA,072451.00,,,,,0,00,99.9,,,,,,*44
20 07 24 52 Nan Nan Nan 1101011001 1100011011 1100110101 1111101011 10000111100 1100101000 1101100100 10001100000 1100111011 1101011110 1011010111 1011111101 1111010101 10000110111 1100111011 1100101001 1100111000 1100001111 21.875 56.603 1000.4 21237 17 7 11 59 51 3 $GNGGA,072452.00,,,,,0,00,99.9,,,,,,*47
21 07 24 53 Nan Nan Nan 1101011001 1100011010 1100110100 1111100010 10000111011 1100110010 1101101010 10001010101 1100111001 1101011110 1011011011 1100000001 1111010011 10000110111 1101000000 1100110101 1100101011 1100001111 21.813 56.595 1000.4 22237 16 7 11 59 52 3 $GNGGA,072453.00,,,,,0,00,99.9,,,,,,*46
22 07 24 54 Nan Nan Nan 1101011001 1100011000 1100110000 1111101001 10000111101 1100101110 1101100100 10001011110 1100111010 1101011110 1011010110 1011111111 1111011011 10000111000 1100111101 1100101111 1100101111 1100001100 21.875 56.588 1000.4 23396 17 6 10 60 50 4 $GNGGA,072454.00,,,,,0,00,99.9,,,,,,*41
23 07 24 55 Nan Nan Nan 1101011000 1100011001 1100110010 1111100111 10000111101 1100110010 1101101001 10001011101 1101000010 1101011110 1011011000 1011111110 1111010010 10000110111 1100110101 1100101000 1100110101 1100010110 21.875 56.595 1000.4 24235 16 8 12 59 51 3 $GNGGA,072455.00,,,,,0,00,99.9,,,,,,*40
24 07 24 56 Nan Nan Nan 1101011001 1100011011 1100110100 1111101000 10000111100 1100101111 1101101001 10001100000 1101000011 1101011110 1011011000 1011111111 1111010101 10000110110 1100111000 1100101001 1100110010 1100010101 21.875 56.588 1000.4 25234 17 7 11 60 50 4 $GNGGA,072456.00,,,,,0,00,99.9,,,,,,*43
25 07 24 57 Nan Nan Nan 1101011000 1100010110 1100110000 1111101010 10000111011 1100110011 1101101011 10001100000 1100111010 1101011111 1011010111 1100000000 1111010101 10000111000 1100111101 1100101110 1100110010 1100010011 21.875 56.588 1000.4 26233 16 7 12 59 51 3 $GNGGA,072457.00,,,,,0,00,99.9,,,,,,*42
26 07 24 58 Nan Nan Nan 1101011001 1100011010 1100110001 1111101100 10000111110 1100101101 1101100101 10001011011 1101000000 1101011110 1011010100 1011111101 1111010000 10000110101 1100111111 1100110110 1100110010 1100011011 21.875 56.572 1000.4 27232 16 7 11 59 52 3 $GNGGA,072458.00,,,,,0,00,99.9,,,,,,*4D
27 07 24 59 Nan Nan Nan 1101011000 1100011011 1100110101 1111100100 10000111010 1100110001 1101101110 10001010111 1101000010 1101011110 1011011000 1100000001 1111010001 10000110101 1100111001 1100110001 1100110000 1100001101 21.875 56.572 1000.4 28230 18 6 10 60 50 4 $GNGGA,072459.00,,,,,0,00,99.9,,,,,,*4C
