id HH MM SS longitude latitude altitude adc_1_ch0 adc_1_ch1 adc_1_ch2 adc_1_ch3 adc_1_ch4 adc_1_ch5 adc_1_ch6 adc_1_ch7 adc_1_ch8 adc_2_ch0 adc_2_ch1 adc_2_ch2 adc_2_ch3 adc_2_ch4 adc_2_ch5 adc_2_ch6 adc_2_ch7 adc_2_ch8 temp hum pres t_prog t_gps t_split t_adc t_temp t_hum t_pres trame_gga
1 07 25 03 Nan Nan Nan 1101011000 1100011000 1100110011 1111100011 10000111011 1100110001 1101101010 10001011100 1101000101 1101011110 1011011000 1100000000 1111001111 10000110101 1100110110 1100101010 1100110100 1100010100 21.875 56.641 795.83 2573 16 7 11 59 52 3 $GNGGA,072503.00,,,,,0,00,99.9,,,,,,*42
2 07 25 04 Nan Nan Nan 1101011001 1100011000 1100101111 1111101011 10000111110 1100110010 1101101001 10001011010 1100111101 1101011110 1011011001 1100000000 1111010000 10000111000 1101000011 1100110011 1100101110 1100010000 21.813 56.641 1000.4 3572 17 7 11 59 51 3 $GNGGA,072504.00,,,,,0,00,99.9,,,,,,*45
3 07 25 05 Nan Nan Nan 1101011001 1100011100 1100110100 1111101001 10000111010 1100110001 1101101001 10001011101 1101000010 1101011110 1011011001 1011111111 1111010110 10000111000 1100111010 1100101110 1100101100 1100001101 21.875 56.611 1000.4 4571 16 8 11 59 51 4 $GNGGA,072505.00,,,,,0,00,99.9,,,,,,*44
4 07 25 06 Nan Nan Nan 1101011001 1100011000 1100110001 1111100110 10000111011 1100110010 1101101010 10001011011 1100111100 1101011110 1011010110 1011111111 1111010001 10000110111 1100111000 1100110000 1100110100 1100010000 21.875 56.542 1000.4 5731 16 7 11 59 51 4 $GNGGA,072506.00,,,,,0,00,99.9,,,,,,*47
5 07 25 07 Nan Nan Nan 1101011000 1100010111 1100110001 1111100101 10000111101 1100110101 1101101101 10001011110 1100111110 1101011110 1011011011 1100000001 1111011001 10000110101 1100111101 1100101011 1100101110 1100001100 21.875 56.489 1000.4 6569 16 7 12 59 50 4 $GNGGA,072507.00,,,,,0,00,99.9,,,,,,*46
6 07 25 08 Nan Nan Nan 1101011000 1100011010 1100110100 1111100110 10000111011 1100101011 1101100100 10001011011 1100111111 1101011110 1011011000 1011111110 1111010101 10000110111 1100111000 1100101100 1100110001 1100001100 21.875 56.450 1000.4 7568 16 7 11 59 51 3 $GNGGA,072508.00,,,,,0,00,99.9,,,,,,*49
7 07 25 09 Nan Nan Nan 1101011000 1100010111 1100101111 1111101010 10000111010 1100111000 1101101100 10001010110 1100111000 1101011110 1011010111 1011111100 1111010001 10000110111 1101000000 1100110001 1100110001 1100010100 21.875 56.428 1000.4 8567 16 7 12 59 51 3 $GNGGA,072509.00,,,,,0,00,99.9,,,,,,*48
8 07 25 10 Nan Nan Nan 1101011000 1100010111 1100110001 1111101010 10000111100 1100110011 1101101111 10001011001 1101000101 1101011110 1011011000 1100000000 1111010101 10000110110 1100111011 1100110001 1100101110 1100001011 21.875 56.428 1000.4 9566 16 7 11 58 52 3 $GNGGA,072510.00,,,,,0,00,99.9,,,,,,*40
9 07 25 11 Nan Nan Nan 1101011000 1100011010 1100110011 1111101110 10001000001 1100110011 1101101011 10001011000 1100110110 1101011110 1011011010 1011111100 1111010011 10000110100 1101000001 1100110010 1100110100 1100010011 21.813 56.450 1000.4 10565 17 7 11 60 50 4 $GNGGA,072511.00,,,,,0,00,99.9,,,,,,*41
10 07 25 12 Nan Nan Nan 1101011000 1100011001 1100110001 1111101001 10000111110 1100101110 1101100111 10001011100 1100111101 1101011110 1011010111 1100000000 1111010001 10000110101 1100111011 1100101010 1100101101 1100001111 21.813 56.519 1000.4 11725 16 7 12 59 50 4 $GNGGA,072512.00,,,,,0,00,99.9,,,,,,*42
11 07 25 13 Nan Nan Nan 1101011001 1100011001 1100110100 1111100101 10000110110 1100101101 1101100100 10001011111 1101000011 1101011110 1011011010 1011111110 1111010100 10000111000 1100111100 1100101100 1100101111 1100001010 21.875 56.550 1000.4 12563 17 7 10 59 51 4 $GNGGA,072513.00,,,,,0,00,99.9,,,,,,*43
12 07 25 14 Nan Nan Nan 1101011001 1100011001 1100110010 1111101011 10000111101 1100101110 1101100110 10001011001 1100110111 1101011110 1011010111 1100000001 1111010001 10000110111 1100110100 1100101001 1100110111 1100010100 21.875 56.534 1000.4 13562 16 7 12 59 50 4 $GNGGA,072514.00,,,,,0,00,99.9,,,,,,*44
13 07 25 15 Nan Nan Nan 1101011000 1100011001 1100110100 1111101010 10000111101 1100101100 1101100101 10001011100 1100111101 1101011110 1011010110 1011111111 1111001110 10000110110 1100110111 1100101010 1100110011 1100010000 21.875 56.519 1000.4 14561 17 6 10 59 51 4 $GNGGA,072515.00,,,,,0,00,99.9,,,,,,*45
14 07 25 16 Nan Nan Nan 1101011001 1100011010 1100110010 1111101000 10000111100 1100101110 1101100111 10001011100 1101000010 1101011110 1011011000 1011111110 1111010000 10000110101 1100111011 1100101110 1100101110 1100010000 21.875 56.527 1000.4 15560 17 7 11 60 50 4 $GNGGA,072516.00,,,,,0,00,99.9,,,,,,*46
15 07 25 17 Nan Nan Nan 1101011001 1100010111 1100110001 1111100111 10000111101 1100101011 1101011111 10001010101 1100111000 1101011110 1011010110 1011111101 1111010111 10000111000 1100111101 1100101101 1100111010 1100011101 21.813 56.534 1000.4 16560 16 8 11 59 51 4 $GNGGA,072517.00,,,,,0,00,99.9,,,,,,*47
16 07 25 18 Nan Nan Nan 1101011000 1100011001 1100110000 1111101101 10000111110 1100101110 1101100110 10001011011 1100111110 1101011110 1011011001 1100000011 1111010100 10000110101 1100111000 1100101100 1100110010 1100010001 21.875 56.542 1000.4 17719 16 7 11 59 52 3 $GNGGA,072518.00,,,,,0,00,99.9,,,,,,*48
17 07 25 19 Nan Nan Nan 1101011001 1100011011 1100110011 1111110000 10000111111 1100101100 1101100001 10001011010 1100111000 1101011111 1011010110 1011111110 1111010000 10000110101 1100111011 1100110001 1100110011 1100010001 21.813 56.550 1000.4 18557 16 7 12 59 51 3 $GNGGA,072519.00,,,,,0,00,99.9,,,,,,*49
