id HH MM SS longitude latitude altitude adc_1_ch0 adc_1_ch1 adc_1_ch2 adc_1_ch3 adc_1_ch4 adc_1_ch5 adc_1_ch6 adc_1_ch7 adc_1_ch8 adc_2_ch0 adc_2_ch1 adc_2_ch2 adc_2_ch3 adc_2_ch4 adc_2_ch5 adc_2_ch6 adc_2_ch7 adc_2_ch8 temp hum pres t_prog t_gps t_split t_adc t_temp t_hum t_pres trame_gga
1 07 25 36 Nan Nan Nan 1101011001 1100010110 1100101100 1111100110 10000111101 1100110001 1101100110 10001001000 1100110000 1101011110 1011011011 1100000000 1111011010 10000111000 1100111010 1100101100 1100110001 1100001100 21.875 56.473 795.83 3011 17 7 11 60 51 3 $GNGGA,072536.00,,,,,0,00,99.9,,,,,,*44
2 07 25 37 Nan Nan Nan 1101011000 1100011010 1100110011 1111100010 10000111100 1100110000 1101101000 10001001111 1100110000 1101011111 1011010111 1100000000 1111011011 10000111000 1100111111 1100110011 1100110100 1100011101 21.875 56.450 1000.4 3850 16 7 11 58 52 3 $GNGGA,072537.00,,,,,0,00,99.9,,,,,,*45
3 07 25 38 Nan Nan Nan 1101011000 1100011100 1100110001 1111100100 10000111001 1100110110 1101101111 10001001101 1100101101 1101011110 1011011011 1100000001 1111100110 10000111010 1100110111 1100110000 1100110011 1100011000 21.875 56.450 1000.4 4848 18 6 10 60 50 4 $GNGGA,072538.00,,,,,0,00,99.9,,,,,,*4A
4 07 25 39 Nan Nan Nan 1101011000 1100011001 1100101111 1111100100 10000111001 1100110001 1101100110 10001010000 1100111001 1101011110 1011010111 1011111100 1111011100 10000111000 1100111010 1100101001 1100110101 1100010111 21.875 56.458 1000.4 5848 16 8 10 58 51 5 $GNGGA,072539.00,,,,,0,00,99.9,,,,,,*4B
5 07 25 40 Nan Nan Nan 1101011001 1100011000 1100110001 1111101110 10000111100 1100110001 1101100101 10001001100 1100110101 1101011110 1011011000 1100000000 1111011110 10000111000 1100111000 1100101101 1100110000 1100001111 21.875 56.450 1000.4 6847 17 7 11 59 51 3 $GNGGA,072540.00,,,,,0,00,99.9,,,,,,*45
6 07 25 41 Nan Nan Nan 1101011001 1100010111 1100101111 1111100110 10000111000 1100110011 1101100111 10001001001 1100110000 1101011110 1011011000 1100000000 1111011111 10000111000 1100111011 1100110000 1100110010 1100011011 21.875 56.443 1000.4 7846 16 7 12 59 50 4 $GNGGA,072541.00,,,,,0,00,99.9,,,,,,*44
7 07 25 42 Nan Nan Nan 1101011001 1100011010 1100110011 1111101110 10000111101 1100101010 1101100011 10001001010 1100110001 1101011110 1011011010 1011111111 1111100001 10000111010 1100110111 1100101110 1100101001 1100010000 21.813 56.435 1000.4 9006 16 8 11 59 51 4 $GNGGA,072542.00,,,,,0,00,99.9,,,,,,*47
8 07 25 43 Nan Nan Nan 1101011000 1100011010 1100110010 1111101001 10000111010 1100101000 1101100010 10001011000 1100101111 1101011110 1011010111 1011111111 1111011010 10000111000 1100111010 1100110001 1100101100 1100001110 21.875 56.428 1000.4 9843 17 7 11 60 51 3 $GNGGA,072543.00,,,,,0,00,99.9,,,,,,*46
9 07 25 44 Nan Nan Nan 1101011001 1100010111 1100110001 1111100111 10000111000 1100110001 1101101101 10001010111 1100110110 1101011110 1011011010 1100000000 1111011001 10000110101 1100110011 1100100111 1100101101 1100010010 21.875 56.428 1000.4 10842 16 8 10 58 51 5 $GNGGA,072544.00,,,,,0,00,99.9,,,,,,*41
10 07 25 45 Nan Nan Nan 1101011001 1100011001 1100110011 1111101101 10001000000 1100110011 1101100111 10001011110 1100111101 1101011110 1011011001 1011111111 1111011011 10000110111 1100110101 1100101101 1100101011 1100001111 21.875 56.435 1000.4 11841 17 7 11 60 51 3 $GNGGA,072545.00,,,,,0,00,99.9,,,,,,*40
11 07 25 46 Nan Nan Nan 1101011001 1100011000 1100110000 1111101000 10000111011 1100110000 1101100101 10001011000 1100111101 1101011111 1011011000 1011111100 1111010101 10000110110 1100110110 1100101000 1100101010 1100010001 21.875 56.450 1000.4 12840 16 7 12 59 51 3 $GNGGA,072546.00,,,,,0,00,99.9,,,,,,*43
12 07 25 47 Nan Nan Nan 1101011001 1100011010 1100101111 1111101010 10000111001 1100110001 1101101000 10001011011 1100111111 1101011110 1011011001 1100000000 1111011010 10000111001 1100111001 1100101111 1100101110 1100001100 21.875 56.466 1000.4 13839 16 7 11 59 51 3 $GNGGA,072547.00,,,,,0,00,99.9,,,,,,*42
13 07 25 48 Nan Nan Nan 1101011001 1100011010 1100110011 1111101001 10000111111 1100110011 1101101010 10001011101 1100110111 1101011110 1011011000 1011111111 1111011000 10000110111 1100111101 1100110000 1100101010 1100001101 21.875 56.466 1000.4 14999 18 6 10 60 50 4 $GNGGA,072548.00,,,,,0,00,99.9,,,,,,*4D
14 07 25 49 Nan Nan Nan 1101011001 1100011000 1100110001 1111101011 10000111100 1100101100 1101100010 10001100001 1100111001 1101011110 1011011101 1100000001 1111100101 10000111000 1100111100 1100101110 1100110010 1100010010 21.875 56.473 1000.4 15838 16 7 11 59 51 4 $GNGGA,072549.00,,,,,0,00,99.9,,,,,,*4C
15 07 25 50 Nan Nan Nan 1101011001 1100011010 1100110010 1111101011 10000111101 1100100011 1101011111 10001011111 1100110111 1101011111 1011011000 1011111111 1111011010 10000110110 1100111011 1100110001 1100110001 1100001111 21.875 56.481 1000.4 16836 17 7 10 59 51 4 $GNGGA,072550.00,,,,,0,00,99.9,,,,,,*44
16 07 25 51 Nan Nan Nan 1101011001 1100011001 1100110010 1111101111 10000111100 1100101110 1101100100 10001011011 1100110100 1101011110 1011011010 1100000000 1111011011 10000110110 1100111010 1100101101 1100110000 1100010001 21.875 56.489 1000.4 17836 16 8 12 59 50 4 $GNGGA,072551.00,,,,,0,00,99.9,,,,,,*45
17 07 25 52 Nan Nan Nan 1101011001 1100011001 1100110001 1111110000 10000111111 1100101111 1101100010 10001100100 1100111110 1101011110 1011011011 1011111111 1111011011 10000110110 1101000000 1100110000 1100101111 1100010011 21.875 56.489 1000.4 18834 17 7 11 60 51 3 $GNGGA,072552.00,,,,,0,00,99.9,,,,,,*46
18 07 25 53 Nan Nan Nan 1101011001 1100011001 1100110010 1111101100 10000111100 1100101011 1101100110 10001011100 1100111100 1101011111 1011011001 1011111111 1111011010 10000110111 1100111011 1100101011 1100101100 1100001000 21.875 56.496 1000.4 19833 16 7 12 59 51 3 $GNGGA,072553.00,,,,,0,00,99.9,,,,,,*47
19 07 25 54 Nan Nan Nan 1101011001 1100011000 1100110001 1111101000 10000111111 1100101101 1101100010 10001100001 1100110101 1101011110 1011010110 1011111110 1111011011 10000110111 1100111000 1100101100 1100100111 1100001001 21.875 56.504 1000.4 20994 16 8 12 58 51 3 $GNGGA,072554.00,,,,,0,00,99.9,,,,,,*40
20 07 25 55 Nan Nan Nan 1101011001 1100011010 1100110011 1111101100 10000111011 1100101111 1101100110 10001100100 1100111011 1101011110 1011010110 1011111110 1111011011 10000110110 1100111101 1100110000 1100110011 1100010011 21.875 56.504 1000.4 21831 17 7 11 60 51 3 $GNGGA,072555.00,,,,,0,00,99.9,,,,,,*41
21 07 25 56 Nan Nan Nan 1101011001 1100011001 1100110010 1111110000 10000111100 1100101010 1101100111 10001100111 1101000000 1101011110 1011010111 1011111111 1111011110 10000110111 1100110111 1100101110 1100101101 1100001001 21.875 56.496 1000.4 22830 17 7 10 59 50 5 $GNGGA,072556.00,,,,,0,00,99.9,,,,,,*42
22 07 25 57 Nan Nan Nan 1101011001 1100011011 1100110001 1111100110 10000111001 1100110000 1101101100 10001100101 1100111011 1101011111 1011011000 1011111110 1111011010 10000110101 1100110110 1100101010 1100110101 1100001110 21.875 56.504 1000.4 23829 17 7 11 60 51 3 $GNGGA,072557.00,,,,,0,00,99.9,,,,,,*43
23 07 25 58 Nan Nan Nan 1101011001 1100010101 1100101111 1111100111 10000111101 1100101101 1101100011 10001101011 1100111011 1101011110 1011011011 1100000000 1111100000 10000111001 1100110111 1100101010 1100101100 1100001010 21.875 56.504 1000.4 24828 16 7 12 59 51 3 $GNGGA,072558.00,,,,,0,00,99.9,,,,,,*4C
24 07 25 59 Nan Nan Nan 1101011000 1100011011 1100110100 1111101001 10000111100 1100110011 1101101010 10001101001 1101000010 1101011110 1011011010 1100000001 1111011100 10000111000 1100111001 1100101100 1100101111 1100001110 21.875 56.496 1000.4 25828 16 7 11 60 50 4 $GNGGA,072559.00,,,,,0,00,99.9,,,,,,*4D
25 07 26 00 Nan Nan Nan 1101011001 1100011010 1100110010 1111101010 10000111100 1100101010 1101100011 10001100111 1101000011 1101011111 1011010101 1011111110 1111011001 10000110111 1100111001 1100101010 1100101100 1100001010 21.875 56.496 1000.4 26987 18 6 10 60 50 4 $GNGGA,072600.00,,,,,0,00,99.9,,,,,,*42
26 07 26 01 Nan Nan Nan 1101011001 1100011011 1100110100 1111100010 10000111011 1100101010 1101100001 10001101101 1101000110 1101011110 1011011000 1011111111 1111011100 10000110111 1100110110 1100101000 1100101110 1100001110 21.875 56.496 1000.4 27826 16 7 11 59 51 4 $GNGGA,072601.00,,,,,0,00,99.9,,,,,,*43
27 07 26 02 Nan Nan Nan 1101011001 1100010111 1100110010 1111101110 10000111110 1100101010 1101100001 10001110100 1101001000 1101011110 1011011000 1011111111 1111010111 10000111000 1100110110 1100101100 1100110101 1100010110 21.875 56.496 1000.4 28824 17 7 10 59 51 4 $GNGGA,072602.00,,,,,0,00,99.9,,,,,,*40
28 07 26 03 Nan Nan Nan 1101011001 1100011000 1100110001 1111110000 10000111100 1100110010 1101100111 10001101010 1100111101 1101011110 1011011010 1100000001 1111011101 10000111001 1100111000 1100101111 1100110101 1100010101 21.875 56.489 1000.4 29822 16 7 11 58 51 4 $GNGGA,072603.00,,,,,0,00,99.9,,,,,,*41
29 07 26 04 Nan Nan Nan 1101011001 1100011001 1100110010 1111100111 10000111010 1100101111 1101101001 10001101001 1101000001 1101011110 1011010111 1011111100 1111011101 10000111001 1100110111 1100101101 1100101111 1100010101 21.875 56.489 1000.4 30822 16 7 10 59 51 4 $GNGGA,072604.00,,,,,0,00,99.9,,,,,,*46
30 07 26 05 Nan Nan Nan 1101011001 1100011100 1100110001 1111101010 10000111100 1100101011 1101011100 10001100111 1100111101 1101011110 1011010101 1011111110 1111010110 10000110100 1100111001 1100110000 1100101111 1100010011 21.875 56.489 1000.4 31821 16 7 12 59 50 4 $GNGGA,072605.00,,,,,0,00,99.9,,,,,,*47
31 07 26 06 Nan Nan Nan 1101011001 1100011011 1100110100 1111101100 10000111100 1100101110 1101101000 10001100011 1101000010 1101011111 1011011100 1100000010 1111011111 10000111010 1100110101 1100101011 1100110000 1100010110 21.875 56.489 1000.4 32982 16 8 12 59 51 3 $GNGGA,072606.00,,,,,0,00,99.9,,,,,,*44
32 07 26 07 Nan Nan Nan 1101011000 1100011011 1100110011 1111110001 10000111110 1100110000 1101101001 10001100010 1100111000 1101011111 1011011011 1100000000 1111011101 10000110111 1100111001 1100101100 1100101010 1100010000 21.875 56.489 1000.4 33820 17 7 11 60 51 3 $GNGGA,072607.00,,,,,0,00,99.9,,,,,,*45
33 07 26 08 Nan Nan Nan 1101011001 1100011001 1100110100 1111110010 10000111101 1100101111 1101100101 10001100100 1100111010 1101011110 1011011010 1100000001 1111011100 10000110110 1100111110 1100101100 1100101011 1100001101 21.875 56.489 1000.4 34819 17 7 10 59 50 5 $GNGGA,072608.00,,,,,0,00,99.9,,,,,,*4A
34 07 26 09 Nan Nan Nan 1101011000 1100010110 1100101111 1111110001 10000111110 1100110001 1101101000 10001101111 1101000011 1101011110 1011010111 1011111101 1111011100 10000110110 1100111001 1100101101 1100101110 1100001001 21.875 56.489 1000.4 35818 17 7 11 60 51 3 $GNGGA,072609.00,,,,,0,00,99.9,,,,,,*4B
35 07 26 10 Nan Nan Nan 1101011001 1100011011 1100110100 1111101100 10000111110 1100101000 1101011101 10001101111 1101000100 1101011110 1011011001 1011111111 1111011100 10000111000 1100111101 1100101100 1100101101 1100001110 21.875 56.489 1000.4 36816 17 6 11 59 50 4 $GNGGA,072610.00,,,,,0,00,99.9,,,,,,*43
36 07 26 11 Nan Nan Nan 1101011001 1100011000 1100110010 1111101011 10000111001 1100110010 1101101010 10001101100 1100111101 1101011110 1011011010 1011111101 1111011110 10000110111 1101000001 1100101110 1100110001 1100010000 21.875 56.496 1000.4 37816 16 7 10 58 52 4 $GNGGA,072611.00,,,,,0,00,99.9,,,,,,*42
37 07 26 12 Nan Nan Nan 1101011000 1100011010 1100110010 1111110110 10000111110 1100101110 1101100111 10001101000 1100111010 1101011111 1011011010 1011111111 1111100001 10000110110 1100110100 1100100101 1100110011 1100010010 21.875 56.496 1000.4 38975 18 7 10 59 51 4 $GNGGA,072612.00,,,,,0,00,99.9,,,,,,*41
38 07 26 13 Nan Nan Nan 1101011001 1100011001 1100110010 1111110100 10000111111 1100101001 1101100110 10001101011 1101000101 1101011110 1011011101 1100000000 1111011101 10000110111 1100110110 1100101010 1100110010 1100001011 21.875 56.504 1000.4 39815 16 7 11 59 52 3 $GNGGA,072613.00,,,,,0,00,99.9,,,,,,*40
39 07 26 14 Nan Nan Nan 1101011001 1100011000 1100110000 1111100111 10000111001 1100101110 1101100101 10001101011 1101001101 1101011110 1011010111 1011111110 1111100001 10000111010 1100111010 1100101110 1100101101 1100010100 21.875 56.519 1000.4 40813 17 7 11 60 51 3 $GNGGA,072614.00,,,,,0,00,99.9,,,,,,*47
40 07 26 15 Nan Nan Nan 1101011001 1100011000 1100110001 1111101010 10000111010 1100100111 1101011111 10001101000 1101000000 1101011111 1011011000 1011111110 1111100011 10000110110 1100111001 1100101101 1100101011 1100010011 21.875 56.519 1000.4 41812 16 7 12 58 51 3 $GNGGA,072615.00,,,,,0,00,99.9,,,,,,*46
41 07 26 16 Nan Nan Nan 1101011001 1100010111 1100110010 1111101010 10000111010 1100101010 1101100010 10001101100 1101000101 1101011111 1011011010 1011111111 1111100010 10000110101 1100110100 1100101000 1100110001 1100010101 21.875 56.527 1000.4 42812 16 7 11 60 50 4 $GNGGA,072616.00,,,,,0,00,99.9,,,,,,*45
42 07 26 17 Nan Nan Nan 1101011001 1100011010 1100110000 1111100110 10000111100 1100110001 1101101000 10001101010 1101000011 1101011111 1011010110 1011111100 1111100111 10000111010 1100111000 1100101000 1100110101 1100010011 21.875 56.534 1000.4 43810 16 7 12 58 51 3 $GNGGA,072617.00,,,,,0,00,99.9,,,,,,*44
43 07 26 18 Nan Nan Nan 1101011001 1100011011 1100110100 1111101101 10000111011 1100101101 1101100101 10001100000 1101000001 1101011110 1011011001 1011111110 1111011011 10000110110 1100110110 1100101001 1100101011 1100010000 21.875 56.542 1000.4 44969 16 7 11 58 51 4 $GNGGA,072618.00,,,,,0,00,99.9,,,,,,*4B
44 07 26 19 Nan Nan Nan 1101011001 1100011000 1100110001 1111101010 10000111011 1100101101 1101100110 10001101001 1100111111 1101011110 1011010111 1011111110 1111011101 10000110111 1100110111 1100101111 1100110010 1100010100 21.875 56.542 1000.4 45808 18 6 10 60 50 4 $GNGGA,072619.00,,,,,0,00,99.9,,,,,,*4A
45 07 26 20 Nan Nan Nan 1101011001 1100011101 1100110011 1111101010 10000111100 1100101110 1101100000 10001101001 1100111101 1101011111 1011011000 1011111101 1111100001 10000111010 1100111000 1100101111 1100110001 1100010011 21.875 56.542 1000.4 46808 16 8 12 59 51 3 $GNGGA,072620.00,,,,,0,00,99.9,,,,,,*40
46 07 26 21 Nan Nan Nan 1101011001 1100011000 1100110000 1111101000 10000111000 1100101101 1101100100 10001101111 1101000100 1101011110 1011011001 1011111111 1111011000 10000110111 1100111111 1100101111 1100101111 1100010010 21.875 56.542 1000.4 47807 17 7 11 60 50 4 $GNGGA,072621.00,,,,,0,00,99.9,,,,,,*41
47 07 26 22 Nan Nan Nan 1101011001 1100011101 1100110011 1111101011 10000111110 1100110010 1101101011 10001101000 1100111010 1101011110 1011011011 1100000001 1111100001 10000111001 1100110100 1100100110 1100101111 1100010010 21.875 56.550 1000.4 48805 17 7 11 58 51 4 $GNGGA,072622.00,,,,,0,00,99.9,,,,,,*42
48 07 26 23 Nan Nan Nan 1101011001 1100011001 1100110011 1111101101 10000111100 1100101100 1101100101 10001101100 1100111110 1101011111 1011010111 1011111110 1111011111 10000110110 1100110111 1100101011 1100101010 1100001110 21.875 56.550 1000.4 49804 16 7 11 59 51 4 $GNGGA,072623.00,,,,,0,00,99.9,,,,,,*43
49 07 26 24 Nan Nan Nan 1101011001 1100011000 1100110001 1111110001 10000111100 1100101101 1101100001 10001101010 1101000000 1101011110 1011011110 1100000000 1111011100 10000111001 1100110011 1100101010 1100101100 1100010001 21.875 56.550 1000.4 50964 17 7 11 60 51 3 $GNGGA,072624.00,,,,,0,00,99.9,,,,,,*44
50 07 26 25 Nan Nan Nan 1101011001 1100011000 1100110001 1111110101 10000111101 1100101101 1101100101 10001101001 1101000111 1101011110 1011011000 1011111111 1111100000 10000111000 1100111110 1100101111 1100101010 1100001111 21.875 56.550 1000.4 51803 16 8 11 59 50 5 $GNGGA,072625.00,,,,,0,00,99.9,,,,,,*45
51 07 26 26 Nan Nan Nan 1101011001 1100011001 1100110001 1111101111 10000111101 1100101001 1101100011 10001110001 1101000110 1101011110 1011011011 1100000000 1111011011 10000110111 1100111101 1100101111 1100101101 1100010010 21.875 56.550 1000.4 52801 17 7 10 59 51 4 $GNGGA,072626.00,,,,,0,00,99.9,,,,,,*46
52 07 26 27 Nan Nan Nan 1101011001 1100011011 1100110100 1111101011 10000111110 1100101001 1101100010 10001110011 1101000101 1101011111 1011011000 1011111111 1111011101 10000111000 1100110111 1100101101 1100110100 1100010110 21.875 56.550 1000.4 53800 16 7 11 58 51 4 $GNGGA,072627.00,,,,,0,00,99.9,,,,,,*47
53 07 26 28 Nan Nan Nan 1101011001 1100010110 1100110000 1111101110 10000111011 1100101101 1101101000 10001101001 1101000000 1101011110 1011011100 1100000001 1111011110 10000110111 1100111010 1100101010 1100101111 1100010011 21.875 56.542 1000.4 54800 16 7 11 60 51 3 $GNGGA,072628.00,,,,,0,00,99.9,,,,,,*48
54 07 26 29 Nan Nan Nan 1101011001 1100011010 1100110011 1111101000 10000111101 1100101100 1101100010 10001110010 1101001000 1101011111 1011011100 1100000001 1111011100 10000110110 1100111000 1100101100 1100101110 1100010000 21.875 56.534 1000.4 55798 18 6 10 58 51 4 $GNGGA,072629.00,,,,,0,00,99.9,,,,,,*49
55 07 26 30 Nan Nan Nan 1101011001 1100011000 1100110000 1111101110 10000111011 1100101111 1101100111 10001101001 1100110111 1101011110 1011011000 1011111110 1111011101 10000110110 1100110110 1100101000 1100110100 1100011010 21.875 56.534 1000.4 56958 16 7 12 59 50 4 $GNGGA,072630.00,,,,,0,00,99.9,,,,,,*41
56 07 26 31 Nan Nan Nan 1101011001 1100011100 1100110100 1111101011 10000111100 1100101011 1101011111 10001101110 1100111000 1101011110 1011011010 1100000000 1111011110 10000111000 1100110111 1100101010 1100111010 1100011010 21.875 56.534 1000.4 57797 17 7 11 60 51 3 $GNGGA,072631.00,,,,,0,00,99.9,,,,,,*40
57 07 26 32 Nan Nan Nan 1101011001 1100011001 1100110011 1111100111 10000111100 1100110000 1101100101 10001101101 1100111110 1101011110 1011010101 1011111101 1111100010 10000111010 1100111000 1100101100 1100101100 1100010010 21.875 56.534 1000.4 58796 16 8 12 59 51 3 $GNGGA,072632.00,,,,,0,00,99.9,,,,,,*43
58 07 26 33 Nan Nan Nan 1101011001 1100010111 1100110000 1111101110 10000111111 1100101001 1101100010 10001100101 1100111000 1101011111 1011011001 1011111110 1111011101 10000111000 1100110110 1100100100 1100101010 1100010010 21.875 56.527 1000.4 59795 17 7 11 60 51 3 $GNGGA,072633.00,,,,,0,00,99.9,,,,,,*42
59 07 26 34 Nan Nan Nan 1101011001 1100011001 1100110001 1111110000 10000111100 1100101100 1101100111 10001101111 1101000110 1101011110 1011011011 1100000000 1111011101 10000110101 1100110111 1100101001 1100110101 1100010101 21.875 56.527 1000.4 60794 16 7 12 59 50 4 $GNGGA,072634.00,,,,,0,00,99.9,,,,,,*45
60 07 26 35 Nan Nan Nan 1101011000 1100011001 1100110010 1111101110 10000111101 1100101100 1101100100 10001100110 1100110100 1101011110 1011011010 1011111110 1111011101 10000111001 1100110110 1100100110 1100101110 1100001101 21.875 56.519 1000.4 61793 16 7 11 58 52 3 $GNGGA,072635.00,,,,,0,00,99.9,,,,,,*44
61 07 26 36 Nan Nan Nan 1101011001 1100011010 1100110010 1111101011 10000111110 1100101100 1101101000 10001101100 1100111111 1101011110 1011011001 1011111111 1111011000 10000110111 1100111011 1100100100 1100110000 1100010101 21.875 56.527 1000.4 62953 17 7 11 60 50 4 $GNGGA,072636.00,,,,,0,00,99.9,,,,,,*47
62 07 26 37 Nan Nan Nan 1101011001 1100011100 1100110100 1111100111 10000111011 1100101100 1101100010 10001101011 1101000101 1101011111 1011011100 1100000010 1111011010 10000110111 1100111101 1100101011 1100101110 1100010010 21.875 56.527 1000.4 63790 17 7 10 59 50 5 $GNGGA,072637.00,,,,,0,00,99.9,,,,,,*46
63 07 26 38 Nan Nan Nan 1101011001 1100011001 1100110010 1111101000 10000111001 1100101011 1101100101 10001100011 1100111010 1101011110 1011011001 1100000000 1111100000 10000111011 1100110111 1100101101 1100101001 1100001010 21.875 56.527 1000.4 64789 17 7 11 60 51 3 $GNGGA,072638.00,,,,,0,00,99.9,,,,,,*49
64 07 26 39 Nan Nan Nan 1101011001 1100011010 1100110000 1111110001 10000111110 1100101101 1101100100 10001101000 1100111110 1101011111 1011011000 1011111101 1111011011 10000110111 1100110101 1100101010 1100101011 1100010000 21.875 56.519 1000.4 65787 17 6 11 59 50 4 $GNGGA,072639.00,,,,,0,00,99.9,,,,,,*48
65 07 26 40 Nan Nan Nan 1101011001 1100011001 1100110100 1111101111 10000111101 1100100110 1101100001 10001100010 1100111100 1101011110 1011010110 1100000000 1111011101 10000110110 1100111010 1100101101 1100101010 1100001010 21.875 56.519 1000.4 66787 16 7 10 58 52 4 $GNGGA,072640.00,,,,,0,00,99.9,,,,,,*46
66 07 26 41 Nan Nan Nan 1101011001 1100011011 1100110011 1111101100 10000111011 1100101010 1101100000 10001101001 1101000111 1101011110 1011010110 1011111110 1111010101 10000110101 1100110111 1100101011 1100110011 1100010100 21.875 56.519 1000.4 67785 18 6 10 59 50 4 $GNGGA,072641.00,,,,,0,00,99.9,,,,,,*47
67 07 26 42 Nan Nan Nan 1101011001 1100011010 1100110010 1111101110 10000111101 1100101001 1101100101 10001100000 1101000011 1101011111 1011011010 1011111111 1111011101 10000110111 1100111001 1100101100 1100101000 1100010011 21.875 56.519 1000.4 68946 16 7 12 59 51 3 $GNGGA,072642.00,,,,,0,00,99.9,,,,,,*44
68 07 26 43 Nan Nan Nan 1101011001 1100011001 1100110000 1111101101 10000111111 1100101111 1101100010 10001011101 1101001000 1101011110 1011011000 1011111110 1111011110 10000110111 1100111000 1100101111 1100110101 1100011110 21.875 56.511 1000.4 69783 18 6 10 60 50 4 $GNGGA,072643.00,,,,,0,00,99.9,,,,,,*45
69 07 26 44 Nan Nan Nan 1101011001 1100011011 1100110011 1111101011 10000111100 1100100111 1101100111 10001011011 1100111110 1101011110 1011011001 1011111110 1111011111 10000110101 1100111011 1100101110 1100110010 1100011011 21.875 56.511 1000.4 70784 16 8 12 59 50 4 $GNGGA,072644.00,,,,,0,00,99.9,,,,,,*42
70 07 26 45 Nan Nan Nan 1101011000 1100011001 1100110001 1111110011 10001000001 1100101011 1101101001 10001010111 1100111000 1101011111 1011011001 1011111101 1111011100 10000110111 1100110111 1100101010 1100100110 1100010001 21.875 56.504 1000.4 71782 16 7 10 59 51 4 $GNGGA,072645.00,,,,,0,00,99.9,,,,,,*43
71 07 26 46 Nan Nan Nan 1101011001 1100011001 1100110100 1111101110 10000111100 1100100011 1101011100 10001011011 1101000110 1101011110 1011011000 1100000000 1111100000 10000110110 1100110111 1100101000 1100101110 1100001101 21.875 56.504 1000.4 72780 18 6 10 59 50 4 $GNGGA,072646.00,,,,,0,00,99.9,,,,,,*40
72 07 26 47 Nan Nan Nan 1101011001 1100011011 1100110101 1111101101 10000111101 1100101000 1101011101 10001011101 1100111010 1101011110 1011011000 1100000001 1111011110 10000111001 1100111011 1100101110 1100101011 1100001110 21.875 56.504 1000.4 73780 16 7 10 58 52 4 $GNGGA,072647.00,,,,,0,00,99.9,,,,,,*41
73 07 26 48 Nan Nan Nan 1101011001 1100011001 1100110000 1111101010 10000111010 1100101001 1101100001 10001011011 1101000100 1101011110 1011011000 1011111110 1111011110 10000111000 1100110111 1100100101 1100110010 1100010011 21.938 56.504 1000.4 74941 17 7 11 60 50 4 $GNGGA,072648.00,,,,,0,00,99.9,,,,,,*4E
74 07 26 49 Nan Nan Nan 1101011000 1100011000 1100110011 1111101010 10000111010 1100101000 1101100001 10001011100 1101000000 1101011111 1011010101 1011111101 1111100101 10000111000 1100111010 1100101000 1100110010 1100010101 21.875 56.504 1000.4 75779 16 8 11 59 50 5 $GNGGA,072649.00,,,,,0,00,99.9,,,,,,*4F
75 07 26 50 Nan Nan Nan 1101011000 1100011001 1100110001 1111110001 10000111110 1100101011 1101100011 10001011011 1100111111 1101011111 1011011011 1100000000 1111100001 10000110110 1100110111 1100101010 1100101100 1100010110 21.875 56.504 1000.4 76777 17 7 11 59 51 3 $GNGGA,072650.00,,,,,0,00,99.9,,,,,,*47
76 07 26 51 Nan Nan Nan 1101011001 1100011001 1100110001 1111101110 10000111001 1100101101 1101100101 10001011011 1100110110 1101011110 1011011011 1100000001 1111100001 10000110111 1100111111 1100110010 1100110110 1100010110 21.875 56.504 1000.4 77776 16 7 12 59 51 3 $GNGGA,072651.00,,,,,0,00,99.9,,,,,,*46
77 07 26 52 Nan Nan Nan 1101011001 1100011011 1100110001 1111110011 10000111101 1100101101 1101011101 10001011101 1100111000 1101011111 1011011010 1011111110 1111011101 10000110110 1100111100 1100101110 1100100110 1100001011 21.875 56.504 1000.4 78775 17 7 10 58 52 4 $GNGGA,072652.00,,,,,0,00,99.9,,,,,,*45
78 07 26 53 Nan Nan Nan 1101011001 1100011001 1100110010 1111101111 10000111101 1100101010 1101100011 10001011101 1100110100 1101011110 1011011000 1011111111 1111011101 10000111000 1100111000 1100101101 1100110010 1100010110 21.875 56.511 1000.4 79774 17 7 10 58 51 4 $GNGGA,072653.00,,,,,0,00,99.9,,,,,,*44
79 07 26 54 Nan Nan Nan 1101011001 1100011001 1100110010 1111101111 10000111010 1100101100 1101011111 10001100110 1100111101 1101011110 1011011011 1100000000 1111100010 10000111000 1100111010 1100101011 1100100111 1100001011 21.875 56.511 1000.4 80934 16 7 11 58 51 4 $GNGGA,072654.00,,,,,0,00,99.9,,,,,,*43
80 07 26 55 Nan Nan Nan 1101011001 1100011000 1100110001 1111110001 10000111100 1100101010 1101100000 10001100011 1100110111 1101011110 1011011001 1011111111 1111100010 10000110111 1100111011 1100100110 1100101111 1100001111 21.875 56.519 1000.4 81772 17 7 10 59 51 4 $GNGGA,072655.00,,,,,0,00,99.9,,,,,,*42
81 07 26 56 Nan Nan Nan 1101011001 1100011001 1100110010 1111101010 10000111011 1100101111 1101100100 10001100000 1100110101 1101011111 1011011000 1100000001 1111100001 10000111001 1100110010 1100100111 1100101010 1100001011 21.875 56.534 1000.4 82771 16 7 12 59 51 3 $GNGGA,072656.00,,,,,0,00,99.9,,,,,,*41
82 07 26 57 Nan Nan Nan 1101011001 1100011000 1100101111 1111101001 10000111010 1100101100 1101100100 10001100101 1100111001 1101011111 1011011010 1100000001 1111100010 10000111001 1100111011 1100110000 1100110000 1100010101 21.938 56.534 1000.4 83770 17 6 10 60 50 4 $GNGGA,072657.00,,,,,0,00,99.9,,,,,,*40
83 07 26 58 Nan Nan Nan 1101011001 1100011011 1100110100 1111101101 10001000000 1100110000 1101101000 10001011111 1101000111 1101011110 1011011010 1011111100 1111011110 10000111000 1100111011 1100101010 1100101101 1100001101 21.875 56.542 1000.4 84769 17 7 11 59 51 3 $GNGGA,072658.00,,,,,0,00,99.9,,,,,,*4F
84 07 26 59 Nan Nan Nan 1101011001 1100011000 1100110000 1111100101 10000111001 1100101100 1101100001 10001011111 1100111111 1101011111 1011011101 1100000001 1111100100 10000111001 1100110100 1100100101 1100101101 1100010110 21.875 56.542 1000.4 85769 16 7 11 59 51 4 $GNGGA,072659.00,,,,,0,00,99.9,,,,,,*4E
85 07 27 00 Nan Nan Nan 1101011000 1100011010 1100110010 1111110000 10000111011 1100101110 1101101000 10001011110 1101000011 1101011111 1011011101 1011111111 1111011011 10000110110 1100110111 1100101100 1100101111 1100010101 21.875 56.550 1000.4 86929 16 7 11 60 51 3 $GNGGA,072700.00,,,,,0,00,99.9,,,,,,*43
86 07 27 01 Nan Nan Nan 1101011001 1100011010 1100110011 1111101101 10000111011 1100101010 1101100101 10001011010 1100110101 1101011111 1011011000 1100000001 1111100000 10000110111 1100110011 1100100110 1100110101 1100010111 21.875 56.542 1000.4 87766 17 7 11 59 50 4 $GNGGA,072701.00,,,,,0,00,99.9,,,,,,*42
87 07 27 02 Nan Nan Nan 1101011001 1100011011 1100110001 1111101001 10000111100 1100100111 1101100100 10001011101 1100111000 1101011110 1011011000 1100000000 1111100011 10000111000 1100110100 1100100110 1100101000 1100001110 21.875 56.550 1000.4 88766 17 7 11 60 50 4 $GNGGA,072702.00,,,,,0,00,99.9,,,,,,*41
88 07 27 03 Nan Nan Nan 1101011001 1100011010 1100110100 1111101110 10000111111 1100101101 1101100111 10001100011 1100111110 1101011111 1011010110 1011111110 1111100110 10000111000 1100110111 1100100101 1100101110 1100001101 21.875 56.542 1000.4 89764 17 6 11 59 50 4 $GNGGA,072703.00,,,,,0,00,99.9,,,,,,*40
89 07 27 04 Nan Nan Nan 1101011001 1100011010 1100110010 1111101100 10000111101 1100101101 1101100101 10001100001 1100110111 1101011110 1011011111 1011111111 1111011110 10000110110 1100110110 1100101100 1100101001 1100001100 21.875 56.550 1000.4 90764 16 7 11 59 52 3 $GNGGA,072704.00,,,,,0,00,99.9,,,,,,*47
90 07 27 05 Nan Nan Nan 1101011001 1100010110 1100110001 1111101011 10000111100 1100101010 1101100011 10001100100 1100111000 1101011111 1011011001 1100000000 1111100011 10000111000 1100110110 1100101001 1100101101 1100010011 21.875 56.550 1000.4 91762 18 7 10 59 51 4 $GNGGA,072705.00,,,,,0,00,99.9,,,,,,*46
91 07 27 06 Nan Nan Nan 1101011001 1100011001 1100110000 1111101100 10000111101 1100110000 1101100101 10001101000 1101000000 1101011111 1011011000 1011111101 1111100110 10000110111 1100110110 1100101101 1100110000 1100010010 21.875 56.550 1000.4 92923 16 7 12 59 51 3 $GNGGA,072706.00,,,,,0,00,99.9,,,,,,*45
92 07 27 07 Nan Nan Nan 1101011001 1100011011 1100110011 1111101100 10000111101 1100100101 1101011100 10001100101 1100111011 1101011111 1011011000 1011111110 1111100001 10000111000 1100110111 1100101000 1100110101 1100010001 21.875 56.550 1000.4 93761 17 7 11 60 51 3 $GNGGA,072707.00,,,,,0,00,99.9,,,,,,*44
93 07 27 08 Nan Nan Nan 1101011001 1100011010 1100110000 1111101011 10000111100 1100100111 1101011011 10001011011 1100111000 1101011111 1011011001 1011111101 1111100001 10000111000 1100111001 1100101010 1100101111 1100001111 21.938 56.550 1000.4 94760 17 7 11 59 50 4 $GNGGA,072708.00,,,,,0,00,99.9,,,,,,*4B
94 07 27 09 Nan Nan Nan 1101011001 1100011011 1100110100 1111101000 10000111100 1100101010 1101011111 10001011011 1100111011 1101011111 1011011010 1011111111 1111100110 10000111000 1100110101 1100101000 1100101101 1100001010 21.875 56.557 1000.4 95759 16 7 11 60 51 3 $GNGGA,072709.00,,,,,0,00,99.9,,,,,,*4A
95 07 27 10 Nan Nan Nan 1101011001 1100011000 1100110010 1111110010 10000111110 1100101011 1101100101 10001100101 1100110110 1101011110 1011010111 1011111110 1111011101 10000110101 1100111000 1100101010 1100101000 1100010001 21.938 56.557 1000.4 96758 17 7 11 59 50 4 $GNGGA,072710.00,,,,,0,00,99.9,,,,,,*42
96 07 27 11 Nan Nan Nan 1101011001 1100011001 1100110011 1111101010 10001000000 1100101101 1101100101 10001101100 1101000100 1101011111 1011011100 1100000000 1111011101 10000111000 1100110011 1100101000 1100101101 1100001111 21.875 56.550 1000.4 97757 16 7 10 58 52 4 $GNGGA,072711.00,,,,,0,00,99.9,,,,,,*43
97 07 27 12 Nan Nan Nan 1101011001 1100011000 1100101111 1111101101 10000111101 1100101100 1101100011 10001100001 1101000001 1101011110 1011011010 1011111101 1111100011 10000111000 1100111001 1100101100 1100101000 1100001010 21.938 56.557 1000.4 98908 16 8 11 58 52 3 $GNGGA,072712.00,,,,,0,00,99.9,,,,,,*40
98 07 27 13 Nan Nan Nan 1101011001 1100011001 1100110010 1111100110 10000111100 1100101101 1101100101 10001100110 1100111101 1101011111 1011011000 1011111011 1111100000 10000110111 1100111100 1100101011 1100101000 1100000110 21.938 56.550 1000.4 99756 16 8 12 59 50 4 $GNGGA,072713.00,,,,,0,00,99.9,,,,,,*41
99 07 27 14 Nan Nan Nan 1101011001 1100011000 1100110000 1111110001 10000111100 1100110100 1101101101 10001101110 1101001010 1101011110 1011011000 1100000000 1111011110 10000110111 1100111001 1100101100 1100100111 1100010010 21.938 56.550 1000.4 100754 17 7 11 59 51 3 $GNGGA,072714.00,,,,,0,00,99.9,,,,,,*46
100 07 27 15 Nan Nan Nan 1101011001 1100010111 1100110000 1111101101 10000111011 1100101000 1101100110 10001100111 1101000011 1101011110 1011011010 1100000001 1111011110 10000110101 1100110010 1100101000 1100101010 1100001011 21.938 56.550 1000.4 101753 16 7 12 59 50 4 $GNGGA,072715.00,,,,,0,00,99.9,,,,,,*47
101 07 27 16 Nan Nan Nan 1101011000 1100011010 1100110101 1111101001 10000111010 1100110011 1101100110 10001100001 1101000010 1101011110 1011011001 1100000000 1111011110 10000111000 1100110110 1100101001 1100101001 1100001011 21.938 56.550 1000.4 102752 17 7 10 58 52 4 $GNGGA,072716.00,,,,,0,00,99.9,,,,,,*44
102 07 27 17 Nan Nan Nan 1101011001 1100011001 1100110010 1111101010 10000111010 1100101101 1101011110 10001100011 1101000000 1101011110 1011011001 1011111111 1111011111 10000110111 1100110101 1100101001 1100101010 1100010001 21.875 56.557 1000.4 103751 17 7 11 60 51 3 $GNGGA,072717.00,,,,,0,00,99.9,,,,,,*45
103 07 27 18 Nan Nan Nan 1101011001 1100011000 1100110000 1111101100 10000111100 1100100110 1101100001 10001101110 1101001011 1101011110 1011010111 1011111111 1111100001 10000111000 1100110100 1100101000 1100101000 1100000110 21.875 56.557 1000.4 104911 16 7 12 59 50 4 $GNGGA,072718.00,,,,,0,00,99.9,,,,,,*4A
104 07 27 19 Nan Nan Nan 1101011001 1100011000 1100110000 1111110011 10000111101 1100101111 1101100111 10001100100 1101000100 1101011111 1011011000 1100000000 1111100101 10000111001 1100111000 1100100111 1100101010 1100010000 21.875 56.550 1000.4 105749 17 7 11 60 51 3 $GNGGA,072719.00,,,,,0,00,99.9,,,,,,*4B
105 07 27 20 Nan Nan Nan 1101011001 1100011010 1100110011 1111110011 10000111110 1100101010 1101100011 10001100101 1101000100 1101011110 1011011010 1011111111 1111011110 10000111000 1100110111 1100101001 1100110101 1100010100 21.875 56.557 1000.4 106748 16 7 12 59 51 3 $GNGGA,072720.00,,,,,0,00,99.9,,,,,,*41
106 07 27 21 Nan Nan Nan 1101011001 1100011011 1100110100 1111110000 10000111101 1100100110 1101100011 10001100110 1101000100 1101011111 1011010111 1011111111 1111100010 10000111000 1100110100 1100101010 1100101010 1100001100 21.938 56.557 1000.4 107747 16 7 10 58 52 4 $GNGGA,072721.00,,,,,0,00,99.9,,,,,,*40
107 07 27 22 Nan Nan Nan 1101011001 1100011001 1100110100 1111110000 10000111010 1100101000 1101011101 10001101011 1101000010 1101011110 1011011001 1100000000 1111100010 10000111000 1100110110 1100101000 1100110000 1100001111 21.875 56.550 1000.4 108746 17 7 11 59 51 3 $GNGGA,072722.00,,,,,0,00,99.9,,,,,,*43
108 07 27 23 Nan Nan Nan 1101011001 1100011100 1100110100 1111110010 10000111011 1100101100 1101100011 10001100101 1101000111 1101011110 1011011001 1011111111 1111011111 10000111010 1100110000 1100100010 1100101010 1100001100 21.938 56.550 1000.4 109745 17 6 10 59 51 4 $GNGGA,072723.00,,,,,0,00,99.9,,,,,,*42
109 07 27 24 Nan Nan Nan 1101011001 1100011010 1100110100 1111101011 10000111100 1100100100 1101100010 10001101100 1101000011 1101011111 1011011001 1011111111 1111100010 10000111010 1100110010 1100100001 1100101110 1100010010 21.875 56.550 1000.4 110906 16 7 11 60 50 4 $GNGGA,072724.00,,,,,0,00,99.9,,,,,,*45
110 07 27 25 Nan Nan Nan 1101011001 1100011001 1100110000 1111110011 10000111100 1100100011 1101011111 10001110000 1101000111 1101011110 1011011000 1011111111 1111100001 10000111001 1100111101 1100101100 1100101111 1100010001 21.938 56.534 1000.4 111744 16 8 12 59 50 4 $GNGGA,072725.00,,,,,0,00,99.9,,,,,,*44
111 07 27 26 Nan Nan Nan 1101011001 1100011001 1100110000 1111110010 10000111110 1100101010 1101011111 10001101000 1101000000 1101011111 1011011000 1011111111 1111100001 10000111001 1100110100 1100100111 1100101001 1100001011 21.875 56.534 1000.4 112743 17 7 11 60 50 4 $GNGGA,072726.00,,,,,0,00,99.9,,,,,,*47
112 07 27 27 Nan Nan Nan 1101011001 1100011010 1100110010 1111101100 10000111011 1100101010 1101100001 10001100111 1101000100 1101011111 1011011000 1011111111 1111011100 10000110111 1100110010 1100101000 1100101011 1100001110 21.875 56.527 1000.4 113740 18 7 10 58 51 4 $GNGGA,072727.00,,,,,0,00,99.9,,,,,,*46
113 07 27 28 Nan Nan Nan 1101011000 1100011001 1100110001 1111101100 10000111101 1100101111 1101100100 10001100010 1100111001 1101011110 1011011000 1100000011 1111011000 10000110111 1100111001 1100101010 1100100100 1100001001 21.875 56.534 1000.4 114740 16 7 10 58 52 4 $GNGGA,072728.00,,,,,0,00,99.9,,,,,,*49
114 07 27 29 Nan Nan Nan 1101011001 1100011000 1100110000 1111110000 10000111101 1100100011 1101100011 10001100000 1100111100 1101011111 1011010110 1011111111 1111011110 10000111000 1100110000 1100100111 1100101101 1100001111 21.875 56.527 1000.4 115739 17 7 11 60 51 3 $GNGGA,072729.00,,,,,0,00,99.9,,,,,,*48
115 07 27 30 Nan Nan Nan 1101011001 1100011011 1100110011 1111110000 10000111101 1100101101 1101101000 10001011000 1100111111 1101011111 1011010111 1011111110 1111011100 10000111001 1100110100 1100100111 1100101001 1100010001 21.938 56.542 1000.4 116899 16 7 12 59 51 3 $GNGGA,072730.00,,,,,0,00,99.9,,,,,,*40
116 07 27 31 Nan Nan Nan 1101011001 1100011001 1100110010 1111101011 10000111100 1100101010 1101100100 10001011100 1101000011 1101011110 1011011010 1100000000 1111011101 10000111001 1100110111 1100101010 1100110001 1100001111 21.875 56.542 1000.4 117737 17 7 11 60 51 3 $GNGGA,072731.00,,,,,0,00,99.9,,,,,,*41
117 07 27 32 Nan Nan Nan 1101011001 1100011001 1100110011 1111101000 10000111010 1100101010 1101100100 10001011111 1100111011 1101011111 1011010110 1011111101 1111011000 10000110110 1100110100 1100101000 1100101100 1100001111 21.938 56.542 1000.4 118736 16 7 12 59 50 4 $GNGGA,072732.00,,,,,0,00,99.9,,,,,,*42
118 07 27 33 Nan Nan Nan 1101011001 1100011100 1100110010 1111110010 10000111101 1100101110 1101100100 10001011000 1100111010 1101011110 1011010011 1011111110 1111011100 10000110110 1100110000 1100100100 1100101000 1100001011 21.875 56.534 1000.4 119735 16 7 10 58 52 4 $GNGGA,072733.00,,,,,0,00,99.9,,,,,,*43
119 07 27 34 Nan Nan Nan 1101011001 1100011010 1100110001 1111110000 10000111111 1100101100 1101100110 10001010110 1100111110 1101011111 1011010111 1100000000 1111100000 10000111000 1100110111 1100101011 1100101110 1100010001 21.938 56.527 1000.4 120733 17 7 10 59 51 4 $GNGGA,072734.00,,,,,0,00,99.9,,,,,,*44
120 07 27 35 Nan Nan Nan 1101011001 1100011010 1100110011 1111110011 10000111111 1100101001 1101100000 10001001011 1100111111 1101011111 1011011010 1011111111 1111011100 10000110111 1100111010 1100101101 1100101010 1100010010 21.938 56.496 1000.4 121733 17 8 10 58 51 5 $GNGGA,072735.00,,,,,0,00,99.9,,,,,,*45
121 07 27 36 Nan Nan Nan 1101011001 1100011001 1100110010 1111110010 10000111110 1100100110 1101011110 10001010011 1101000011 1101011110 1011010110 1100000001 1111011111 10000110111 1100110010 1100101000 1100101100 1100001110 21.875 56.473 1000.4 122894 16 7 11 59 51 4 $GNGGA,072736.00,,,,,0,00,99.9,,,,,,*46
122 07 27 37 Nan Nan Nan 1101011001 1100011001 1100110100 1111101111 10000111101 1100101010 1101101000 10001011001 1101001011 1101011111 1011010111 1100000001 1111011101 10000111000 1100110000 1100100000 1100101011 1100001100 21.938 56.458 1000.4 123731 16 7 12 59 50 4 $GNGGA,072737.00,,,,,0,00,99.9,,,,,,*47
123 07 27 38 Nan Nan Nan 1101011001 1100010110 1100110000 1111101100 10000111101 1100100100 1101011011 10001010011 1100111101 1101011111 1011011001 1100000000 1111011110 10000110111 1100111000 1100100110 1100101000 1100001100 21.938 56.450 1000.4 124730 16 7 11 59 51 3 $GNGGA,072738.00,,,,,0,00,99.9,,,,,,*48
124 07 27 39 Nan Nan Nan 1101011001 1100011001 1100110011 1111101110 10000111101 1100101001 1101100100 10001010011 1100110011 1101011111 1011010110 1011111100 1111100000 10000110110 1100110010 1100100110 1100101010 1100010101 21.938 56.435 1000.4 125729 17 7 11 59 51 3 $GNGGA,072739.00,,,,,0,00,99.9,,,,,,*49
125 07 27 40 Nan Nan Nan 1101011001 1100011011 1100110011 1111101011 10000111100 1100101110 1101100011 10001011011 1100111100 1101011110 1011011000 1100000000 1111100000 10000111000 1100111000 1100101011 1100101101 1100010011 21.938 56.443 1000.4 126728 17 7 10 58 52 4 $GNGGA,072740.00,,,,,0,00,99.9,,,,,,*47
126 07 27 41 Nan Nan Nan 1101011001 1100010111 1100101110 1111101011 10000111100 1100101100 1101100010 10001010110 1100111110 1101011110 1011011011 1100000011 1111100001 10000111000 1100111100 1100101101 1100101111 1100001111 21.938 56.435 1000.4 127726 18 6 10 60 50 4 $GNGGA,072741.00,,,,,0,00,99.9,,,,,,*46
127 07 27 42 Nan Nan Nan 1101011001 1100011000 1100101111 1111110001 10000111100 1100101001 1101100010 10001010111 1100111000 1101011111 1011011000 1011111111 1111100001 10000111010 1100110011 1100100111 1100100110 1100000101 21.938 56.458 1000.4 128887 17 7 11 58 51 4 $GNGGA,072742.00,,,,,0,00,99.9,,,,,,*45
128 07 27 43 Nan Nan Nan 1101011001 1100011001 1100101111 1111101100 10000111011 1100101110 1101100110 10001011010 1100111111 1101011111 1011011011 1100000011 1111011111 10000111010 1100110101 1100101011 1100101001 1100001110 21.938 56.458 1000.4 129725 17 7 10 59 51 4 $GNGGA,072743.00,,,,,0,00,99.9,,,,,,*44
129 07 27 44 Nan Nan Nan 1101011001 1100011011 1100110011 1111101111 10000111110 1100101001 1101100101 10001011001 1100111011 1101011111 1011010101 1100000010 1111011111 10000110111 1100101110 1100100000 1100101011 1100001010 21.938 56.466 1000.4 130723 17 6 11 59 50 4 $GNGGA,072744.00,,,,,0,00,99.9,,,,,,*43
130 07 27 45 Nan Nan Nan 1101011001 1100010101 1100110001 1111101101 10000111100 1100101000 1101011100 10001001011 1100110100 1101011111 1011011000 1100000000 1111100011 10000111000 1100101111 1100100010 1100101001 1100010011 21.875 56.466 1000.4 131723 17 7 10 58 52 4 $GNGGA,072745.00,,,,,0,00,99.9,,,,,,*42
131 07 27 46 Nan Nan Nan 1101011001 1100011001 1100110001 1111110100 10001000000 1100101101 1101100001 10001011011 1100111001 1101011110 1011011011 1100000000 1111100010 10000111010 1100111100 1100101011 1100100111 1100001011 21.875 56.481 1000.4 132722 17 7 11 60 51 3 $GNGGA,072746.00,,,,,0,00,99.9,,,,,,*41
132 07 27 47 Nan Nan Nan 1101011001 1100011011 1100110100 1111111010 10000111110 1100101111 1101101000 10001010100 1100110011 1101011111 1011010111 1011111100 1111100010 10000110111 1100110011 1100101100 1100100110 1100010100 21.938 56.496 1000.4 133722 16 8 11 59 50 5 $GNGGA,072747.00,,,,,0,00,99.9,,,,,,*40
133 07 27 48 Nan Nan Nan 1101011001 1100011001 1100101111 1111110010 10000111011 1100101010 1101100010 10001011010 1100110100 1101011110 1011011000 1011111110 1111100011 10000110111 1100111001 1100101000 1100101010 1100001011 21.938 56.489 1000.4 134882 16 7 11 59 52 3 $GNGGA,072748.00,,,,,0,00,99.9,,,,,,*4F
134 07 27 49 Nan Nan Nan 1101011001 1100011000 1100110010 1111101111 10000111110 1100101010 1101100000 10001010011 1100110001 1101011110 1011011101 1100000011 1111100010 10000111000 1100110101 1100101010 1100110010 1100010110 21.938 56.511 1000.4 135725 17 7 10 59 50 5 $GNGGA,072749.00,,,,,0,00,99.9,,,,,,*4E
135 07 27 50 Nan Nan Nan 1101011001 1100011001 1100110001 1111110011 10000111110 1100100011 1101011000 10001001111 1100111100 1101011111 1011010111 1011111111 1111100010 10000111001 1100110100 1100100110 1100101100 1100000011 21.938 56.534 1000.4 136719 16 7 11 60 50 4 $GNGGA,072750.00,,,,,0,00,99.9,,,,,,*46
136 07 27 51 Nan Nan Nan 1101011001 1100011010 1100110010 1111110001 10000111011 1100101110 1101011111 10001010011 1100111000 1101011111 1011011000 1011111111 1111100000 10000111010 1100110001 1100100101 1100100111 1100001011 21.938 56.527 1000.4 137717 17 7 11 59 51 3 $GNGGA,072751.00,,,,,0,00,99.9,,,,,,*47
137 07 27 52 Nan Nan Nan 1101011001 1100011001 1100110001 1111100111 10000111010 1100110001 1101100011 10001010011 1100111110 1101011111 1011011010 1011111111 1111011111 10000111000 1100110111 1100100110 1100110011 1100010101 21.938 56.534 1000.4 138722 16 7 11 59 51 4 $GNGGA,072752.00,,,,,0,00,99.9,,,,,,*44
138 07 27 53 Nan Nan Nan 1101011001 1100011010 1100110010 1111100110 10000111001 1100101011 1101100101 10001011001 1100111011 1101011111 1011010111 1011111111 1111100100 10000110111 1100110111 1100101001 1100110000 1100010011 21.938 56.542 1000.4 139715 17 7 11 60 51 3 $GNGGA,072753.00,,,,,0,00,99.9,,,,,,*45
139 07 27 54 Nan Nan Nan 1101011001 1100011001 1100110001 1111100111 10000111011 1100101110 1101100110 10001011011 1101001000 1101011111 1011010110 1011111111 1111100101 10000111010 1100110110 1100101001 1100101011 1100001110 21.938 56.542 1000.4 140874 18 6 10 59 50 4 $GNGGA,072754.00,,,,,0,00,99.9,,,,,,*42
140 07 27 55 Nan Nan Nan 1101011001 1100011001 1100110010 1111101010 10000111110 1100101000 1101011111 10001011010 1101000010 1101011110 1011011010 1011111111 1111100010 10000111000 1100110110 1100101011 1100110011 1100001110 21.938 56.527 1000.4 141713 18 6 10 59 51 4 $GNGGA,072755.00,,,,,0,00,99.9,,,,,,*43
141 07 27 56 Nan Nan Nan 1101011001 1100011001 1100101111 1111101110 10000111110 1100100110 1101100001 10001011010 1101000101 1101011111 1011011000 1100000001 1111100010 10000110111 1100111001 1100100101 1100101101 1100001111 21.875 56.504 1000.4 142712 16 7 12 59 51 3 $GNGGA,072756.00,,,,,0,00,99.9,,,,,,*40
142 07 27 57 Nan Nan Nan 1101011001 1100011000 1100110011 1111101011 10000111111 1100101001 1101100001 10001010001 1100111110 1101011111 1011011001 1100000010 1111100101 10000111010 1100111001 1100101110 1100110011 1100010010 21.938 56.489 1000.4 143711 17 6 10 58 52 4 $GNGGA,072757.00,,,,,0,00,99.9,,,,,,*41
143 07 27 58 Nan Nan Nan 1101011001 1100010111 1100110000 1111101011 10000111101 1100101000 1101011110 10001001100 1100110100 1101011111 1011010110 1011111101 1111011111 10000110111 1100110101 1100101001 1100110100 1100010110 21.938 56.466 1000.4 144710 18 7 10 59 51 4 $GNGGA,072758.00,,,,,0,00,99.9,,,,,,*4E
144 07 27 59 Nan Nan Nan 1101011001 1100011001 1100110100 1111110010 10001000000 1100101111 1101100011 10001001111 1100110011 1101011111 1011011010 1011111110 1111011111 10000110110 1100110110 1100101010 1100110001 1100010100 21.938 56.458 1000.4 145710 16 8 11 59 50 5 $GNGGA,072759.00,,,,,0,00,99.9,,,,,,*4F
145 07 28 00 Nan Nan Nan 1101011001 1100011100 1100110010 1111101101 10000111100 1100101001 1101100011 10001010010 1100111100 1101011111 1011011011 1100000000 1111100010 10000110111 1100111000 1100101100 1100101001 1100001010 21.938 56.466 1000.4 146870 16 7 11 59 52 3 $GNGGA,072800.00,,,,,0,00,99.9,,,,,,*4C
146 07 28 01 Nan Nan Nan 1101011001 1100011101 1100110100 1111110000 10000111101 1100100011 1101011110 10001001110 1100110010 1101011110 1011010111 1011111110 1111011111 10000111000 1100110100 1100100100 1100101011 1100001100 21.938 56.466 1000.4 147714 16 8 12 59 51 3 $GNGGA,072801.00,,,,,0,00,99.9,,,,,,*4D
147 07 28 02 Nan Nan Nan 1101011001 1100011011 1100110100 1111101111 10000111110 1100110000 1101100110 10001010011 1100110100 1101011110 1011010100 1011111111 1111011100 10000110110 1100111000 1100101001 1100100111 1100010010 21.938 56.466 1000.4 148711 18 6 10 60 50 4 $GNGGA,072802.00,,,,,0,00,99.9,,,,,,*4E
148 07 28 03 Nan Nan Nan 1101011001 1100011110 1100110100 1111110000 10000111010 1100101010 1101100011 10001010011 1100111001 1101011111 1011011100 1100000001 1111011111 10000110111 1100110100 1100100111 1100100101 1100010000 21.938 56.466 1000.4 149709 16 7 12 59 50 4 $GNGGA,072803.00,,,,,0,00,99.9,,,,,,*4F
149 07 28 04 Nan Nan Nan 1101011001 1100010111 1100110000 1111101110 10000111010 1100101001 1101100001 10001010101 1100111101 1101011110 1011010101 1011111100 1111100010 10000111000 1100110101 1100101001 1100110000 1100011000 21.938 56.466 1000.4 150711 16 7 11 59 51 4 $GNGGA,072804.00,,,,,0,00,99.9,,,,,,*48
150 07 28 05 Nan Nan Nan 1101011001 1100011001 1100101111 1111101111 10000111010 1100100111 1101011011 10001001110 1100111010 1101011110 1011011011 1100000000 1111011110 10000110111 1100111000 1100100110 1100101110 1100010001 21.875 56.473 1000.4 151708 17 7 11 60 51 3 $GNGGA,072805.00,,,,,0,00,99.9,,,,,,*49
151 07 28 06 Nan Nan Nan 1101011001 1100010111 1100110000 1111101011 10000111100 1100101010 1101100011 10001001110 1100110110 1101011110 1011011001 1100000000 1111101000 10000111010 1100101111 1100100011 1100101101 1100010101 21.938 56.473 1000.4 152875 17 8 11 58 51 4 $GNGGA,072806.00,,,,,0,00,99.9,,,,,,*4A
152 07 28 07 Nan Nan Nan 1101011001 1100011000 1100110011 1111101100 10000111010 1100101110 1101100100 10001001110 1100111110 1101011111 1011011000 1011111111 1111101011 10000111001 1100111000 1100101000 1100100100 1100001010 21.938 56.489 1000.4 153701 16 7 11 59 51 3 $GNGGA,072807.00,,,,,0,00,99.9,,,,,,*4B
153 07 28 08 Nan Nan Nan 1101011001 1100011001 1100110010 1111101100 10000111001 1100100110 1101100000 10001001101 1100111001 1101011111 1011011001 1100000001 1111101001 10000110111 1100111011 1100101000 1100101100 1100001110 21.938 56.496 1000.4 154700 17 7 11 59 51 3 $GNGGA,072808.00,,,,,0,00,99.9,,,,,,*44
154 07 28 09 Nan Nan Nan 1101011001 1100010110 1100101111 1111101010 10000111000 1100101010 1101100011 10001010001 1100110111 1101011111 1011011011 1100000000 1111100011 10000111000 1100111001 1100101000 1100101011 1100001011 21.938 56.511 1000.4 155700 16 7 11 59 52 3 $GNGGA,072809.00,,,,,0,00,99.9,,,,,,*45
155 07 28 10 Nan Nan Nan 1101011001 1100011010 1100110001 1111101111 10000111100 1100101000 1101011111 10001001001 1100110010 1101011111 1011011000 1011111111 1111100011 10000110111 1100110000 1100100111 1100101010 1100000101 21.938 56.519 1000.4 156704 17 7 11 59 51 3 $GNGGA,072810.00,,,,,0,00,99.9,,,,,,*4D
156 07 28 11 Nan Nan Nan 1101011001 1100011000 1100110011 1111110001 10000111011 1100101000 1101011111 10001001001 1100110011 1101011111 1011011011 1100000010 1111100111 10000111011 1100110010 1100100101 1100101100 1100010011 21.938 56.527 1000.4 157698 16 8 12 59 51 3 $GNGGA,072811.00,,,,,0,00,99.9,,,,,,*4C
157 07 28 12 Nan Nan Nan 1101011001 1100011000 1100110001 1111110011 10000111011 1100100100 1101011111 10001001110 1100110101 1101011111 1011011010 1100000000 1111101000 10000111010 1100111001 1100101001 1100100110 1100001000 21.938 56.534 1000.4 158859 16 7 11 59 52 3 $GNGGA,072812.00,,,,,0,00,99.9,,,,,,*4F
158 07 28 13 Nan Nan Nan 1101011001 1100010111 1100110000 1111101111 10000111101 1100101010 1101100011 10001011000 1101000000 1101011110 1011010110 1100000001 1111101000 10000111000 1100111001 1100101011 1100101001 1100010010 21.938 56.534 1000.4 159695 17 6 11 58 51 4 $GNGGA,072813.00,,,,,0,00,99.9,,,,,,*4E
159 07 28 14 Nan Nan Nan 1101011001 1100011010 1100110011 1111110010 10000111010 1100101100 1101101000 10001010110 1100111011 1101011111 1011011011 1100000001 1111100100 10000111001 1100111010 1100101101 1100101001 1100001110 21.938 56.527 1000.4 160694 17 7 10 58 52 4 $GNGGA,072814.00,,,,,0,00,99.9,,,,,,*49
160 07 28 15 Nan Nan Nan 1101011001 1100011101 1100110110 1111110001 10000111100 1100101000 1101100001 10001010001 1100110111 1101011110 1011011000 1100000001 1111011010 10000110111 1100101111 1100100011 1100100101 1100010010 21.938 56.519 1000.4 161694 17 7 11 60 51 3 $GNGGA,072815.00,,,,,0,00,99.9,,,,,,*48
161 07 28 16 Nan Nan Nan 1101011001 1100010110 1100110001 1111110010 10000111011 1100101111 1101100010 10001010000 1100111101 1101011111 1011011001 1011111111 1111100110 10000110101 1100111100 1100100110 1100101100 1100001010 21.938 56.519 1000.4 162693 16 8 11 58 51 4 $GNGGA,072816.00,,,,,0,00,99.9,,,,,,*4B
162 07 28 17 Nan Nan Nan 1101011001 1100011011 1100110100 1111110111 10001000000 1100100111 1101100100 10001001011 1100110000 1101011111 1011011001 1011111111 1111100110 10000111010 1100111011 1100101111 1100101101 1100010010 21.938 56.527 1000.4 163692 17 7 11 60 51 3 $GNGGA,072817.00,,,,,0,00,99.9,,,,,,*4A
163 07 28 18 Nan Nan Nan 1101011001 1100011010 1100110001 1111110101 10001000000 1100100101 1101100000 10001001011 1100111001 1101011111 1011011001 1100000000 1111101000 10000111010 1100110101 1100100011 1100101000 1100010000 21.938 56.519 1000.4 164852 17 7 11 59 50 4 $GNGGA,072818.00,,,,,0,00,99.9,,,,,,*45
164 07 28 19 Nan Nan Nan 1101011001 1100011000 1100110011 1111110101 10000111111 1100101001 1101011111 10001011000 1100111101 1101011111 1011011001 1011111111 1111101000 10000111000 1100110111 1100101011 1100101100 1100010110 21.938 56.519 1000.4 165690 16 7 11 60 51 3 $GNGGA,072819.00,,,,,0,00,99.9,,,,,,*44
165 07 28 20 Nan Nan Nan 1101011001 1100011001 1100110011 1111110001 10000111111 1100100111 1101011100 10001010001 1100110001 1101011110 1011011101 1100000000 1111100011 10000111001 1100110101 1100101000 1100101101 1100001011 21.938 56.504 1000.4 166689 17 7 11 59 51 3 $GNGGA,072820.00,,,,,0,00,99.9,,,,,,*4E
166 07 28 21 Nan Nan Nan 1101011001 1100011010 1100110000 1111101100 10000111101 1100101010 1101011001 10001001111 1100111000 1101011111 1011011001 1011111111 1111011101 10000110101 1100110101 1100100111 1100101000 1100010000 21.938 56.504 1000.4 167688 16 7 11 59 51 4 $GNGGA,072821.00,,,,,0,00,99.9,,,,,,*4F
167 07 28 22 Nan Nan Nan 1101011001 1100011001 1100110001 1111101100 10000111101 1100101010 1101100000 10001011010 1100110101 1101011111 1011011000 1100000001 1111100001 10000111000 1100110101 1100100110 1100101010 1100001111 21.938 56.489 1000.4 168692 17 7 11 59 50 4 $GNGGA,072822.00,,,,,0,00,99.9,,,,,,*4C
168 07 28 23 Nan Nan Nan 1101011001 1100010111 1100110000 1111101010 10000111011 1100100110 1101011011 10001010010 1100110101 1101011111 1011011100 1100000000 1111100111 10000111000 1100110001 1100100000 1100100111 1100000100 21.938 56.458 1000.4 169686 17 7 11 59 50 4 $GNGGA,072823.00,,,,,0,00,99.9,,,,,,*4D
169 07 28 24 Nan Nan Nan 1101011001 1100011001 1100110010 1111101000 10000111000 1100100110 1101011101 10001001101 1100111110 1101011110 1011011001 1100000000 1111100000 10000110110 1100110110 1100101001 1100101111 1100011001 21.938 56.473 1000.4 170857 17 7 11 59 51 3 $GNGGA,072824.00,,,,,0,00,99.9,,,,,,*4A
170 07 28 25 Nan Nan Nan 1101011001 1100011010 1100110000 1111110100 10000111110 1100100101 1101011100 10001001111 1100110110 1101011111 1011011001 1011111101 1111100001 10000110101 1100110110 1100101000 1100100001 1100000001 21.938 56.473 1000.4 171684 16 7 12 59 51 3 $GNGGA,072825.00,,,,,0,00,99.9,,,,,,*4B
171 07 28 26 Nan Nan Nan 1101011001 1100010110 1100101111 1111100111 10000111010 1100100110 1101011110 10001001001 1100110111 1101011111 1011011010 1011111111 1111100010 10000110111 1100111010 1100101011 1100101010 1100001111 21.938 56.466 1000.4 172684 16 7 11 59 51 4 $GNGGA,072826.00,,,,,0,00,99.9,,,,,,*48
172 07 28 27 Nan Nan Nan 1101011001 1100011011 1100110001 1111101010 10000111011 1100100011 1101011011 10001010000 1100111101 1101011111 1011011011 1100000011 1111100011 10000111001 1100110101 1100101011 1100101000 1100000111 21.938 56.466 1000.4 173682 17 7 11 59 51 3 $GNGGA,072827.00,,,,,0,00,99.9,,,,,,*49
173 07 28 28 Nan Nan Nan 1101011001 1100011010 1100110100 1111110001 10000111110 1100101100 1101100111 10001010010 1100110000 1101011111 1011010110 1011111100 1111100011 10000111000 1100111001 1100101010 1100101011 1100001100 21.938 56.466 1000.4 174682 16 8 11 59 51 4 $GNGGA,072828.00,,,,,0,00,99.9,,,,,,*46
174 07 28 29 Nan Nan Nan 1101011001 1100011000 1100110001 1111101100 10000111011 1100101001 1101100010 10001010000 1100111001 1101011111 1011011001 1011111111 1111100100 10000110101 1100110011 1100100101 1100101100 1100001010 21.938 56.473 1000.4 175680 17 7 10 59 51 4 $GNGGA,072829.00,,,,,0,00,99.9,,,,,,*47
175 07 28 30 Nan Nan Nan 1101011001 1100011010 1100110010 1111101100 10000111011 1100100110 1101011100 10001001110 1100111110 1101011111 1011011000 1100000001 1111100000 10000111001 1100110101 1100101010 1100101001 1100010011 21.938 56.511 1000.4 176840 18 6 10 59 51 4 $GNGGA,072830.00,,,,,0,00,99.9,,,,,,*4F
176 07 28 31 Nan Nan Nan 1101011001 1100011010 1100110000 1111100110 10000111010 1100101101 1101100010 10001010110 1100111110 1101011111 1011011100 1100000011 1111100110 10000111001 1100110100 1100100111 1100110011 1100010101 21.938 56.534 1000.4 177679 16 7 11 60 50 4 $GNGGA,072831.00,,,,,0,00,99.9,,,,,,*4E
177 07 28 32 Nan Nan Nan 1101011001 1100011000 1100110000 1111100101 10000111101 1100100111 1101011111 10001001110 1100110110 1101011111 1011011000 1100000001 1111100100 10000111011 1100111000 1100100111 1100101011 1100010110 21.938 56.565 1000.4 178677 17 7 11 59 51 3 $GNGGA,072832.00,,,,,0,00,99.9,,,,,,*4D
178 07 28 33 Nan Nan Nan 1101011001 1100011011 1100110011 1111110000 10000111100 1100100111 1101100000 10001010010 1100111110 1101011111 1011010111 1011111101 1111100010 10000110111 1100111011 1100100111 1100100100 1100010010 21.938 56.588 1000.4 179677 16 7 11 59 51 4 $GNGGA,072833.00,,,,,0,00,99.9,,,,,,*4C
179 07 28 34 Nan Nan Nan 1101011001 1100011010 1100110000 1111101111 10000111111 1100100110 1101011110 10001001110 1100110101 1101011111 1011011000 1100000001 1111100100 10000111000 1100110001 1100100100 1100101010 1100001100 21.938 56.595 1000.4 180675 18 6 10 59 51 4 $GNGGA,072834.00,,,,,0,00,99.9,,,,,,*4B
180 07 28 35 Nan Nan Nan 1101011001 1100011010 1100110100 1111100100 10000111010 1100100101 1101011000 10001001010 1100111101 1101011111 1011011000 1100000000 1111011100 10000110111 1100110011 1100101000 1100100110 1100010000 21.938 56.603 1000.4 181675 16 8 12 59 51 3 $GNGGA,072835.00,,,,,0,00,99.9,,,,,,*4A
181 07 28 36 Nan Nan Nan 1101011001 1100011000 1100110010 1111101110 10000111011 1100101100 1101100110 10001010000 1100111110 1101011111 1011011001 1100000010 1111100010 10000110101 1100111001 1100101011 1100101001 1100010000 21.938 56.611 1000.4 182834 16 7 10 58 52 4 $GNGGA,072836.00,,,,,0,00,99.9,,,,,,*49
182 07 28 37 Nan Nan Nan 1101011001 1100011000 1100110001 1111101111 10000111011 1100101100 1101100010 10001001101 1100111101 1101011111 1011011010 1100000000 1111100101 10000111001 1100110000 1100100100 1100101000 1100010001 21.938 56.611 1000.4 183672 16 7 12 59 51 3 $GNGGA,072837.00,,,,,0,00,99.9,,,,,,*48
183 07 28 38 Nan Nan Nan 1101011001 1100011001 1100110000 1111101111 10000111100 1100101000 1101011111 10001001110 1100111001 1101011111 1011010111 1011111110 1111011110 10000110111 1100110010 1100100010 1100101110 1100010101 21.938 56.611 1000.4 184672 16 7 11 59 52 3 $GNGGA,072838.00,,,,,0,00,99.9,,,,,,*47
184 07 28 39 Nan Nan Nan 1101011001 1100011000 1100110001 1111110000 10000111100 1100100101 1101011111 10001011000 1100111111 1101011110 1011010111 1011111111 1111011111 10000111000 1100110010 1100100110 1100101010 1100001001 21.938 56.595 1000.4 185670 17 7 11 59 51 3 $GNGGA,072839.00,,,,,0,00,99.9,,,,,,*46
185 07 28 40 Nan Nan Nan 1101011001 1100011001 1100110001 1111110101 10000111111 1100101110 1101100111 10001010100 1101000000 1101011111 1011011000 1011111101 1111100010 10000110111 1100111100 1100101011 1100100111 1100001100 21.938 56.588 1000.4 186670 16 8 11 59 51 4 $GNGGA,072840.00,,,,,0,00,99.9,,,,,,*48
186 07 28 41 Nan Nan Nan 1101011001 1100011000 1100101111 1111101010 10000111110 1100100111 1101100010 10001011010 1101001110 1101011111 1011010110 1011111101 1111101011 10000111001 1100110101 1100101100 1100100111 1100001011 21.938 56.580 1000.4 187669 17 7 11 60 50 4 $GNGGA,072841.00,,,,,0,00,99.9,,,,,,*49
187 07 28 42 Nan Nan Nan 1101011001 1100011010 1100110011 1111101110 10000111010 1100101011 1101100011 10001010001 1101000000 1101011111 1011011101 1100000010 1111011111 10000110111 1100110101 1100101000 1100100010 1100001000 21.938 56.572 1000.4 188829 17 7 11 60 51 3 $GNGGA,072842.00,,,,,0,00,99.9,,,,,,*4A
188 07 28 43 Nan Nan Nan 1101011001 1100011000 1100101111 1111101110 10000111100 1100100101 1101100000 10001010000 1101000101 1101011111 1011011001 1100000001 1111100101 10000111001 1100110011 1100100111 1100101000 1100010001 21.938 56.572 1000.4 189666 17 7 10 58 52 4 $GNGGA,072843.00,,,,,0,00,99.9,,,,,,*4B
189 07 28 44 Nan Nan Nan 1101011001 1100011001 1100110010 1111101111 10001000000 1100101010 1101011111 10001010001 1100111110 1101011111 1011011011 1100000000 1111100100 10000110110 1100110000 1100100110 1100110001 1100010110 21.938 56.565 1000.4 190665 18 7 10 58 51 4 $GNGGA,072844.00,,,,,0,00,99.9,,,,,,*4C
190 07 28 45 Nan Nan Nan 1101011001 1100011010 1100101111 1111110010 10000111011 1100100111 1101100001 10001001110 1100111010 1101011111 1011011001 1011111110 1111100010 10000110111 1100110000 1100011111 1100101010 1100010000 21.938 56.588 1000.4 191665 16 8 11 59 52 3 $GNGGA,072845.00,,,,,0,00,99.9,,,,,,*4D
191 07 28 46 Nan Nan Nan 1101011001 1100010110 1100110000 1111101010 10000111101 1100101100 1101100011 10001001111 1100101101 1101011111 1011011001 1011111110 1111100100 10000111001 1100110111 1100101010 1100101011 1100010111 21.938 56.580 1000.4 192663 17 7 10 59 51 4 $GNGGA,072846.00,,,,,0,00,99.9,,,,,,*4E
192 07 28 47 Nan Nan Nan 1101011001 1100011000 1100110000 1111101011 10000111001 1100101100 1101100000 10001010010 1100111110 1101011111 1011011000 1100000000 1111101001 10000111001 1100101111 1100100001 1100101000 1100001111 21.938 56.580 1000.4 193662 16 7 12 59 51 3 $GNGGA,072847.00,,,,,0,00,99.9,,,,,,*4F
193 07 28 48 Nan Nan Nan 1101011001 1100011010 1100110011 1111101101 10000111011 1100100110 1101011011 10001010110 1100111001 1101011111 1011011011 1100000000 1111101001 10000111000 1100110010 1100101000 1100101111 1100011100 21.938 56.565 1000.4 194823 17 7 10 58 52 4 $GNGGA,072848.00,,,,,0,00,99.9,,,,,,*40
194 07 28 49 Nan Nan Nan 1101011001 1100011001 1100110001 1111101101 10000111011 1100101100 1101101000 10001011100 1100111100 1101011110 1011011000 1011111110 1111101001 10000111000 1100110001 1100100110 1100110101 1100011001 21.938 56.572 1000.4 195660 17 7 11 59 51 3 $GNGGA,072849.00,,,,,0,00,99.9,,,,,,*41
195 07 28 50 Nan Nan Nan 1101011001 1100011001 1100110000 1111110001 10000111101 1100101010 1101100010 10001001011 1100111011 1101011111 1011011000 1011111111 1111101001 10000111000 1100110100 1100101000 1100110111 1100011101 21.938 56.611 1000.4 196659 16 7 11 58 52 3 $GNGGA,072850.00,,,,,0,00,99.9,,,,,,*49
196 07 28 51 Nan Nan Nan 1101011001 1100010111 1100110001 1111101101 10000111110 1100101010 1101100000 10001001101 1100110011 1101011111 1011011010 1011111110 1111101010 10000111010 1100110101 1100101100 1100101110 1100010001 21.938 56.626 1000.4 197658 17 7 11 59 51 3 $GNGGA,072851.00,,,,,0,00,99.9,,,,,,*48
197 07 28 52 Nan Nan Nan 1101011001 1100010111 1100101111 1111110011 10000111101 1100100010 1101011100 10001010010 1100111100 1101011110 1011011100 1100000000 1111101000 10000111010 1100110001 1100100011 1100100110 1100001110 21.938 56.626 1000.4 198658 16 8 12 59 50 4 $GNGGA,072852.00,,,,,0,00,99.9,,,,,,*4B
198 07 28 53 Nan Nan Nan 1101011001 1100011001 1100110000 1111101101 10000111001 1100011101 1101010010 10001001011 1100110101 1101011111 1011011011 1100000000 1111100110 10000111010 1100101111 1100100000 1100110000 1100011000 21.938 56.634 1000.4 199656 17 7 11 60 51 3 $GNGGA,072853.00,,,,,0,00,99.9,,,,,,*4A
199 07 28 54 Nan Nan Nan 1101011001 1100011001 1100110001 1111101100 10000111101 1100100110 1101011010 10001001101 1100111001 1101011111 1011011010 1011111111 1111101001 10000111000 1100110011 1100100101 1100101100 1100010100 21.938 56.634 1000.4 200806 18 6 10 60 50 4 $GNGGA,072854.00,,,,,0,00,99.9,,,,,,*4D
200 07 28 55 Nan Nan Nan 1101011001 1100011010 1100110011 1111110011 10000111110 1100100111 1101011101 10001001000 1100110101 1101011111 1011011101 1100000001 1111101101 10000111001 1100110101 1100100111 1100100011 1100001011 21.938 56.634 1000.4 201656 16 7 11 59 51 4 $GNGGA,072855.00,,,,,0,00,99.9,,,,,,*4C
201 07 28 56 Nan Nan Nan 1101011001 1100011001 1100110011 1111101110 10000111110 1100100011 1101011010 10001010001 1100110001 1101011111 1011011011 1100000010 1111101110 10000111001 1100110010 1100101000 1100101000 1100010000 21.938 56.641 1000.4 202655 17 7 11 59 51 3 $GNGGA,072856.00,,,,,0,00,99.9,,,,,,*4F
202 07 28 57 Nan Nan Nan 1101011001 1100011001 1100110010 1111110000 10000111100 1100101100 1101100110 10001001110 1100110010 1101011111 1011011010 1100000000 1111101100 10000111001 1100110101 1100101000 1100100011 1100000101 21.938 56.649 1000.4 203654 16 8 11 59 52 3 $GNGGA,072857.00,,,,,0,00,99.9,,,,,,*4E
203 07 28 58 Nan Nan Nan 1101011001 1100011010 1100110011 1111110101 10000111110 1100101000 1101011101 10001011000 1100111000 1101011111 1011011101 1100000000 1111101111 10000110110 1100110010 1100101000 1100100110 1100000111 21.938 56.649 1000.4 204652 18 7 10 59 51 4 $GNGGA,072858.00,,,,,0,00,99.9,,,,,,*41
204 07 28 59 Nan Nan Nan 1101011001 1100011001 1100110010 1111111100 10001000001 1100100110 1101011111 10001001110 1100111111 1101011111 1011011101 1100000010 1111100010 10000110110 1100110010 1100100100 1100100110 1100000110 21.938 56.641 1000.4 205651 16 7 12 59 51 3 $GNGGA,072859.00,,,,,0,00,99.9,,,,,,*40
205 07 29 00 Nan Nan Nan 1101011001 1100010110 1100110000 1111101101 10000111011 1100101100 1101100001 10001011010 1100111100 1101011111 1011011100 1011111111 1111101110 10000111001 1100110000 1100100011 1100100101 1100001110 21.938 56.641 1000.4 206811 16 8 11 59 51 4 $GNGGA,072900.00,,,,,0,00,99.9,,,,,,*4D
206 07 29 01 Nan Nan Nan 1101011001 1100011001 1100110001 1111110001 10000111110 1100100100 1101011010 10001010000 1100111110 1101011111 1011011011 1100000001 1111101000 10000110111 1100110001 1100100111 1100101001 1100001000 21.938 56.641 1000.4 207649 17 7 11 59 50 4 $GNGGA,072901.00,,,,,0,00,99.9,,,,,,*4C
207 07 29 02 Nan Nan Nan 1101011001 1100011010 1100110100 1111101111 10000111001 1100011100 1101011001 10001010111 1101000001 1101011111 1011011000 1100000001 1111100101 10000111001 1100110110 1100101010 1100101000 1100001000 21.938 56.634 1000.4 208649 16 7 11 59 51 4 $GNGGA,072902.00,,,,,0,00,99.9,,,,,,*4F
208 07 29 03 Nan Nan Nan 1101011001 1100011001 1100110001 1111100110 10000111000 1100100101 1101100010 10001010001 1100111000 1101011111 1011011000 1011111111 1111100011 10000110111 1100101100 1100100101 1100101100 1100001011 21.938 56.634 1000.4 209647 17 7 10 59 51 4 $GNGGA,072903.00,,,,,0,00,99.9,,,,,,*4E
209 07 29 04 Nan Nan Nan 1101011001 1100011000 1100110000 1111110001 10000111100 1100100001 1101011001 10001010100 1100111100 1101011111 1011011100 1011111111 1111101001 10000111001 1100110101 1100100011 1100110010 1100001110 21.938 56.618 1000.4 210647 16 8 12 59 51 3 $GNGGA,072904.00,,,,,0,00,99.9,,,,,,*49
210 07 29 05 Nan Nan Nan 1101011001 1100011010 1100110011 1111110001 10000111111 1100101000 1101100000 10001010111 1100111011 1101011111 1011011010 1100000000 1111100101 10000111010 1100110110 1100101010 1100110110 1100001001 22.000 56.611 1000.4 211645 18 6 10 60 50 4 $GNGGA,072905.00,,,,,0,00,99.9,,,,,,*48
211 07 29 06 Nan Nan Nan 1101011001 1100010110 1100101111 1111110001 10000111011 1100100101 1101011010 10001010010 1101000011 1101011110 1011011001 1011111111 1111100111 10000111001 1100111001 1100101111 1100101100 1100001110 21.938 56.618 1000.4 212805 17 7 11 60 51 3 $GNGGA,072906.00,,,,,0,00,99.9,,,,,,*4B
212 07 29 07 Nan Nan Nan 1101011001 1100011000 1100101111 1111101111 10000111011 1100101001 1101011111 10001001101 1100111001 1101011111 1011011011 1100000010 1111100110 10000111010 1100111000 1100101100 1100100111 1100001100 21.938 56.611 1000.4 213644 16 7 11 59 52 3 $GNGGA,072907.00,,,,,0,00,99.9,,,,,,*4A
213 07 29 08 Nan Nan Nan 1101011001 1100011001 1100110000 1111100110 10000111000 1100100110 1101100100 10001010001 1100111101 1101011111 1011011100 1100000000 1111101100 10000111010 1100110110 1100100100 1100100111 1100000110 21.938 56.565 1000.4 214642 17 7 10 59 51 4 $GNGGA,072908.00,,,,,0,00,99.9,,,,,,*45
214 07 29 09 Nan Nan Nan 1101011001 1100011010 1100110010 1111101110 10000111110 1100101000 1101011101 10001010111 1100111101 1101011111 1011011010 1100000010 1111100000 10000110110 1100110101 1100100101 1100101111 1100010011 21.938 56.580 1000.4 215642 17 8 10 59 50 5 $GNGGA,072909.00,,,,,0,00,99.9,,,,,,*44
