id HH MM SS longitude latitude altitude adc_1_ch0 adc_1_ch1 adc_1_ch2 adc_1_ch3 adc_1_ch4 adc_1_ch5 adc_1_ch6 adc_1_ch7 adc_1_ch8 adc_2_ch0 adc_2_ch1 adc_2_ch2 adc_2_ch3 adc_2_ch4 adc_2_ch5 adc_2_ch6 adc_2_ch7 adc_2_ch8 temp hum pres t_prog t_gps t_split t_adc t_temp t_hum t_pres trame_gga
1 07 29 13 Nan Nan Nan 1101011001 1100011010 1100110000 1111110010 10000111000 1100101001 1101100001 10001001100 1100110111 1101011111 1011010111 1011111111 1111101001 10000111010 1100110000 1100100011 1100101111 1100010011 21.938 56.588 795.83 2647 16 8 12 58 51 3 $GNGGA,072913.00,,,,,0,00,99.9,,,,,,*4F
2 07 29 14 Nan Nan Nan 1101011001 1100011000 1100110001 1111110000 10000111110 1100011110 1101010111 10001010011 1100111100 1101011111 1011011010 1011111110 1111101011 10000111001 1100101111 1100100011 1100101111 1100010001 21.938 56.626 1000.4 3646 17 7 11 60 51 3 $GNGGA,072914.00,,,,,0,00,99.9,,,,,,*48
3 07 29 15 Nan Nan Nan 1101011001 1100011011 1100110001 1111101111 10000111011 1100100011 1101011011 10001011000 1100111111 1101011111 1011011001 1011111111 1111101101 10000111010 1100110000 1100100011 1100100111 1100010000 22.000 56.641 1000.4 4644 17 7 11 58 51 4 $GNGGA,072915.00,,,,,0,00,99.9,,,,,,*49
4 07 29 16 Nan Nan Nan 1101011001 1100011011 1100110010 1111111000 10000111100 1100100111 1101101000 10001010010 1100111101 1101011110 1011011010 1011111111 1111101000 10000111000 1100111011 1100101010 1100101001 1100010001 21.938 56.603 1000.4 5644 16 7 11 59 52 3 $GNGGA,072916.00,,,,,0,00,99.9,,,,,,*4A
5 07 29 17 Nan Nan Nan 1101011001 1100011011 1100110011 1111101111 10000111011 1100101011 1101100000 10001001100 1100110011 1101011111 1011010111 1011111111 1111100000 10000110110 1100110000 1100100110 1100100011 1100000101 21.938 56.580 1000.4 6642 17 7 11 60 50 4 $GNGGA,072917.00,,,,,0,00,99.9,,,,,,*4B
6 07 29 18 Nan Nan Nan 1101011001 1100011001 1100110001 1111101011 10000111001 1100101101 1101100010 10001010100 1100110101 1101011111 1011011001 1100000000 1111100111 10000111001 1100110001 1100101011 1100101001 1100001001 22.000 56.572 1000.4 7802 16 7 12 59 50 4 $GNGGA,072918.00,,,,,0,00,99.9,,,,,,*44
7 07 29 19 Nan Nan Nan 1101011001 1100011001 1100110001 1111101011 10000111010 1100100101 1101011011 10001010100 1100111000 1101011111 1011010111 1011111101 1111100001 10000110110 1100110101 1100101001 1100101000 1100001100 22.000 56.618 1000.4 8640 18 7 10 59 51 4 $GNGGA,072919.00,,,,,0,00,99.9,,,,,,*45
8 07 29 20 Nan Nan Nan 1101011001 1100011001 1100110101 1111101111 10000111011 1100100001 1101011001 10001011100 1100111011 1101011111 1011011010 1100000000 1111101001 10000111010 1100110111 1100100110 1100100110 1100001101 22.000 56.634 1000.4 9639 17 7 11 58 51 4 $GNGGA,072920.00,,,,,0,00,99.9,,,,,,*4F
9 07 29 21 Nan Nan Nan 1101011001 1100010111 1100101110 1111110001 10000111010 1100100110 1101100001 10001011010 1100111100 1101011111 1011011110 1100000000 1111101000 10000111000 1100110001 1100100011 1100101100 1100010010 22.000 56.656 1000.4 10638 16 7 11 59 51 4 $GNGGA,072921.00,,,,,0,00,99.9,,,,,,*4E
10 07 29 22 Nan Nan Nan 1101011001 1100011000 1100110011 1111101111 10000111101 1100100010 1101011110 10001010111 1101000000 1101011111 1011011011 1100000000 1111101001 10000111001 1100111000 1100101100 1100110011 1100010111 22.000 56.618 1000.4 11637 17 7 11 59 50 4 $GNGGA,072922.00,,,,,0,00,99.9,,,,,,*4D
11 07 29 23 Nan Nan Nan 1101011001 1100011001 1100110011 1111101110 10000111100 1100100100 1101010111 10001010000 1100110101 1101011111 1011011000 1011111111 1111100110 10000110111 1100110110 1100100111 1100110001 1100011000 22.000 56.557 1000.4 12636 16 8 11 59 52 3 $GNGGA,072923.00,,,,,0,00,99.9,,,,,,*4C
12 07 29 24 Nan Nan Nan 1101011001 1100011001 1100110001 1111110000 10000111011 1100100100 1101011101 10001010110 1100111010 1101011111 1011011001 1100000010 1111100001 10000110111 1100110011 1100101000 1100101011 1100010010 21.938 56.458 1000.4 13796 17 7 10 59 51 4 $GNGGA,072924.00,,,,,0,00,99.9,,,,,,*4B
13 07 29 25 Nan Nan Nan 1101011001 1100011010 1100110010 1111110100 10000111100 1100100101 1101011110 10001010101 1100111001 1101011111 1011011011 1011111111 1111100110 10000110111 1100110101 1100100101 1100101011 1100010010 22.000 56.435 1000.4 14635 16 8 11 58 51 4 $GNGGA,072925.00,,,,,0,00,99.9,,,,,,*4A
14 07 29 26 Nan Nan Nan 1101011001 1100011010 1100110010 1111110110 10000111011 1100100110 1101011011 10001001111 1100110101 1101011111 1011010110 1011111101 1111101010 10000111011 1100110110 1100100110 1100101001 1100001001 22.000 56.428 1000.4 15634 17 7 11 60 51 3 $GNGGA,072926.00,,,,,0,00,99.9,,,,,,*49
15 07 29 27 Nan Nan Nan 1101011001 1100011011 1100110100 1111110010 10000111010 1100101000 1101100001 10001001110 1100110110 1101011111 1011011011 1100000001 1111101011 10000111000 1100101111 1100100000 1100101010 1100001101 21.938 56.412 1000.4 16632 17 7 11 58 51 4 $GNGGA,072927.00,,,,,0,00,99.9,,,,,,*48
