id HH MM SS longitude latitude altitude adc_1_ch0 adc_1_ch1 adc_1_ch2 adc_1_ch3 adc_1_ch4 adc_1_ch5 adc_1_ch6 adc_1_ch7 adc_1_ch8 adc_2_ch0 adc_2_ch1 adc_2_ch2 adc_2_ch3 adc_2_ch4 adc_2_ch5 adc_2_ch6 adc_2_ch7 adc_2_ch8 temp hum pres t_prog t_gps t_split t_adc t_temp t_hum t_pres trame_gga
1 07 29 31 Nan Nan Nan 1101011001 1100011001 1100110010 1111110100 10000111100 1100101010 1101011100 10001001001 1100111000 1101011111 1011011101 1100000010 1111100111 10000111001 1100110001 1100100000 1100100011 1100010110 21.938 56.435 795.83 2241 17 7 11 60 51 3 $GNGGA,072931.00,,,,,0,00,99.9,,,,,,*4F
2 07 29 32 Nan Nan Nan 1101011001 1100011001 1100110001 1111110111 10001000000 1100101000 1101011110 10001010001 1100111101 1101011111 1011010110 1011111110 1111101000 10000111010 1100110101 1100100101 1100100100 1100010100 22.000 56.458 1000.4 3239 17 6 11 59 50 4 $GNGGA,072932.00,,,,,0,00,99.9,,,,,,*4C
3 07 29 33 Nan Nan Nan 1101011001 1100011001 1100110001 1111111001 10001000010 1100100100 1101011100 10001010011 1101001010 1101011110 1011010101 1011111111 1111100100 10000110111 1100110100 1100100001 1100101100 1100010000 21.938 56.481 1000.4 4239 16 7 11 60 51 3 $GNGGA,072933.00,,,,,0,00,99.9,,,,,,*4D
4 07 29 34 Nan Nan Nan 1101011001 1100011000 1100110010 1111101111 10000111100 1100100100 1101100000 10001010111 1101000100 1101011111 1011011010 1100000010 1111100000 10000111001 1100110111 1100101010 1100101101 1100010111 21.938 56.489 1000.4 5238 17 7 11 59 51 3 $GNGGA,072934.00,,,,,0,00,99.9,,,,,,*4A
5 07 29 35 Nan Nan Nan 1101011001 1100011011 1100110010 1111110001 10000111100 1100100110 1101011101 10001011011 1100111100 1101011111 1011010111 1100000001 1111101011 10000111010 1100110000 1100100100 1100101100 1100001111 22.000 56.481 1000.4 6237 17 6 10 59 51 4 $GNGGA,072935.00,,,,,0,00,99.9,,,,,,*4B
6 07 29 36 Nan Nan Nan 1101011001 1100011001 1100110011 1111110000 10000111010 1100100101 1101011011 10001010000 1100111101 1101011111 1011011000 1100000010 1111011111 10000111000 1100110001 1100100101 1100101010 1100010110 22.000 56.336 1000.4 7397 16 7 11 60 50 4 $GNGGA,072936.00,,,,,0,00,99.9,,,,,,*48
7 07 29 37 Nan Nan Nan 1101011001 1100011001 1100110001 1111101010 10000111000 1100100111 1101100000 10001001111 1100110110 1101011111 1011010100 1011111111 1111100011 10000110111 1100110111 1100101001 1100110010 1100011000 22.000 56.305 1000.4 8236 16 8 12 59 51 3 $GNGGA,072937.00,,,,,0,00,99.9,,,,,,*49
8 07 29 38 Nan Nan Nan 1101011001 1100011001 1100110010 1111110010 10000111101 1100101001 1101100100 10001010000 1100110111 1101011111 1011010110 1100000000 1111101000 10000111000 1100110000 1100100011 1100110101 1100010000 22.000 56.252 1000.4 9234 18 6 10 60 50 4 $GNGGA,072938.00,,,,,0,00,99.9,,,,,,*46
9 07 29 39 Nan Nan Nan 1101011001 1100010111 1100110001 1111101111 10000111100 1100101010 1101011111 10001001011 1100110000 1101011111 1011010010 1011111101 1111100010 10000110111 1100110000 1100100000 1100101010 1100001101 22.000 56.428 1000.4 10233 16 7 12 59 51 3 $GNGGA,072939.00,,,,,0,00,99.9,,,,,,*47
10 07 29 40 Nan Nan Nan 1101011001 1100011001 1100101111 1111110000 10001000000 1100011101 1101011011 10001011010 1101000101 1101011111 1011011110 1100000001 1111100100 10000111001 1100110001 1100100101 1100101010 1100001111 22.000 56.534 1000.4 11232 17 6 10 58 52 4 $GNGGA,072940.00,,,,,0,00,99.9,,,,,,*49
11 07 29 41 Nan Nan Nan 1101011001 1100011100 1100110100 1111101110 10000111101 1100100100 1101011010 10001001111 1101000010 1101011111 1011011000 1011111111 1111100110 10000111001 1100110010 1100100110 1100101110 1100010010 21.938 56.580 1000.4 12231 17 7 11 60 51 3 $GNGGA,072941.00,,,,,0,00,99.9,,,,,,*48
12 07 29 42 Nan Nan Nan 1101011001 1100011011 1100110010 1111101101 10000111000 1100101000 1101100100 10001010001 1100111111 1101011111 1011010111 1100000001 1111011100 10000110111 1100101110 1100100101 1100100110 1100001110 21.938 56.603 1000.4 13390 17 6 11 59 50 4 $GNGGA,072942.00,,,,,0,00,99.9,,,,,,*4B
13 07 29 43 Nan Nan Nan 1101011001 1100011000 1100110000 1111110000 10000111100 1100101010 1101100000 10001001100 1100111101 1101011111 1011010111 1011111110 1111100000 10000111000 1100110000 1100100010 1100100110 1100010011 21.938 56.580 1000.4 14229 17 7 10 59 51 4 $GNGGA,072943.00,,,,,0,00,99.9,,,,,,*4A
14 07 29 44 Nan Nan Nan 1101011001 1100011001 1100110010 1111110000 10000111101 1100100111 1101011100 10001010011 1101000000 1101011111 1011010101 1011111111 1111100111 10000111010 1100110001 1100100010 1100100011 1100010000 22.000 56.565 1000.4 15228 16 7 12 59 51 3 $GNGGA,072944.00,,,,,0,00,99.9,,,,,,*4D
15 07 29 45 Nan Nan Nan 1101011001 1100011100 1100110001 1111101000 10000111010 1100101001 1101100000 10001001111 1101000000 1101011111 1011010111 1011111111 1111011111 10000110111 1100110010 1100100101 1100101001 1100001010 22.000 56.656 1000.4 16228 17 7 10 59 51 4 $GNGGA,072945.00,,,,,0,00,99.9,,,,,,*4C
16 07 29 46 Nan Nan Nan 1101011001 1100011011 1100110001 1111101100 10000111100 1100100100 1101011110 10001001010 1100111100 1101011111 1011010110 1011111011 1111100010 10000111000 1100111100 1100101100 1100100100 1100001100 22.000 56.664 1000.4 17226 17 7 10 58 51 4 $GNGGA,072946.00,,,,,0,00,99.9,,,,,,*4F
17 07 29 47 Nan Nan Nan 1101011001 1100011000 1100110000 1111110010 10000111111 1100100101 1101011001 10001001011 1100110101 1101011111 1011011010 1100000010 1111011110 10000111011 1100101111 1100100011 1100101000 1100001101 22.000 56.626 1000.4 18226 16 7 11 59 52 3 $GNGGA,072947.00,,,,,0,00,99.9,,,,,,*4E
18 07 29 48 Nan Nan Nan 1101011001 1100011001 1100110000 1111101101 10000111100 1100101010 1101100001 10001010000 1100111110 1101011111 1011011010 1100000011 1111011101 10000111000 1100110100 1100101000 1100100111 1100001000 22.000 56.618 1000.4 19385 16 7 11 60 51 3 $GNGGA,072948.00,,,,,0,00,99.9,,,,,,*41
19 07 29 49 Nan Nan Nan 1101011001 1100011001 1100101111 1111101101 10000111001 1100100111 1101011110 10001000111 1100110100 1101011111 1011011000 1011111111 1111011110 10000111000 1100110001 1100100100 1100100011 1100000111 22.000 56.626 1000.4 20224 17 8 11 58 51 4 $GNGGA,072949.00,,,,,0,00,99.9,,,,,,*40
20 07 29 50 Nan Nan Nan 1101011001 1100011101 1100110010 1111110001 10000111010 1100100110 1101100011 10001001010 1100111010 1101011111 1011010111 1100000001 1111100101 10000111010 1100110001 1100100101 1100100101 1100001001 21.938 56.672 1000.4 21223 17 7 11 60 51 3 $GNGGA,072950.00,,,,,0,00,99.9,,,,,,*48
21 07 29 51 Nan Nan Nan 1101011001 1100011000 1100101111 1111101010 10000111001 1100100100 1101011010 10001000110 1100111001 1101011111 1011011000 1011111101 1111100010 10000111000 1100110001 1100101000 1100100010 1100001100 22.000 56.695 1000.4 22221 17 6 11 58 51 4 $GNGGA,072951.00,,,,,0,00,99.9,,,,,,*49
22 07 29 52 Nan Nan Nan 1101011001 1100011001 1100110000 1111110000 10000111101 1100100000 1101011010 10001000001 1100101101 1101011111 1011010011 1011111101 1111100011 10000111001 1100110010 1100100101 1100011111 1100000110 21.938 56.672 1000.4 23221 16 7 11 59 51 4 $GNGGA,072952.00,,,,,0,00,99.9,,,,,,*4A
23 07 29 53 Nan Nan Nan 1101011001 1100010110 1100101111 1111110000 10000111100 1100100110 1101101001 10001000011 1100110001 1101011111 1011010110 1011111110 1111011101 10000110110 1100110110 1100100111 1100100101 1100001011 22.000 56.672 1000.4 24220 17 7 11 60 50 4 $GNGGA,072953.00,,,,,0,00,99.9,,,,,,*4B
24 07 29 54 Nan Nan Nan 1101011001 1100011000 1100110000 1111101110 10000111100 1100100010 1101011100 10000111101 1100111001 1101011111 1011011001 1011111111 1111100101 10000110111 1100110000 1100100010 1100100111 1100001101 22.000 56.588 1000.4 25379 16 7 12 59 51 3 $GNGGA,072954.00,,,,,0,00,99.9,,,,,,*4C
25 07 29 55 Nan Nan Nan 1101011001 1100011001 1100110001 1111101001 10000111010 1100100011 1101011010 10001000000 1100111010 1101011111 1011011100 1100000010 1111011111 10000110111 1100101111 1100100100 1100100111 1100001000 22.000 56.511 1000.4 26219 18 7 10 60 50 4 $GNGGA,072955.00,,,,,0,00,99.9,,,,,,*4D
26 07 29 56 Nan Nan Nan 1101011001 1100010101 1100101111 1111101100 10000110110 1100101010 1101100101 10001000001 1100110110 1101011111 1011010110 1011111111 1111100011 10000110111 1100110010 1100100111 1100100100 1100000000 22.000 56.458 1000.4 27216 16 7 12 58 51 3 $GNGGA,072956.00,,,,,0,00,99.9,,,,,,*4E
27 07 29 57 Nan Nan Nan 1101011001 1100011000 1100101110 1111110001 10000111101 1100100110 1101100011 10001001001 1100111100 1101011111 1011011001 1011111111 1111101001 10000111000 1100110111 1100100101 1100101100 1100010110 22.000 56.428 1000.4 28216 16 7 11 59 52 3 $GNGGA,072957.00,,,,,0,00,99.9,,,,,,*4F
28 07 29 58 Nan Nan Nan 1101011001 1100011100 1100110010 1111110000 10000111101 1100101010 1101011111 10001000001 1100111101 1101011111 1011010101 1011111110 1111101001 10000111011 1100110000 1100100001 1100101010 1100010010 22.000 56.405 1000.4 29214 18 6 10 59 50 4 $GNGGA,072958.00,,,,,0,00,99.9,,,,,,*40
29 07 29 59 Nan Nan Nan 1101011001 1100011001 1100110001 1111110100 10000111111 1100100100 1101011011 10001000000 1101000001 1101011110 1011010110 1100000000 1111101011 10000111011 1100110100 1100100101 1100101100 1100010011 22.000 56.412 1000.4 30214 16 8 11 59 52 3 $GNGGA,072959.00,,,,,0,00,99.9,,,,,,*41
30 07 30 00 Nan Nan Nan 1101011001 1100011100 1100110011 1111110001 10000111101 1100100000 1101011010 10001000011 1100110101 1101011111 1011011001 1011111100 1111100110 10000110111 1100110110 1100101000 1100100010 1100001000 22.000 56.443 1000.4 31373 16 7 11 58 52 3 $GNGGA,073000.00,,,,,0,00,99.9,,,,,,*45
31 07 30 01 Nan Nan Nan 1101011001 1100010110 1100101101 1111101100 10000111100 1100100111 1101011101 10001001001 1100111010 1101011111 1011011001 1100000001 1111100101 10000111000 1100110100 1100100101 1100100111 1100001110 22.000 56.435 1000.4 32211 17 7 11 58 51 4 $GNGGA,073001.00,,,,,0,00,99.9,,,,,,*44
32 07 30 02 Nan Nan Nan 1101011001 1100011001 1100101111 1111110100 10000111101 1100100100 1101011101 10001000000 1100110010 1101011111 1011010101 1011111011 1111101001 10000111010 1100110101 1100100110 1100100001 1100010011 22.000 56.420 1000.4 33211 16 7 11 60 50 4 $GNGGA,073002.00,,,,,0,00,99.9,,,,,,*47
33 07 30 03 Nan Nan Nan 1101011001 1100010110 1100110000 1111110000 10000111001 1100101000 1101100011 10000110111 1100101110 1101011111 1011011010 1100000001 1111100101 10000111001 1100111000 1100100100 1100101000 1100001111 22.000 56.405 1000.4 34209 18 6 10 59 50 4 $GNGGA,073003.00,,,,,0,00,99.9,,,,,,*46
34 07 30 04 Nan Nan Nan 1101011001 1100010111 1100110000 1111101111 10000111110 1100101001 1101100000 10000111110 1100110000 1101011111 1011010110 1011111111 1111101000 10000110111 1100101110 1100100000 1100100111 1100010001 21.938 56.359 1000.4 35209 16 7 11 58 52 3 $GNGGA,073004.00,,,,,0,00,99.9,,,,,,*41
35 07 30 05 Nan Nan Nan 1101011001 1100011011 1100110011 1111101111 10000111100 1100100101 1101011100 10001001000 1100110010 1101011111 1011011001 1100000001 1111101010 10000111000 1100110010 1100100111 1100100110 1100010000 22.000 56.344 1000.4 36208 17 7 11 60 50 4 $GNGGA,073005.00,,,,,0,00,99.9,,,,,,*40
36 07 30 06 Nan Nan Nan 1101011001 1100011000 1100101101 1111110011 10000111101 1100100101 1101011100 10001000111 1100111010 1101011111 1011011010 1100000000 1111110001 10000111010 1100111000 1100101101 1100101011 1100010100 22.000 56.336 1000.4 37367 16 7 12 59 51 3 $GNGGA,073006.00,,,,,0,00,99.9,,,,,,*43
37 07 30 07 Nan Nan Nan 1101011001 1100011000 1100110000 1111110110 10000111111 1100100010 1101011101 10001000100 1100110100 1101011111 1011011001 1100000001 1111101110 10000110110 1100110011 1100101000 1100100011 1100001011 22.000 56.336 1000.4 38206 18 7 10 59 51 4 $GNGGA,073007.00,,,,,0,00,99.9,,,,,,*42
38 07 30 08 Nan Nan Nan 1101011001 1100011000 1100110000 1111110100 10000111010 1100101010 1101100001 10000111111 1100110001 1101011111 1011011000 1100000001 1111110001 10000111001 1100110101 1100100111 1100100101 1100010010 22.000 56.359 1000.4 39204 17 6 11 58 51 4 $GNGGA,073008.00,,,,,0,00,99.9,,,,,,*4D
39 07 30 09 Nan Nan Nan 1101011001 1100010110 1100101101 1111101100 10000111011 1100101000 1101011101 10001001000 1101001001 1101011111 1011011000 1100000001 1111100101 10000110110 1100101110 1100100010 1100101110 1100010010 22.000 56.450 1000.4 40204 16 7 11 58 52 3 $GNGGA,073009.00,,,,,0,00,99.9,,,,,,*4C
40 07 30 10 Nan Nan Nan 1101011001 1100010110 1100110000 1111110000 10001000000 1100100100 1101011100 10001000101 1100111111 1101011111 1011011100 1100000010 1111101011 10000111001 1100110100 1100101000 1100100010 1100001001 22.000 56.489 1000.4 41203 17 7 11 60 50 4 $GNGGA,073010.00,,,,,0,00,99.9,,,,,,*44
41 07 30 11 Nan Nan Nan 1101011001 1100011000 1100110001 1111110000 10000111011 1100101000 1101100001 10001000011 1100110010 1101011111 1011011000 1011111110 1111100100 10000110111 1100110101 1100100100 1100100011 1100001111 22.000 56.504 1000.4 42202 16 8 11 59 51 4 $GNGGA,073011.00,,,,,0,00,99.9,,,,,,*45
42 07 30 12 Nan Nan Nan 1101011001 1100010111 1100110000 1111110100 10000111100 1100100101 1101011110 10001000010 1100110110 1101011111 1011010111 1011111111 1111101000 10000111000 1100110011 1100100100 1100101011 1100010001 22.000 56.473 1000.4 43361 17 6 10 59 51 4 $GNGGA,073012.00,,,,,0,00,99.9,,,,,,*46
43 07 30 13 Nan Nan Nan 1101011001 1100011001 1100110001 1111101100 10000111011 1100100111 1101011110 10001001100 1100111100 1101011111 1011011110 1100000011 1111100111 10000111001 1100110000 1100100011 1100101011 1100000110 22.000 56.443 1000.4 44199 16 7 11 58 51 4 $GNGGA,073013.00,,,,,0,00,99.9,,,,,,*47
44 07 30 14 Nan Nan Nan 1101011001 1100011100 1100110011 1111101110 10000111100 1100100111 1101100001 10001000011 1100111100 1101011111 1011011010 1100000011 1111101010 10000111010 1100111010 1100100111 1100011011 1100000100 22.000 56.443 1000.4 45199 16 7 11 60 50 4 $GNGGA,073014.00,,,,,0,00,99.9,,,,,,*40
45 07 30 15 Nan Nan Nan 1101011001 1100010111 1100110000 1111101110 10000111010 1100100011 1101010111 10000111101 1100110011 1101011110 1011011010 1100000000 1111101101 10000111011 1100110100 1100100101 1100100111 1100001010 22.000 56.428 1000.4 46197 17 7 11 58 51 3 $GNGGA,073015.00,,,,,0,00,99.9,,,,,,*41
46 07 30 16 Nan Nan Nan 1101011001 1100010111 1100110010 1111110010 10000111010 1100101011 1101011111 10001000011 1100110111 1101011111 1011011000 1011111101 1111110001 10000111011 1100110101 1100100111 1100101101 1100010011 22.000 56.435 1000.4 47197 16 7 11 58 52 3 $GNGGA,073016.00,,,,,0,00,99.9,,,,,,*42
47 07 30 17 Nan Nan Nan 1101011001 1100011000 1100110001 1111110101 10000111100 1100100111 1101011100 10001000001 1100111001 1101011111 1011011110 1100000100 1111100011 10000111000 1100110100 1100100110 1100101000 1100001100 22.000 56.428 1000.4 48195 18 6 10 60 50 4 $GNGGA,073017.00,,,,,0,00,99.9,,,,,,*43
48 07 30 18 Nan Nan Nan 1101011001 1100010110 1100110001 1111110100 10000111100 1100100001 1101011001 10001000011 1100110100 1101011111 1011011001 1100000000 1111101011 10000111011 1100110000 1100011110 1100101001 1100010001 22.000 56.428 1000.4 49355 17 7 11 59 51 3 $GNGGA,073018.00,,,,,0,00,99.9,,,,,,*4C
