id HH MM SS longitude latitude altitude adc_1_ch0 adc_1_ch1 adc_1_ch2 adc_1_ch3 adc_1_ch4 adc_1_ch5 adc_1_ch6 adc_1_ch7 adc_1_ch8 adc_2_ch0 adc_2_ch1 adc_2_ch2 adc_2_ch3 adc_2_ch4 adc_2_ch5 adc_2_ch6 adc_2_ch7 adc_2_ch8 temp hum pres t_prog t_gps t_split t_adc t_temp t_hum t_pres trame_gga
1 07 30 22 Nan Nan Nan 1101011001 1100011010 1100110000 1111100101 10000111010 1100100000 1101011110 10001000111 1100111110 1101011111 1011011010 1100000000 1111101000 10000110111 1100110010 1100101001 1100101001 1100000110 22.000 56.489 795.83 2077 18 7 10 60 50 4 $GNGGA,073022.00,,,,,0,00,99.9,,,,,,*45
2 07 30 23 Nan Nan Nan 1101011001 1100011010 1100110010 1111110011 10000111111 1100100010 1101010101 10000111110 1100111111 1101011111 1011011011 1100000011 1111100101 10000111000 1100110011 1100100011 1100100110 1100001110 22.000 56.511 1000.4 3076 16 8 10 58 51 5 $GNGGA,073023.00,,,,,0,00,99.9,,,,,,*44
3 07 30 24 Nan Nan Nan 1101011001 1100011001 1100110001 1111110100 10000111101 1100100110 1101011110 10001001000 1101000100 1101011111 1011011110 1100000011 1111110010 10000111011 1100110101 1100100110 1100100100 1100001010 22.000 56.534 1000.4 4236 16 7 10 58 52 4 $GNGGA,073024.00,,,,,0,00,99.9,,,,,,*43
4 07 30 25 Nan Nan Nan 1101011010 1100011000 1100110010 1111110010 10000111110 1100100010 1101011010 10001000010 1100111011 1101011111 1011011100 1100000011 1111110011 10000111011 1100101011 1100011110 1100100101 1100001100 22.000 56.519 1000.4 5073 17 7 11 58 51 4 $GNGGA,073025.00,,,,,0,00,99.9,,,,,,*42
5 07 30 26 Nan Nan Nan 1101011001 1100011000 1100110000 1111101111 10000111101 1100101001 1101100100 10001000100 1101000010 1101011111 1011011000 1011111111 1111101101 10000111001 1100110000 1100100001 1100101100 1100010101 22.000 56.466 1000.4 6073 16 7 11 60 51 3 $GNGGA,073026.00,,,,,0,00,99.9,,,,,,*41
6 07 30 27 Nan Nan Nan 1101011001 1100010110 1100101101 1111111000 10000111101 1100100011 1101011101 10001000101 1100111110 1101011111 1011010110 1011111111 1111101101 10000111001 1100110100 1100100101 1100100101 1100000101 22.000 56.397 1000.4 7072 17 7 11 59 50 4 $GNGGA,073027.00,,,,,0,00,99.9,,,,,,*40
7 07 30 28 Nan Nan Nan 1101011010 1100011011 1100110100 1111110011 10000111111 1100100001 1101011100 10001001001 1100111011 1101011111 1011011001 1011111111 1111101000 10000110111 1100110011 1100100011 1100101011 1100000101 22.000 56.420 1000.4 8071 16 7 11 59 51 4 $GNGGA,073028.00,,,,,0,00,99.9,,,,,,*4F
8 07 30 29 Nan Nan Nan 1101011001 1100010111 1100110000 1111110101 10000111110 1100100101 1101011010 10001000110 1100110111 1101011111 1011011011 1011111111 1111101001 10000111001 1100101111 1100100010 1100110001 1100011101 22.000 56.435 1000.4 9070 17 7 11 60 51 3 $GNGGA,073029.00,,,,,0,00,99.9,,,,,,*4E
9 07 30 30 Nan Nan Nan 1101011001 1100011001 1100110000 1111110010 10000111110 1100100111 1101100001 10001000011 1100111101 1101011111 1011011010 1100000010 1111101000 10000111000 1100110010 1100100101 1100100101 1100001000 22.000 56.466 1000.4 10230 17 7 11 59 50 4 $GNGGA,073030.00,,,,,0,00,99.9,,,,,,*46
10 07 30 31 Nan Nan Nan 1101011001 1100011000 1100110001 1111110001 10000111101 1100100100 1101100000 10001001000 1100111010 1101011111 1011011100 1100000001 1111110010 10000111001 1100110011 1100100001 1100100011 1100000110 22.000 56.489 1000.4 11068 16 7 11 60 51 3 $GNGGA,073031.00,,,,,0,00,99.9,,,,,,*47
11 07 30 32 Nan Nan Nan 1101011001 1100011000 1100101111 1111110101 10000111011 1100100001 1101011101 10001000001 1100111111 1101011111 1011011011 1100000011 1111101111 10000111000 1100111000 1100101011 1100100010 1100001000 22.000 56.481 1000.4 12066 16 7 12 59 51 3 $GNGGA,073032.00,,,,,0,00,99.9,,,,,,*44
12 07 30 33 Nan Nan Nan 1101011001 1100011001 1100110011 1111110000 10000111110 1100100011 1101011000 10001000000 1100111100 1101011111 1011011000 1100000001 1111110000 10000111011 1100110011 1100100000 1100100101 1100001111 22.000 56.473 1000.4 13066 16 7 11 58 52 3 $GNGGA,073033.00,,,,,0,00,99.9,,,,,,*45
13 07 30 34 Nan Nan Nan 1101011001 1100011001 1100101111 1111101100 10000111101 1100011111 1101011000 10001000000 1100111010 1101011111 1011011010 1100000100 1111101100 10000111000 1100110001 1100100100 1100100000 1100001101 22.000 56.466 1000.4 14065 17 7 11 60 50 4 $GNGGA,073034.00,,,,,0,00,99.9,,,,,,*42
14 07 30 35 Nan Nan Nan 1101011001 1100011000 1100110011 1111111010 10000111111 1100101001 1101100000 10001000010 1100110111 1101011111 1011011000 1011111111 1111100111 10000111001 1100101110 1100100010 1100110001 1100010110 22.000 56.458 1000.4 15064 16 8 12 58 51 3 $GNGGA,073035.00,,,,,0,00,99.9,,,,,,*43
15 07 30 36 Nan Nan Nan 1101011001 1100011010 1100110001 1111110100 10000111101 1100100011 1101011010 10001000000 1100111000 1101011111 1011011001 1100000001 1111101110 10000110111 1100110001 1100100100 1100101110 1100010011 22.000 56.481 1000.4 16224 17 7 10 58 52 4 $GNGGA,073036.00,,,,,0,00,99.9,,,,,,*40
16 07 30 37 Nan Nan Nan 1101011001 1100011000 1100101110 1111110101 10000111101 1100100010 1101011100 10000111110 1100110110 1101011111 1011011011 1100000000 1111101100 10000111000 1100110001 1100100110 1100100110 1100001000 22.000 56.542 1000.4 17061 17 6 11 59 50 4 $GNGGA,073037.00,,,,,0,00,99.9,,,,,,*41
17 07 30 38 Nan Nan Nan 1101011001 1100011010 1100101110 1111101110 10000111101 1100100100 1101011101 10001000010 1100110011 1101011111 1011010111 1011111110 1111101011 10000111010 1100110100 1100100010 1100101011 1100001110 22.000 56.603 1000.4 18061 16 7 11 59 52 3 $GNGGA,073038.00,,,,,0,00,99.9,,,,,,*4E
18 07 30 39 Nan Nan Nan 1101011001 1100011000 1100110000 1111110010 10001000000 1100100101 1101011100 10000111111 1100110000 1101011111 1011011010 1011111111 1111100111 10000110111 1100110111 1100100100 1100101000 1100001001 22.000 56.618 1000.4 19059 17 7 10 58 51 4 $GNGGA,073039.00,,,,,0,00,99.9,,,,,,*4F
19 07 30 40 Nan Nan Nan 1101011001 1100010111 1100101111 1111110110 10001000000 1100100111 1101011100 10001000101 1100111110 1101011111 1011011010 1011111111 1111101010 10000111010 1100110000 1100100001 1100100011 1100001110 22.000 56.626 1000.4 20059 17 7 10 58 51 5 $GNGGA,073040.00,,,,,0,00,99.9,,,,,,*41
20 07 30 41 Nan Nan Nan 1101011001 1100010100 1100101111 1111101111 10000111010 1100100110 1101011101 10001000010 1100110011 1101011111 1011011010 1011111111 1111100011 10000111000 1100110011 1100100010 1100011111 1100001100 22.000 56.649 1000.4 21058 17 7 11 60 50 4 $GNGGA,073041.00,,,,,0,00,99.9,,,,,,*40
21 07 30 42 Nan Nan Nan 1101011001 1100011010 1100110011 1111110110 10000111110 1100100010 1101011011 10000111110 1100101111 1101011111 1011011000 1011111111 1111100100 10000111001 1100101101 1100100011 1100100110 1100010011 22.000 56.634 1000.4 22218 17 7 11 59 51 3 $GNGGA,073042.00,,,,,0,00,99.9,,,,,,*43
22 07 30 43 Nan Nan Nan 1101011001 1100010110 1100110000 1111110010 10000111010 1100100101 1101011011 10000111110 1100110111 1101011111 1011010111 1100000011 1111100111 10000110111 1100101111 1100100011 1100101100 1100001110 22.000 56.603 1000.4 23056 16 7 11 59 51 3 $GNGGA,073043.00,,,,,0,00,99.9,,,,,,*42
23 07 30 44 Nan Nan Nan 1101011001 1100010110 1100110001 1111101111 10000111110 1100100100 1101011010 10001000010 1100111000 1101011111 1011011010 1100000000 1111100110 10000110111 1100110011 1100100101 1100100100 1100001011 22.000 56.557 1000.4 24055 16 7 12 59 50 4 $GNGGA,073044.00,,,,,0,00,99.9,,,,,,*45
24 07 30 45 Nan Nan Nan 1101011001 1100010110 1100101111 1111110011 10000111100 1100100001 1101011101 10001000100 1100111011 1101011111 1011011101 1100000100 1111101011 10000111010 1100110000 1100100000 1100101101 1100010111 22.000 56.527 1000.4 25054 17 7 10 58 52 4 $GNGGA,073045.00,,,,,0,00,99.9,,,,,,*44
25 07 30 46 Nan Nan Nan 1101011001 1100011001 1100110000 1111110000 10000111001 1100101000 1101100000 10000111111 1100110001 1101011111 1011011010 1100000010 1111101011 10000111011 1100101110 1100011111 1100100001 1100001010 21.938 56.504 1000.4 26053 17 7 11 60 51 3 $GNGGA,073046.00,,,,,0,00,99.9,,,,,,*47
26 07 30 47 Nan Nan Nan 1101011001 1100011000 1100101110 1111110001 10001000000 1100100011 1101100001 10000111110 1100111011 1101011111 1011011001 1011111111 1111101110 10000111010 1100110001 1100100110 1100100100 1100000011 22.000 56.496 1000.4 27053 16 8 12 59 50 4 $GNGGA,073047.00,,,,,0,00,99.9,,,,,,*46
27 07 30 48 Nan Nan Nan 1101011001 1100010111 1100110001 1111101010 10000111010 1100011110 1101010100 10001000001 1100111011 1101011111 1011010111 1100000000 1111101000 10000111010 1100110100 1100100110 1100100100 1100000111 22.000 56.489 1000.4 28212 17 6 10 59 51 4 $GNGGA,073048.00,,,,,0,00,99.9,,,,,,*49
28 07 30 49 Nan Nan Nan 1101011001 1100010111 1100101110 1111110011 10000111100 1100101000 1101011111 10001000000 1100110011 1101011111 1011011000 1100000010 1111101001 10000111001 1100110110 1100100111 1100100111 1100001000 22.000 56.489 1000.4 29050 16 7 12 59 50 4 $GNGGA,073049.00,,,,,0,00,99.9,,,,,,*48
29 07 30 50 Nan Nan Nan 1101011001 1100011000 1100110010 1111110011 10000111100 1100100101 1101011110 10001000101 1100110100 1101011111 1011011011 1100000001 1111101001 10000111011 1100101101 1100100011 1100101010 1100010100 22.000 56.504 1000.4 30049 16 7 11 59 52 3 $GNGGA,073050.00,,,,,0,00,99.9,,,,,,*40
30 07 30 51 Nan Nan Nan 1101011001 1100010111 1100110001 1111110011 10000111101 1100101000 1101011110 10001001000 1100111111 1101011111 1011011010 1100000010 1111101010 10000111000 1100110101 1100100111 1100101001 1100010010 22.000 56.511 1000.4 31054 16 7 12 59 51 3 $GNGGA,073051.00,,,,,0,00,99.9,,,,,,*41
31 07 30 52 Nan Nan Nan 1101011001 1100010110 1100110001 1111101111 10000111110 1100100101 1101011001 10001001100 1100110100 1101011111 1011011110 1100000011 1111101100 10000111000 1100110010 1100101010 1100101111 1100011000 22.000 56.527 1000.4 32047 17 8 10 58 51 5 $GNGGA,073052.00,,,,,0,00,99.9,,,,,,*42
32 07 30 53 Nan Nan Nan 1101011001 1100011000 1100110000 1111110101 10000111111 1100011111 1101010010 10001001100 1100111011 1101011111 1011011001 1100000000 1111101011 10000111001 1100110111 1100100111 1100100000 1100000110 21.938 56.534 1000.4 33046 17 7 11 60 51 3 $GNGGA,073053.00,,,,,0,00,99.9,,,,,,*43
33 07 30 54 Nan Nan Nan 1101011001 1100011001 1100110001 1111110010 10000111100 1100100010 1101011001 10001000010 1100110111 1101011111 1011010110 1011111111 1111101010 10000111010 1100110000 1100100100 1100101100 1100001100 22.000 56.534 1000.4 34206 17 7 11 60 51 3 $GNGGA,073054.00,,,,,0,00,99.9,,,,,,*44
34 07 30 55 Nan Nan Nan 1101011001 1100011000 1100110001 1111110000 10000111101 1100100101 1101011110 10001000101 1100110010 1101011111 1011011010 1100000010 1111100011 10000110111 1100101101 1100100010 1100100110 1100001100 21.938 56.557 1000.4 35044 16 7 11 60 51 3 $GNGGA,073055.00,,,,,0,00,99.9,,,,,,*45
35 07 30 56 Nan Nan Nan 1101011001 1100011000 1100101111 1111110010 10000111101 1100101000 1101100001 10001000100 1100111000 1101011111 1011011110 1100000010 1111100110 10000111010 1100110001 1100100100 1100100100 1100000111 22.000 56.611 1000.4 36043 17 7 11 59 51 3 $GNGGA,073056.00,,,,,0,00,99.9,,,,,,*46
36 07 30 57 Nan Nan Nan 1101011001 1100011001 1100110100 1111110010 10000111101 1100100011 1101100000 10001000011 1100110111 1101011111 1011011010 1100000001 1111101001 10000111010 1100110001 1100100000 1100100011 1100001010 22.000 56.634 1000.4 37042 17 6 10 59 51 4 $GNGGA,073057.00,,,,,0,00,99.9,,,,,,*47
37 07 30 58 Nan Nan Nan 1101011001 1100011000 1100110001 1111101100 10000111100 1100100110 1101100000 10000111000 1100101010 1101011111 1011011100 1011111111 1111101110 10000111000 1100110010 1100100111 1100100101 1100001001 21.938 56.641 1000.4 38041 17 7 11 60 51 3 $GNGGA,073058.00,,,,,0,00,99.9,,,,,,*48
38 07 30 59 Nan Nan Nan 1101011001 1100011000 1100110010 1111101101 10000111101 1100100111 1101011110 10001000110 1100110000 1101011111 1011011010 1100000010 1111100101 10000110111 1100101111 1100100000 1100101010 1100010011 22.000 56.634 1000.4 39041 16 8 12 59 50 4 $GNGGA,073059.00,,,,,0,00,99.9,,,,,,*49
39 07 31 00 Nan Nan Nan 1101011001 1100011001 1100110010 1111110101 10000111101 1100100010 1101011110 10001000101 1100110100 1101011111 1011011001 1100000000 1111101000 10000111001 1100110001 1100100110 1100101001 1100001100 21.938 56.611 1000.4 40201 16 7 11 59 52 3 $GNGGA,073100.00,,,,,0,00,99.9,,,,,,*44
40 07 31 01 Nan Nan Nan 1101011001 1100011010 1100110011 1111110111 10000111011 1100100101 1101011110 10001001010 1100111100 1101011111 1011011011 1100000010 1111101011 10000111001 1100110011 1100100101 1100101000 1100010010 22.000 56.595 1000.4 41039 16 7 12 59 51 3 $GNGGA,073101.00,,,,,0,00,99.9,,,,,,*45
41 07 31 02 Nan Nan Nan 1101011001 1100011001 1100110011 1111111000 10000111110 1100011110 1101010001 10001000111 1100111011 1101011111 1011011010 1100000001 1111101001 10000111010 1100101111 1100100001 1100101100 1100010111 22.000 56.588 1000.4 42039 16 7 11 59 51 4 $GNGGA,073102.00,,,,,0,00,99.9,,,,,,*46
42 07 31 03 Nan Nan Nan 1101011010 1100011011 1100110100 1111110110 10000111101 1100101010 1101100100 10001000001 1100110110 1101011111 1011011010 1011111111 1111101100 10000111011 1100110111 1100100110 1100100000 1100001011 22.000 56.580 1000.4 43037 17 7 11 60 51 3 $GNGGA,073103.00,,,,,0,00,99.9,,,,,,*47
43 07 31 04 Nan Nan Nan 1101011001 1100011001 1100110001 1111110110 10000111101 1100100110 1101100000 10001001001 1100111010 1101011111 1011010111 1011111110 1111100101 10000111000 1100110011 1100100111 1100011100 1100001010 22.000 56.580 1000.4 44037 16 8 11 59 50 5 $GNGGA,073104.00,,,,,0,00,99.9,,,,,,*40
44 07 31 05 Nan Nan Nan 1101011001 1100010111 1100101111 1111110100 10000111110 1100100000 1101011000 10001000110 1100110100 1101011111 1011011000 1011111110 1111101010 10000111001 1100110101 1100101000 1100101000 1100010010 22.000 56.572 1000.4 45036 17 7 11 60 50 4 $GNGGA,073105.00,,,,,0,00,99.9,,,,,,*41
45 07 31 06 Nan Nan Nan 1101011001 1100011001 1100110011 1111101101 10000111000 1100100000 1101010111 10001000111 1100110101 1101011111 1011010111 1011111110 1111100000 10000111001 1100110000 1100100000 1100100011 1100010001 22.000 56.542 1000.4 46194 18 6 10 60 50 4 $GNGGA,073106.00,,,,,0,00,99.9,,,,,,*42
46 07 31 07 Nan Nan Nan 1101011001 1100011000 1100110010 1111101110 10000110111 1100100000 1101010111 10001000100 1100101111 1101011111 1011010110 1100000000 1111100010 10000111010 1100110001 1100100100 1100100110 1100010000 22.000 56.534 1000.4 47034 17 7 10 60 50 4 $GNGGA,073107.00,,,,,0,00,99.9,,,,,,*43
47 07 31 08 Nan Nan Nan 1101011001 1100011001 1100110100 1111110011 10000111100 1100100001 1101011010 10001000011 1100110111 1101011111 1011010110 1100000000 1111101000 10000111100 1100110000 1100100101 1100100110 1100001110 22.000 56.580 1000.4 48032 17 7 11 59 51 3 $GNGGA,073108.00,,,,,0,00,99.9,,,,,,*4C
48 07 31 09 Nan Nan Nan 1101011010 1100011010 1100110100 1111110000 10000111101 1100101001 1101100001 10001001000 1100111111 1101011111 1011011010 1100000001 1111011011 10000110110 1100101011 1100100011 1100100100 1100001011 22.000 56.603 1000.4 49032 16 7 11 59 51 4 $GNGGA,073109.00,,,,,0,00,99.9,,,,,,*4D
49 07 31 10 Nan Nan Nan 1101011001 1100010111 1100110000 1111110011 10000111111 1100100100 1101011011 10001000010 1100110001 1101011111 1011011010 1100000010 1111100111 10000111010 1100101111 1100100100 1100100011 1100001000 22.000 56.595 1000.4 50030 18 6 10 60 50 4 $GNGGA,073110.00,,,,,0,00,99.9,,,,,,*45
50 07 31 11 Nan Nan Nan 1101011001 1100011001 1100101111 1111110001 10000111101 1100100010 1101011001 10000111100 1100111000 1101011111 1011011000 1011111111 1111100111 10000111001 1100110010 1100100001 1100100010 1100001010 22.000 56.588 1000.4 51030 16 8 12 59 51 3 $GNGGA,073111.00,,,,,0,00,99.9,,,,,,*44
51 07 31 12 Nan Nan Nan 1101011001 1100011000 1100110010 1111110001 10000111110 1100101000 1101011011 10000111111 1100110110 1101011111 1011011010 1100000000 1111100010 10000110111 1100110001 1100011111 1100101001 1100001111 22.000 56.580 1000.4 52188 17 8 10 58 52 4 $GNGGA,073112.00,,,,,0,00,99.9,,,,,,*47
52 07 31 13 Nan Nan Nan 1101011001 1100011010 1100110010 1111110001 10000111110 1100101010 1101100001 10000111011 1100110011 1101011111 1011011010 1011111111 1111101010 10000111010 1100101111 1100100011 1100100100 1100001111 21.938 56.603 1000.4 53027 16 7 12 59 51 3 $GNGGA,073113.00,,,,,0,00,99.9,,,,,,*46
53 07 31 14 Nan Nan Nan 1101011001 1100010111 1100110001 1111101111 10000111110 1100011010 1101010010 10000111100 1100111001 1101011111 1011010111 1100000000 1111101010 10000111011 1100110100 1100100110 1100100111 1100010011 22.000 56.626 1000.4 54027 16 7 11 59 52 3 $GNGGA,073114.00,,,,,0,00,99.9,,,,,,*41
54 07 31 15 Nan Nan Nan 1101011001 1100011000 1100110011 1111110000 10000111100 1100011111 1101010101 10000111110 1100110010 1101011111 1011011001 1100000010 1111101000 10000110111 1100110100 1100011111 1100101001 1100010000 22.000 56.656 1000.4 55026 17 7 11 60 50 4 $GNGGA,073115.00,,,,,0,00,99.9,,,,,,*40
55 07 31 16 Nan Nan Nan 1101011001 1100010111 1100110000 1111110101 10000111100 1100011110 1101010110 10001000000 1100110100 1101011111 1011011001 1100000000 1111101101 10000111100 1100110001 1100100000 1100101001 1100001100 22.000 56.664 1000.4 56025 16 8 11 59 51 4 $GNGGA,073116.00,,,,,0,00,99.9,,,,,,*43
56 07 31 17 Nan Nan Nan 1101011001 1100011000 1100110011 1111110001 10000111011 1100100100 1101011100 10000111111 1100110011 1101011111 1011010111 1011111111 1111100110 10000111010 1100110011 1100100010 1100100110 1100001010 22.000 56.672 1000.4 57024 17 7 11 60 51 3 $GNGGA,073117.00,,,,,0,00,99.9,,,,,,*42
57 07 31 18 Nan Nan Nan 1101011001 1100011000 1100110001 1111110110 10000111110 1100100001 1101010111 10000111100 1100100111 1101011111 1011011001 1100000001 1111100111 10000110111 1100110001 1100100010 1100011101 1100000011 21.938 56.695 1000.4 58183 17 7 11 60 51 3 $GNGGA,073118.00,,,,,0,00,99.9,,,,,,*4D
58 07 31 19 Nan Nan Nan 1101011001 1100011001 1100110011 1111110100 10000111010 1100011111 1101011001 10000111001 1100100001 1101011111 1011010111 1011111111 1111101110 10000111011 1100110001 1100100011 1100100110 1100001011 21.938 56.710 1000.4 59022 16 7 11 59 51 4 $GNGGA,073119.00,,,,,0,00,99.9,,,,,,*4C
59 07 31 20 Nan Nan Nan 1101011001 1100011000 1100110000 1111110001 10000111011 1100011111 1101011001 10001000000 1100101101 1101011111 1011011011 1100000001 1111101100 10000111011 1100110101 1100100110 1100100110 1100000101 22.000 56.733 1000.4 60020 18 7 10 58 51 4 $GNGGA,073120.00,,,,,0,00,99.9,,,,,,*46
60 07 31 21 Nan Nan Nan 1101011001 1100011001 1100110010 1111110010 10000111101 1100100111 1101100000 10001000000 1100111001 1101011111 1011011011 1100000001 1111101100 10000111001 1100110100 1100100110 1100100100 1100001000 22.000 56.733 1000.4 61020 16 8 11 59 52 3 $GNGGA,073121.00,,,,,0,00,99.9,,,,,,*47
61 07 31 22 Nan Nan Nan 1101011001 1100010111 1100110000 1111110111 10000111100 1100100110 1101011101 10001000010 1100111010 1101011111 1011011100 1100000001 1111101010 10000110111 1100110001 1100101001 1100101001 1100010001 21.938 56.717 1000.4 62019 17 7 11 60 50 4 $GNGGA,073122.00,,,,,0,00,99.9,,,,,,*44
62 07 31 23 Nan Nan Nan 1101011001 1100011001 1100110001 1111110100 10000111101 1100011111 1101010101 10000111111 1100110110 1101011111 1011011001 1100000001 1111101000 10000111000 1100101011 1100011110 1100100100 1100000111 22.000 56.672 1000.4 63017 16 7 11 58 51 4 $GNGGA,073123.00,,,,,0,00,99.9,,,,,,*45
63 07 31 24 Nan Nan Nan 1101011001 1100011000 1100110101 1111110110 10000111010 1100100011 1101011010 10000111100 1100110100 1101011111 1011011011 1100000001 1111101111 10000111011 1100110010 1100100001 1100100010 1100001010 22.000 56.664 1000.4 64177 17 6 10 59 51 4 $GNGGA,073124.00,,,,,0,00,99.9,,,,,,*42
64 07 31 25 Nan Nan Nan 1101011001 1100010110 1100110000 1111101111 10000111111 1100100101 1101011011 10000111100 1100110011 1101011111 1011011000 1100000010 1111101011 10000111000 1100111001 1100100100 1100101100 1100010000 21.938 56.656 1000.4 65016 16 7 12 59 51 3 $GNGGA,073125.00,,,,,0,00,99.9,,,,,,*43
65 07 31 26 Nan Nan Nan 1101011001 1100011001 1100110001 1111101101 10000110110 1100100010 1101011011 10000111110 1100110100 1101011111 1011010101 1011111100 1111101101 10000111011 1100110011 1100100010 1100101000 1100001011 21.938 56.656 1000.4 66015 16 7 11 59 52 3 $GNGGA,073126.00,,,,,0,00,99.9,,,,,,*40
66 07 31 27 Nan Nan Nan 1101011001 1100011001 1100110000 1111101110 10000111010 1100100110 1101011111 10000111010 1100110011 1101011111 1011011100 1100000001 1111100111 10000111001 1100110001 1100100100 1100101000 1100010110 22.000 56.649 1000.4 67014 17 7 11 60 50 4 $GNGGA,073127.00,,,,,0,00,99.9,,,,,,*41
67 07 31 28 Nan Nan Nan 1101011001 1100011001 1100110010 1111110010 10000111101 1100101010 1101100001 10000111110 1100110011 1101011111 1011010111 1011111111 1111100100 10000110111 1100110001 1100100010 1100100110 1100001100 22.000 56.641 1000.4 68013 16 8 12 58 51 3 $GNGGA,073128.00,,,,,0,00,99.9,,,,,,*4E
68 07 31 29 Nan Nan Nan 1101011001 1100010111 1100101111 1111110010 10000111100 1100100100 1101011100 10000111111 1100101011 1101011111 1011010110 1011111111 1111100010 10000111001 1100101101 1100100101 1100011111 1100001100 22.000 56.634 1000.4 69012 17 7 11 60 50 4 $GNGGA,073129.00,,,,,0,00,99.9,,,,,,*4F
69 07 31 30 Nan Nan Nan 1101011001 1100011011 1100110011 1111110110 10001000000 1100100100 1101011110 10000111100 1100110011 1101011111 1011011000 1011111110 1111100111 10000111011 1100110010 1100100110 1100100011 1100001011 21.938 56.595 1000.4 70171 17 7 11 60 51 3 $GNGGA,073130.00,,,,,0,00,99.9,,,,,,*47
70 07 31 31 Nan Nan Nan 1101011001 1100010111 1100101111 1111110101 10000111011 1100011111 1101010110 10000111001 1100101101 1101011111 1011010110 1100000000 1111101000 10000111000 1100101110 1100100111 1100101000 1100010001 21.938 56.534 1000.4 71010 16 7 11 59 52 3 $GNGGA,073131.00,,,,,0,00,99.9,,,,,,*46
71 07 31 32 Nan Nan Nan 1101011001 1100011001 1100110010 1111111010 10000111110 1100101001 1101100010 10001000100 1100110110 1101011111 1011010111 1011111110 1111100011 10000111000 1100101110 1100100010 1100101001 1100010110 22.000 56.481 1000.4 72009 17 7 11 60 50 4 $GNGGA,073132.00,,,,,0,00,99.9,,,,,,*45
72 07 31 33 Nan Nan Nan 1101011001 1100010110 1100110000 1111101101 10000111011 1100100100 1101011101 10001000101 1100110110 1101011111 1011011011 1100000011 1111100110 10000111000 1100101011 1100011110 1100100100 1100001100 22.000 56.572 1000.4 73008 16 8 11 59 51 4 $GNGGA,073133.00,,,,,0,00,99.9,,,,,,*44
73 07 31 34 Nan Nan Nan 1101011001 1100011010 1100110100 1111110100 10000111110 1100100110 1101011110 10000111000 1100110010 1101011111 1011011000 1011111111 1111100110 10000111001 1100110100 1100100011 1100100011 1100001110 22.000 56.588 1000.4 74007 18 7 10 60 50 4 $GNGGA,073134.00,,,,,0,00,99.9,,,,,,*43
74 07 31 35 Nan Nan Nan 1101011001 1100011000 1100110000 1111101101 10000111010 1100101000 1101100011 10000111010 1100110100 1101011111 1011010111 1011111111 1111100101 10000110111 1100110000 1100100101 1100011100 1100001001 22.000 56.603 1000.4 75005 16 7 12 58 51 3 $GNGGA,073135.00,,,,,0,00,99.9,,,,,,*42
75 07 31 36 Nan Nan Nan 1101011001 1100011010 1100110001 1111101110 10000111001 1100100011 1101011010 10001000101 1100110110 1101011111 1011011001 1011111111 1111100000 10000110111 1100101101 1100100001 1100100001 1100000110 22.000 56.611 1000.4 76165 17 7 10 59 50 5 $GNGGA,073136.00,,,,,0,00,99.9,,,,,,*41
76 07 31 37 Nan Nan Nan 1101011001 1100011010 1100110010 1111101011 10000111010 1100100100 1101011010 10001000000 1100110110 1101011111 1011010110 1011111110 1111101000 10000111010 1100101111 1100100000 1100101100 1100010000 22.000 56.603 1000.4 77003 17 7 11 59 51 3 $GNGGA,073137.00,,,,,0,00,99.9,,,,,,*40
