id HH MM SS longitude latitude altitude adc_1_ch0 adc_1_ch1 adc_1_ch2 adc_1_ch3 adc_1_ch4 adc_1_ch5 adc_1_ch6 adc_1_ch7 adc_1_ch8 adc_2_ch0 adc_2_ch1 adc_2_ch2 adc_2_ch3 adc_2_ch4 adc_2_ch5 adc_2_ch6 adc_2_ch7 adc_2_ch8 temp hum pres t_prog t_gps t_split t_adc t_temp t_hum t_pres trame_gga
1 07 31 41 Nan Nan Nan 1101011001 1100010101 1100101110 1111110011 10000111100 1100100010 1101011011 10001000010 1100110011 1101011111 1011011000 1100000000 1111100111 10000111000 1100110000 1100100111 1100100100 1100001100 22.000 56.626 795.83 2819 16 8 11 59 50 5 $GNGGA,073141.00,,,,,0,00,99.9,,,,,,*41
2 07 31 42 Nan Nan Nan 1101011001 1100011010 1100110001 1111101100 10000111110 1100100100 1101011011 10001000000 1101000000 1101011111 1011011011 1100000001 1111100101 10000110111 1100101110 1100100001 1100011110 1100000101 22.000 56.649 1000.4 3978 16 7 11 59 52 3 $GNGGA,073142.00,,,,,0,00,99.9,,,,,,*42
3 07 31 43 Nan Nan Nan 1101011001 1100011011 1100110011 1111101101 10000111011 1100100010 1101011011 10000111001 1100100100 1101011111 1011010111 1011111111 1111100110 10000111000 1100101101 1100100100 1100100010 1100000110 21.938 56.679 1000.4 4816 16 7 12 59 51 3 $GNGGA,073143.00,,,,,0,00,99.9,,,,,,*43
4 07 31 44 Nan Nan Nan 1101011001 1100010111 1100110000 1111101101 10000110111 1100100110 1101011011 10000111011 1100100100 1101011111 1011011000 1100000000 1111101010 10000111010 1100101111 1100100010 1100100001 1100001001 22.000 56.710 1000.4 5817 16 7 11 60 50 4 $GNGGA,073144.00,,,,,0,00,99.9,,,,,,*44
5 07 31 45 Nan Nan Nan 1101011001 1100011010 1100110011 1111110000 10000111100 1100011011 1101010000 10000110100 1100101001 1101011111 1011011011 1100000011 1111101101 10000111001 1100101111 1100100011 1100011101 1100000010 22.000 56.733 1000.4 6814 17 7 11 58 51 3 $GNGGA,073145.00,,,,,0,00,99.9,,,,,,*45
6 07 31 46 Nan Nan Nan 1101011001 1100010111 1100101111 1111101110 10000110111 1100011110 1101010111 10000111111 1100110110 1101011111 1011011001 1100000010 1111101010 10000111001 1100101111 1100100100 1100100001 1100001001 22.000 56.756 1000.4 7814 16 8 11 59 52 3 $GNGGA,073146.00,,,,,0,00,99.9,,,,,,*46
7 07 31 47 Nan Nan Nan 1101011001 1100011011 1100110011 1111101110 10000111010 1100100110 1101011100 10000111010 1100110101 1101011111 1011010111 1011111111 1111101011 10000111010 1100110001 1100101010 1100011010 1100000111 22.000 56.771 1000.4 8813 17 7 11 60 50 4 $GNGGA,073147.00,,,,,0,00,99.9,,,,,,*47
8 07 31 48 Nan Nan Nan 1101011001 1100011010 1100110010 1111110110 10000111100 1100100010 1101011001 10000111111 1100111011 1101011111 1011011011 1100000011 1111101000 10000111000 1100110100 1100100101 1100101001 1100001111 22.000 56.778 1000.4 9972 17 7 11 59 50 4 $GNGGA,073148.00,,,,,0,00,99.9,,,,,,*48
9 07 31 49 Nan Nan Nan 1101011001 1100010111 1100101111 1111111000 10000111111 1100101000 1101100010 10000111110 1100110111 1101011111 1011011011 1011111111 1111101011 10000111001 1100110011 1100100101 1100011101 1100001000 22.000 56.763 1000.4 10811 16 7 11 60 51 3 $GNGGA,073149.00,,,,,0,00,99.9,,,,,,*49
10 07 31 50 Nan Nan Nan 1101011001 1100011010 1100110001 1111110110 10000111011 1100100001 1101010111 10000111011 1100101110 1101011111 1011011000 1011111111 1111110011 10000111010 1100110001 1100100011 1100100101 1100001101 22.000 56.756 1000.4 11809 18 7 10 58 51 4 $GNGGA,073150.00,,,,,0,00,99.9,,,,,,*41
11 07 31 51 Nan Nan Nan 1101011001 1100011010 1100110100 1111110010 10000111100 1100100100 1101011110 10001001000 1100110100 1101011111 1011010010 1011111011 1111101011 10000111001 1100110010 1100100001 1100100111 1100001100 22.000 56.733 1000.4 12809 16 7 11 59 52 3 $GNGGA,073151.00,,,,,0,00,99.9,,,,,,*40
12 07 31 52 Nan Nan Nan 1101011001 1100011001 1100110010 1111110111 10000111110 1100011100 1101011000 10000111101 1100110001 1101100000 1011010011 1011111111 1111101011 10000111011 1100101100 1100011101 1100100001 1100001101 22.000 56.717 1000.4 13808 17 7 11 60 50 4 $GNGGA,073152.00,,,,,0,00,99.9,,,,,,*43
13 07 31 53 Nan Nan Nan 1101011001 1100011000 1100110001 1111101101 10000111000 1100100101 1101011010 10000110110 1100101011 1101011111 1011010101 1011111110 1111101010 10000111001 1100110010 1100100001 1100011101 1100001000 22.000 56.695 1000.4 14807 16 8 12 58 51 3 $GNGGA,073153.00,,,,,0,00,99.9,,,,,,*42
14 07 31 54 Nan Nan Nan 1101011001 1100010111 1100101110 1111110000 10000111110 1100100101 1101011111 10000111111 1100110011 1101011111 1011011000 1100000000 1111110010 10000111010 1100110011 1100100100 1100100101 1100010100 22.000 56.649 1000.4 15966 17 7 10 58 52 4 $GNGGA,073154.00,,,,,0,00,99.9,,,,,,*45
15 07 31 55 Nan Nan Nan 1101011001 1100010110 1100110000 1111101101 10000111011 1100100111 1101011011 10000111110 1100110101 1101011111 1011011110 1100000011 1111101101 10000111001 1100110001 1100101001 1100101001 1100001111 22.000 56.618 1000.4 16804 16 7 12 59 51 3 $GNGGA,073155.00,,,,,0,00,99.9,,,,,,*44
16 07 31 56 Nan Nan Nan 1101011001 1100011000 1100101111 1111110010 10000111011 1100100000 1101010111 10000111101 1100110100 1101011111 1011011011 1100000000 1111101101 10000111001 1100101111 1100100000 1100101000 1100001011 22.000 56.649 1000.4 17804 16 7 11 59 52 3 $GNGGA,073156.00,,,,,0,00,99.9,,,,,,*47
17 07 31 57 Nan Nan Nan 1101011001 1100010101 1100110000 1111101011 10000111101 1100100011 1101011100 10001000100 1100111101 1101011111 1011011010 1100000100 1111110000 10000111010 1100101111 1100100001 1100100001 1100001110 22.000 56.656 1000.4 18803 18 7 10 60 50 4 $GNGGA,073157.00,,,,,0,00,99.9,,,,,,*46
18 07 31 58 Nan Nan Nan 1101011001 1100011001 1100110010 1111110101 10000111110 1100100011 1101001101 10001000110 1100111101 1101011111 1011011000 1011111111 1111110000 10000111001 1100110010 1100100000 1100100111 1100010000 22.000 56.641 1000.4 19802 16 8 11 58 51 4 $GNGGA,073158.00,,,,,0,00,99.9,,,,,,*49
