id HH MM SS longitude latitude altitude adc_1_ch0 adc_1_ch1 adc_1_ch2 adc_1_ch3 adc_1_ch4 adc_1_ch5 adc_1_ch6 adc_1_ch7 adc_1_ch8 adc_2_ch0 adc_2_ch1 adc_2_ch2 adc_2_ch3 adc_2_ch4 adc_2_ch5 adc_2_ch6 adc_2_ch7 adc_2_ch8 temp hum pres t_prog t_gps t_split t_adc t_temp t_hum t_pres trame_gga
1 10 38 22 Nan Nan Nan 1101100001 100 1000011000 101 1101111 111111111111 111111111111 111111111111 111111111111 1101100110 100 1101010 101 1110001 111111111111 111111111111 111111111111 111111111111 24.813 48.417 795.83 2833 16 7 11 60 51 3 $GNGGA,103822.00,,,,,0,00,99.9,,,,,,*4B
2 10 38 23 Nan Nan Nan 1101100001 100 1001001101 101 1101111 111111111111 111111111111 111111111111 111111111111 1101100110 100 1101001 101 1110000 111111111111 111111111111 111111111111 111111111111 24.750 48.546 1000.0 3830 17 7 11 59 51 3 $GNGGA,103823.00,,,,,0,00,99.9,,,,,,*4A
3 10 38 24 Nan Nan Nan 1101100001 11010100 1010000010 101 1101111 111111111111 111111111111 111111111111 111111111111 1101100110 100 1101000 101 1110000 111111111111 111111111111 111111111111 111111111111 24.750 48.615 1000.0 4992 16 7 12 59 50 4 $GNGGA,103824.00,,,,,0,00,99.9,,,,,,*4D
4 10 38 25 Nan Nan Nan 1101100001 101010011 1010011010 101 1101111 111111111111 111111111111 111111111111 111111111111 1101100110 11 1100111 101 1110000 111111111111 111111111111 111111111111 111111111111 24.750 48.661 1000.0 5833 17 7 11 60 51 3 $GNGGA,103825.00,,,,,0,00,99.9,,,,,,*4C
5 10 38 26 Nan Nan Nan 1101100001 110111110 1010101110 101 1110000 111111111111 111111111111 111111111111 111111111111 1101100110 11 1100101 101 1110000 111111111111 111111111111 111111111111 111111111111 24.750 48.729 1000.0 6832 16 8 11 59 51 4 $GNGGA,103826.00,,,,,0,00,99.9,,,,,,*4F
6 10 38 27 Nan Nan Nan 1101100001 1000000100 1010111110 101 1101111 111111111111 111111111111 111111111111 111111111111 1101100110 11 1100011 101 1110000 111111111111 111111111111 111111111111 111111111111 24.750 48.783 1000.0 7831 17 7 10 59 51 4 $GNGGA,103827.00,,,,,0,00,99.9,,,,,,*4E
7 10 38 28 Nan Nan Nan 1101100001 1000111100 1011001110 101 1101111 111111111111 111111111111 111111111111 111111111111 1101100110 100 1100011 101 1110000 111111111111 111111111111 111111111111 111111111111 24.750 48.714 1000.1 8829 16 6 12 59 50 4 $GNGGA,103828.00,,,,,0,00,99.9,,,,,,*41
8 10 38 29 Nan Nan Nan 1101100001 1001100011 1011010110 101 1101111 111111111111 111111111111 111111111111 111111111111 1101100110 11 10001110 101 1110000 111111111111 111111111111 111111111111 111111111111 24.750 48.691 1000.1 9830 17 6 11 60 50 4 $GNGGA,103829.00,,,,,0,00,99.9,,,,,,*40
9 10 38 30 Nan Nan Nan 1101100001 1010000100 1011011101 101 1101111 111111111111 111111111111 111111111111 111111111111 1101100110 11 11111000 100 1110000 111111111111 111111111111 111111111111 111111111111 24.750 48.722 1000.1 10978 16 7 11 59 51 4 $GNGGA,103830.00,,,,,0,00,99.9,,,,,,*48
