id HH MM SS longitude latitude altitude adc_1_ch0 adc_1_ch1 adc_1_ch2 adc_1_ch3 adc_1_ch4 adc_1_ch5 adc_1_ch6 adc_1_ch7 adc_1_ch8 adc_2_ch0 adc_2_ch1 adc_2_ch2 adc_2_ch3 adc_2_ch4 adc_2_ch5 adc_2_ch6 adc_2_ch7 adc_2_ch8 temp hum pres t_prog t_gps t_split t_adc t_temp t_hum t_pres trame_gga
1 11 13 49 Nan Nan Nan 1101100111 101 1110011 101 1110001 111111111111 111111111111 111111111111 111111111111 1101101101 101 1110011 101 1110010 111111111111 111111111111 111111111111 111111111111 25.063 47.684 795.83 2511 16 7 12 59 51 3 $GNGGA,111349.00,,,,,0,00,99.9,,,,,,*4E
2 11 13 50 Nan Nan Nan 1101100111 101 1110011 101 1110001 111111111111 111111111111 111111111111 111111111111 1101101101 101 1110011 101 1110010 111111111111 111111111111 111111111111 111111111111 25.063 47.791 1000.0 3511 16 7 11 59 51 4 $GNGGA,111350.00,,,,,0,00,99.9,,,,,,*46
3 11 13 51 Nan Nan Nan 1101100111 101 1110011 101 1110001 111111111111 111111111111 111111111111 111111111111 1101101101 101 1110011 101 1110010 111111111111 111111111111 111111111111 111111111111 25.063 47.814 1000.0 4510 17 7 11 60 51 3 $GNGGA,111351.00,,,,,0,00,99.9,,,,,,*47
4 11 13 52 Nan Nan Nan 1101100111 101 1110010 110 1110001 111111111111 111111111111 111111111111 111111111111 1101101101 101 1110011 101 1110010 111111111111 111111111111 111111111111 111111111111 25.000 47.776 1000.0 5511 16 7 11 59 51 4 $GNGGA,111352.00,,,,,0,00,99.9,,,,,,*44
5 11 13 53 Nan Nan Nan 1101100111 101 1110010 101 1110010 111111111111 111111111111 111111111111 111111111111 1101101101 101 1110011 101 1110010 111111111111 111111111111 111111111111 111111111111 25.000 47.738 1000.0 6510 17 7 11 60 51 3 $GNGGA,111353.00,,,,,0,00,99.9,,,,,,*45
6 11 13 54 Nan Nan Nan 1101100111 101 1110011 101 1110001 111111111111 111111111111 111111111111 111111111111 1101101110 101 1110011 101 1110001 111111111111 111111111111 111111111111 111111111111 25.000 47.707 1000.0 7669 17 7 11 59 50 4 $GNGGA,111354.00,,,,,0,00,99.9,,,,,,*42
7 11 13 55 Nan Nan Nan 1101100111 101 1110011 101 1110001 111111111111 111111111111 111111111111 111111111111 1101101101 101 1110011 101 1110001 111111111111 111111111111 111111111111 111111111111 25.000 47.684 1000.0 8508 16 7 11 60 51 3 $GNGGA,111355.00,,,,,0,00,99.9,,,,,,*43
8 11 13 56 Nan Nan Nan 1101100111 101 1110011 101 1110001 111111111111 111111111111 111111111111 111111111111 1101101110 101 1110010 101 1110001 111111111111 111111111111 111111111111 111111111111 25.063 47.677 1000.0 9507 16 7 12 59 51 3 $GNGGA,111356.00,,,,,0,00,99.9,,,,,,*40
9 11 13 57 Nan Nan Nan 1101100111 101 1110010 101 1110001 111111111111 111111111111 111111111111 111111111111 1101101101 101 1110011 101 1110001 111111111111 111111111111 111111111111 111111111111 25.000 47.684 1000.0 10507 15 6 11 59 51 4 $GNGGA,111357.00,,,,,0,00,99.9,,,,,,*41
10 11 13 58 Nan Nan Nan 1101100111 101 1110011 101 1110001 111111111111 111111111111 111111111111 111111111111 1101101101 100 1110010 101 1110001 111111111111 111111111111 111111111111 111111111111 25.000 47.692 1000.0 11504 17 7 11 60 50 4 $GNGGA,111358.00,,,,,0,00,99.9,,,,,,*4E
11 11 13 59 Nan Nan Nan 1101100111 110 1110011 101 1110001 111111111111 111111111111 111111111111 111111111111 1101101101 101 1110011 101 1110010 111111111111 111111111111 111111111111 111111111111 25.000 47.707 1000.0 12505 16 8 11 59 51 4 $GNGGA,111359.00,,,,,0,00,99.9,,,,,,*4F
12 11 14 00 Nan Nan Nan 1101100111 101 1110011 101 1110001 111111111111 111111111111 111111111111 111111111111 1101101101 101 1110010 101 1110001 111111111111 111111111111 111111111111 111111111111 25.000 47.715 1000.0 13663 16 7 11 59 52 3 $GNGGA,111400.00,,,,,0,00,99.9,,,,,,*44
13 11 14 01 Nan Nan Nan 1101100111 101 1110011 110 1110001 111111111111 111111111111 111111111111 111111111111 1101101101 101 1110010 101 1110001 111111111111 111111111111 111111111111 111111111111 25.000 47.722 1000.0 14502 16 7 12 59 51 3 $GNGGA,111401.00,,,,,0,00,99.9,,,,,,*45
14 11 14 02 Nan Nan Nan 1101100111 101 1110010 101 1110001 111111111111 111111111111 111111111111 111111111111 1101101101 101 1110010 101 1110001 111111111111 111111111111 111111111111 111111111111 25.125 47.730 1000.0 15502 16 7 11 59 52 3 $GNGGA,111402.00,,,,,0,00,99.9,,,,,,*46
15 11 14 03 Nan Nan Nan 1101100111 101 1110011 101 1110001 111111111111 111111111111 111111111111 111111111111 1101101101 101 1110010 101 1110001 111111111111 111111111111 111111111111 111111111111 25.063 47.730 1000.0 16500 17 7 10 58 51 4 $GNGGA,111403.00,,,,,0,00,99.9,,,,,,*47
16 11 14 04 Nan Nan Nan 1101100111 101 1110010 101 1110001 111111111111 111111111111 111111111111 111111111111 1101101101 101 1110010 101 1110001 111111111111 111111111111 111111111111 111111111111 25.000 47.730 1000.0 17499 16 8 11 59 51 4 $GNGGA,111404.00,,,,,0,00,99.9,,,,,,*40
17 11 14 05 Nan Nan Nan 1101100111 101 1110010 101 1110001 111111111111 111111111111 111111111111 111111111111 1101101101 101 1110010 101 1110001 111111111111 111111111111 111111111111 111111111111 25.000 47.745 1000.0 18498 17 7 11 60 51 3 $GNGGA,111405.00,,,,,0,00,99.9,,,,,,*41
18 11 14 06 Nan Nan Nan 1101100111 101 1110011 101 1110001 111111111111 111111111111 111111111111 111111111111 1101101101 101 1110010 101 1110001 111111111111 111111111111 111111111111 111111111111 25.000 47.761 1000.0 19659 17 7 11 59 51 3 $GNGGA,111406.00,,,,,0,00,99.9,,,,,,*42
19 11 14 07 Nan Nan Nan 1101100111 101 1110010 101 1110001 111111111111 111111111111 111111111111 111111111111 1101101101 101 1110010 101 1110001 111111111111 111111111111 111111111111 111111111111 25.063 47.761 1000.0 20498 17 7 10 59 51 4 $GNGGA,111407.00,,,,,0,00,99.9,,,,,,*43
20 11 14 08 Nan Nan Nan 1101100111 101 1110010 110 1110001 111111111111 111111111111 111111111111 111111111111 1101101101 101 1110010 101 1110001 111111111111 111111111111 111111111111 111111111111 25.063 47.753 999.99 21496 16 7 11 58 51 4 $GNGGA,111408.00,,,,,0,00,99.9,,,,,,*4C
21 11 14 09 Nan Nan Nan 1101100111 110 1110010 101 1110001 111111111111 111111111111 111111111111 111111111111 1101101101 101 1110010 101 1110001 111111111111 111111111111 111111111111 111111111111 25.063 47.768 999.99 22495 16 7 10 58 52 4 $GNGGA,111409.00,,,,,0,00,99.9,,,,,,*4D
22 11 14 10 Nan Nan Nan 1101100111 101 1110010 101 1110001 111111111111 111111111111 111111111111 111111111111 1101101101 101 1110010 101 1110001 111111111111 111111111111 111111111111 111111111111 25.000 47.783 999.99 23495 17 7 11 60 51 3 $GNGGA,111410.00,,,,,0,00,99.9,,,,,,*45
23 11 14 11 Nan Nan Nan 1101100111 101 1110010 110 1110001 111111111111 111111111111 111111111111 111111111111 1101101101 101 1110010 101 1110001 111111111111 111111111111 111111111111 111111111111 25.000 47.791 999.99 24494 16 8 11 59 51 4 $GNGGA,111411.00,,,,,0,00,99.9,,,,,,*44
24 11 14 12 Nan Nan Nan 1101100111 101 1110010 101 1110001 111111111111 111111111111 111111111111 111111111111 1101101101 101 1110010 101 1110001 111111111111 111111111111 111111111111 111111111111 25.000 47.799 999.97 25655 16 7 10 58 52 4 $GNGGA,111412.00,,,,,0,00,99.9,,,,,,*47
25 11 14 13 Nan Nan Nan 1101100111 101 1110011 101 1110001 111111111111 111111111111 111111111111 111111111111 1101101101 101 1110010 101 1110001 111111111111 111111111111 111111111111 111111111111 25.000 47.806 999.98 26491 15 6 12 59 50 4 $GNGGA,111413.00,,,,,0,00,99.9,,,,,,*46
26 11 14 14 Nan Nan Nan 1101100111 101 1110010 101 1110001 111111111111 111111111111 111111111111 111111111111 1101101101 101 1110010 101 1110001 111111111111 111111111111 111111111111 111111111111 25.000 47.814 999.99 27492 16 7 11 60 50 4 $GNGGA,111414.00,,,,,0,00,99.9,,,,,,*41
27 11 14 15 Nan Nan Nan 1101100111 101 1110010 101 1110001 111111111111 111111111111 111111111111 111111111111 1101101101 101 1110011 101 1110001 111111111111 111111111111 111111111111 111111111111 25.000 47.814 999.99 28489 17 7 11 60 51 3 $GNGGA,111415.00,,,,,0,00,99.9,,,,,,*40
28 11 14 16 Nan Nan Nan 1101100111 101 1110010 101 1110001 111111111111 111111111111 111111111111 111111111111 1101101101 101 1110010 101 1110001 111111111111 111111111111 111111111111 111111111111 25.000 47.829 999.98 29488 16 8 11 59 51 4 $GNGGA,111416.00,,,,,0,00,99.9,,,,,,*43
29 11 14 17 Nan Nan Nan 1101100111 101 1110010 101 1110000 111111111111 111111111111 111111111111 111111111111 1101101101 101 1110010 101 1110001 111111111111 111111111111 111111111111 111111111111 25.000 47.837 999.99 30488 17 7 11 60 51 3 $GNGGA,111417.00,,,,,0,00,99.9,,,,,,*42
30 11 14 18 Nan Nan Nan 1101100111 101 1110010 101 1110001 111111111111 111111111111 111111111111 111111111111 1101101101 101 1110010 101 1110001 111111111111 111111111111 111111111111 111111111111 25.000 47.860 999.99 31648 17 7 11 59 51 3 $GNGGA,111418.00,,,,,0,00,99.9,,,,,,*4D
31 11 14 19 Nan Nan Nan 1101100111 101 1110010 101 1110000 111111111111 111111111111 111111111111 111111111111 1101101101 101 1110010 101 1110001 111111111111 111111111111 111111111111 111111111111 25.000 47.867 1000.0 32485 16 7 10 60 50 4 $GNGGA,111419.00,,,,,0,00,99.9,,,,,,*4C
32 11 14 20 Nan Nan Nan 1101100111 101 1110010 101 1110000 111111111111 111111111111 111111111111 111111111111 1101101101 101 1110010 101 1110001 111111111111 111111111111 111111111111 111111111111 25.000 47.867 999.99 33484 17 7 11 59 51 3 $GNGGA,111420.00,,,,,0,00,99.9,,,,,,*46
33 11 14 21 Nan Nan Nan 1101100111 101 1110010 101 1110000 111111111111 111111111111 111111111111 111111111111 1101101101 101 1110010 101 1110001 111111111111 111111111111 111111111111 111111111111 25.000 47.875 1000.0 34485 16 7 11 59 52 3 $GNGGA,111421.00,,,,,0,00,99.9,,,,,,*47
34 11 14 22 Nan Nan Nan 1101100111 101 1110010 101 1110000 111111111111 111111111111 111111111111 111111111111 1101101101 101 1110010 101 1110001 111111111111 111111111111 111111111111 111111111111 25.000 47.883 999.99 35482 17 7 10 60 50 4 $GNGGA,111422.00,,,,,0,00,99.9,,,,,,*44
35 11 14 23 Nan Nan Nan 1101100111 101 1110010 101 1101110 111111111111 111111111111 111111111111 111111111111 1101101101 101 1110010 101 1110001 111111111111 111111111111 111111111111 111111111111 24.938 47.890 1000.0 36482 16 8 12 59 51 3 $GNGGA,111423.00,,,,,0,00,99.9,,,,,,*45
36 11 14 24 Nan Nan Nan 1101100111 101 1110010 101 1101101 111111111111 111111111111 111111111111 111111111111 1101101101 101 1110010 101 1110001 111111111111 111111111111 111111111111 111111111111 24.938 47.913 999.98 37643 16 7 11 59 52 3 $GNGGA,111424.00,,,,,0,00,99.9,,,,,,*42
37 11 14 25 Nan Nan Nan 1101100111 101 1110010 101 1101100 111111111111 111111111111 111111111111 111111111111 1101101101 101 1110010 101 1110001 111111111111 111111111111 111111111111 111111111111 25.000 47.928 999.99 38479 16 7 12 59 51 3 $GNGGA,111425.00,,,,,0,00,99.9,,,,,,*43
38 11 14 26 Nan Nan Nan 1101100111 101 1110010 101 1101100 111111111111 111111111111 111111111111 111111111111 1101101101 100 1110010 101 1110001 111111111111 111111111111 111111111111 111111111111 25.000 47.928 999.98 39479 16 7 10 58 52 4 $GNGGA,111426.00,,,,,0,00,99.9,,,,,,*40
39 11 14 27 Nan Nan Nan 1101100111 101 1110010 101 1101100 111111111111 111111111111 111111111111 111111111111 1101101101 101 1110010 101 1110001 111111111111 111111111111 111111111111 111111111111 24.938 47.928 999.98 40477 17 7 11 60 50 4 $GNGGA,111427.00,,,,,0,00,99.9,,,,,,*41
40 11 14 28 Nan Nan Nan 1101100111 101 1110010 101 1101100 111111111111 111111111111 111111111111 111111111111 1101101101 101 1110010 101 1110001 111111111111 111111111111 111111111111 111111111111 25.000 47.944 999.99 41478 16 8 10 58 52 4 $GNGGA,111428.00,,,,,0,00,99.9,,,,,,*4E
41 11 14 29 Nan Nan Nan 1101100111 101 1110010 101 1101100 111111111111 111111111111 111111111111 111111111111 1101101101 101 1110010 101 1110000 111111111111 111111111111 111111111111 111111111111 24.938 47.928 999.98 42476 17 7 11 60 51 3 $GNGGA,111429.00,,,,,0,00,99.9,,,,,,*4F
42 11 14 30 Nan Nan Nan 1101100111 101 1110010 101 1101100 111111111111 111111111111 111111111111 111111111111 1101101101 101 1110010 101 1110000 111111111111 111111111111 111111111111 111111111111 25.000 47.921 999.98 43635 17 7 10 58 51 4 $GNGGA,111430.00,,,,,0,00,99.9,,,,,,*47
43 11 14 31 Nan Nan Nan 1101100111 101 1110010 101 1101100 111111111111 111111111111 111111111111 111111111111 1101101101 101 1110010 101 1110000 111111111111 111111111111 111111111111 111111111111 24.938 47.921 999.99 44475 16 7 11 60 50 4 $GNGGA,111431.00,,,,,0,00,99.9,,,,,,*46
44 11 14 32 Nan Nan Nan 1101100111 101 1110010 101 1101100 111111111111 111111111111 111111111111 111111111111 1101101101 100 1110010 101 1110000 111111111111 111111111111 111111111111 111111111111 24.938 47.928 999.99 45473 17 7 11 59 51 3 $GNGGA,111432.00,,,,,0,00,99.9,,,,,,*45
45 11 14 33 Nan Nan Nan 1101100111 101 1110010 101 1101100 111111111111 111111111111 111111111111 111111111111 1101101101 101 1110010 101 1110000 111001100001 111111111111 111111111111 111111111111 24.938 47.944 999.99 46471 15 6 11 59 51 4 $GNGGA,111433.00,,,,,0,00,99.9,,,,,,*44
46 11 14 34 Nan Nan Nan 1101100111 101 1110010 101 1101100 111111111111 111111111111 111111111111 111111111111 1101101101 100 1110010 101 1110000 110101001000 111111111111 111111111111 111111111111 24.938 47.936 999.99 47469 16 6 11 60 50 4 $GNGGA,111434.00,,,,,0,00,99.9,,,,,,*43
47 11 14 35 Nan Nan Nan 1101100111 101 1110010 101 1101100 111111111111 111111111111 111111111111 111111111111 1101101101 100 1110010 100 1110000 110011011011 111011010010 111111111111 111111111111 24.938 48.165 1000.0 48471 16 8 12 59 51 3 $GNGGA,111435.00,,,,,0,00,99.9,,,,,,*42
