id HH MM SS longitude latitude altitude adc_1_ch0 adc_1_ch1 adc_1_ch2 adc_1_ch3 adc_1_ch4 adc_1_ch5 adc_1_ch6 adc_1_ch7 adc_1_ch8 adc_2_ch0 adc_2_ch1 adc_2_ch2 adc_2_ch3 adc_2_ch4 adc_2_ch5 adc_2_ch6 adc_2_ch7 adc_2_ch8 temp hum pres t_prog t_gps t_split t_adc t_temp t_hum t_pres trame_gga
1 14 54 38 Nan Nan Nan 111111111111 111111111111 111111111111 111111111111 111111111111 111111111111 111111111111 111111111111 111111111111 111111111111 111111111111 111111111111 111111111111 111111111111 111111111111 111111111111 111111111111 111111111111 26.188 41.504 795.83 2938 17 7 12 59 51 3 $GNGGA,145438.00,,,,,0,00,99.9,,,,,,*4E
2 14 54 39 Nan Nan Nan 111111111111 111111111111 111111111111 111111111111 111111111111 111111111111 111111111111 111111111111 111111111111 111111111111 111111111111 111111111111 111111111111 111111111111 111111111111 111111111111 111111111111 111111111111 26.188 41.428 998.73 3938 17 7 11 59 52 3 $GNGGA,145439.00,,,,,0,00,99.9,,,,,,*4F
3 14 54 40 Nan Nan Nan 111111111111 111111111111 111111111111 111111111111 111111111111 111111111111 111111111111 111111111111 111111111111 111111111111 111111111111 111111111111 111111111111 111111111111 111111111111 111111111111 111111111111 111111111111 26.125 41.398 998.73 4937 18 7 11 60 51 3 $GNGGA,145440.00,,,,,0,00,99.9,,,,,,*41
4 14 54 41 Nan Nan Nan 111111111111 111111111111 111111111111 111111111111 111111111111 111111111111 111111111111 111111111111 111111111111 111111111111 111111111111 111111111111 111111111111 111111111111 111111111111 111111111111 111111111111 111111111111 26.125 41.436 998.73 5937 17 8 11 59 52 3 $GNGGA,145441.00,,,,,0,00,99.9,,,,,,*40
5 14 54 42 Nan Nan Nan 111111111111 111111111111 111111111111 111111111111 111111111111 111111111111 111111111111 111111111111 111111111111 111111111111 111111111111 111111111111 111111111111 111111111111 111111111111 111111111111 111111111111 111111111111 26.188 41.474 998.74 7095 17 7 11 59 52 3 $GNGGA,145442.00,,,,,0,00,99.9,,,,,,*43
6 14 54 43 Nan Nan Nan 111111111111 111111111111 111111111111 111111111111 111111111111 111111111111 111111111111 111111111111 111111111111 111111111111 111111111111 111111111111 111111111111 111111111111 111111111111 111111111111 111111111111 111111111111 26.125 41.512 998.75 7933 18 7 11 58 51 4 $GNGGA,145443.00,,,,,0,00,99.9,,,,,,*42
7 14 54 44 Nan Nan Nan 111111111111 111111111111 111111111111 111111111111 111111111111 111111111111 111111111111 111111111111 111111111111 111111111111 111111111111 111111111111 111111111111 111111111111 111111111111 111111111111 111111111111 111111111111 26.188 41.543 998.75 8933 17 7 11 60 51 3 $GNGGA,145444.00,,,,,0,00,99.9,,,,,,*45
8 14 54 45 Nan Nan Nan 111111111111 111111111111 111111111111 111111111111 111111111111 111111111111 111111111111 111111111111 111111111111 111111111111 111111111111 111111111111 111111111111 111111111111 111111111111 111111111111 111111111111 111111111111 26.188 41.558 998.76 9932 18 7 11 59 51 3 $GNGGA,145445.00,,,,,0,00,99.9,,,,,,*44
9 14 54 46 Nan Nan Nan 111111111111 111111111111 111111111111 111111111111 111111111111 111111111111 111111111111 111111111111 111111111111 111111111111 111111111111 111111111111 111111111111 111111111111 111111111111 111111111111 111111111111 111111111111 26.125 41.565 998.75 10932 18 7 10 59 52 4 $GNGGA,145446.00,,,,,0,00,99.9,,,,,,*47
10 14 54 47 Nan Nan Nan 111111111111 111111111111 111111111111 111111111111 111111111111 111111111111 111111111111 111111111111 111111111111 111111111111 111111111111 111111111111 111111111111 111111111111 111111111111 111111111111 111111111111 111111111111 26.188 41.573 998.74 11931 18 7 11 60 51 3 $GNGGA,145447.00,,,,,0,00,99.9,,,,,,*46
11 14 54 48 Nan Nan Nan 111111111111 111111111111 111111111111 111111111111 111111111111 111111111111 111111111111 111111111111 111111111111 111111111111 111111111111 111111111111 111111111111 111111111111 111111111111 111111111111 111111111111 111111111111 26.188 41.581 998.73 13090 17 7 12 59 51 3 $GNGGA,145448.00,,,,,0,00,99.9,,,,,,*49
12 14 54 49 Nan Nan Nan 111111111111 111111111111 111111111111 111111111111 111111111111 111111111111 111111111111 111111111111 111111111111 111111111111 111111111111 111111111111 111111111111 111111111111 111111111111 111111111111 111111111111 111111111111 26.188 41.581 998.74 13929 19 7 10 59 51 4 $GNGGA,145449.00,,,,,0,00,99.9,,,,,,*48
13 14 54 50 Nan Nan Nan 111111111111 111111111111 111111111111 111111111111 111111111111 111111111111 111111111111 111111111111 111111111111 111111111111 111111111111 111111111111 111111111111 111111111111 111111111111 111111111111 111111111111 111111111111 26.125 41.619 998.74 14927 18 7 12 59 51 3 $GNGGA,145450.00,,,,,0,00,99.9,,,,,,*40
14 14 54 51 Nan Nan Nan 111111111111 111111111111 111111111111 111111111111 111111111111 111111111111 111111111111 111111111111 111111111111 111111111111 111111111111 111111111111 111111111111 111111111111 111111111111 111111111111 111111111111 111111111111 26.125 41.642 998.73 15927 17 6 11 59 51 4 $GNGGA,145451.00,,,,,0,00,99.9,,,,,,*41
15 14 54 52 Nan Nan Nan 111111111111 111111111111 111111111111 111111111111 111111111111 111111111111 111111111111 111111111111 111111111111 111111111111 111111111111 111111111111 111111111111 111111111111 111111111111 111111111111 111111111111 111111111111 26.125 41.626 998.74 16925 19 7 10 59 51 4 $GNGGA,145452.00,,,,,0,00,99.9,,,,,,*42
16 14 54 53 Nan Nan Nan 111111111111 111111111111 111111111111 111111111111 111111111111 111111111111 111111111111 111111111111 111111111111 111111111111 111111111111 111111111111 111111111111 111111111111 111111111111 111111111111 111111111111 111111111111 26.188 41.604 998.74 17925 17 8 11 59 51 4 $GNGGA,145453.00,,,,,0,00,99.9,,,,,,*43
17 14 54 54 Nan Nan Nan 111111111111 111111111111 111111111111 111111111111 111111111111 111111111111 111111111111 111111111111 111111111111 111111111111 111111111111 111111111111 111111111111 111111111111 111111111111 111111111111 111111111111 111111111111 26.125 41.596 998.75 19085 18 7 10 58 52 4 $GNGGA,145454.00,,,,,0,00,99.9,,,,,,*44
18 14 54 55 Nan Nan Nan 111111111111 111111111111 111111111111 111111111111 111111111111 111111111111 111111111111 111111111111 111111111111 111111111111 111111111111 111111111111 111111111111 111111111111 111111111111 111111111111 111111111111 111111111111 26.125 41.604 998.75 19924 17 7 12 59 51 3 $GNGGA,145455.00,,,,,0,00,99.9,,,,,,*45
19 14 54 56 Nan Nan Nan 111111111111 111111111111 111111111111 111111111111 111111111111 111111111111 111111111111 111111111111 111111111111 111111111111 111111111111 111111111111 111111111111 111111111111 111111111111 111111111111 111111111111 111111111111 26.125 41.611 998.76 20922 17 7 11 60 50 4 $GNGGA,145456.00,,,,,0,00,99.9,,,,,,*46
20 14 54 57 Nan Nan Nan 111111111111 111111111111 111111111111 111111111111 111111111111 111111111111 111111111111 111111111111 111111111111 111111111111 111111111111 111111111111 111111111111 111111111111 111111111111 111111111111 111111111111 111111111111 26.125 41.619 998.76 21920 18 6 11 59 50 4 $GNGGA,145457.00,,,,,0,00,99.9,,,,,,*47
21 14 54 58 Nan Nan Nan 111111111111 111111111111 111111111111 111111111111 111111111111 111111111111 111111111111 111111111111 111111111111 111111111111 111111111111 111111111111 111111111111 111111111111 111111111111 111111111111 111111111111 111111111111 26.125 41.619 998.75 22921 17 7 11 59 52 3 $GNGGA,145458.00,,,,,0,00,99.9,,,,,,*48
22 14 54 59 Nan Nan Nan 111111111111 111111111111 111111111111 111111111111 111111111111 111111111111 111111111111 111111111111 111111111111 111111111111 111111111111 111111111111 111111111111 111111111111 111111111111 111111111111 111111111111 111111111111 26.125 41.611 998.77 23918 18 7 11 60 51 3 $GNGGA,145459.00,,,,,0,00,99.9,,,,,,*49
23 14 55 00 Nan Nan Nan 111111111111 111111111111 111111111111 111111111111 111111111111 111111111111 111111111111 111111111111 111111111111 111111111111 111111111111 111111111111 111111111111 111111111111 111111111111 111111111111 111111111111 111111111111 26.125 41.634 998.76 25077 18 7 11 59 51 3 $GNGGA,145500.00,,,,,0,00,99.9,,,,,,*44
24 14 55 01 Nan Nan Nan 111111111111 111111111111 111111111111 111111111111 111111111111 111111111111 111111111111 111111111111 111111111111 111111111111 111111111111 111111111111 111111111111 111111111111 111111111111 111111111111 111111111111 111111111111 26.125 41.642 998.76 25918 19 7 10 59 51 4 $GNGGA,145501.00,,,,,0,00,99.9,,,,,,*45
25 14 55 02 Nan Nan Nan 111111111111 111111111111 111111111111 111111111111 111111111111 111111111111 111111111111 111111111111 111111111111 111111111111 111111111111 111111111111 111111111111 111111111111 111111111111 111111111111 111111111111 111111111111 26.125 41.649 998.76 26917 17 7 12 59 50 4 $GNGGA,145502.00,,,,,0,00,99.9,,,,,,*46
26 14 55 03 Nan Nan Nan 111111111111 111111111111 111111111111 111111111111 111111111111 111111111111 111111111111 111111111111 111111111111 111111111111 111111111111 111111111111 111111111111 111111111111 111111111111 111111111111 111111111111 111111111111 26.125 41.665 998.77 27916 17 7 11 59 52 3 $GNGGA,145503.00,,,,,0,00,99.9,,,,,,*47
27 14 55 04 Nan Nan Nan 111111111111 111111111111 111111111111 111111111111 111111111111 111111111111 111111111111 111111111111 111111111111 111111111111 111111111111 111111111111 111111111111 111111111111 111111111111 111111111111 111111111111 111111111111 26.125 41.680 998.77 28913 19 7 10 59 51 4 $GNGGA,145504.00,,,,,0,00,99.9,,,,,,*40
28 14 55 05 Nan Nan Nan 111111111111 111111111111 111111111111 111111111111 111111111111 111111111111 111111111111 111111111111 111111111111 111111111111 111111111111 111111111111 111111111111 111111111111 111111111111 111111111111 111111111111 111111111111 26.125 41.695 998.78 29914 17 8 11 59 51 4 $GNGGA,145505.00,,,,,0,00,99.9,,,,,,*41
29 14 55 06 Nan Nan Nan 111111111111 111111111111 111111111111 111111111111 111111111111 111111111111 111111111111 111111111111 111111111111 111111111111 111111111111 111111111111 111111111111 111111111111 111111111111 111111111111 111111111111 111111111111 26.125 41.718 998.78 31074 17 7 11 59 52 3 $GNGGA,145506.00,,,,,0,00,99.9,,,,,,*42
30 14 55 07 Nan Nan Nan 111111111111 111111111111 111111111111 111111111111 111111111111 111111111111 111111111111 111111111111 111111111111 111111111111 111111111111 111111111111 111111111111 111111111111 111111111111 111111111111 111111111111 111111111111 26.125 41.756 998.79 31912 17 7 12 59 51 3 $GNGGA,145507.00,,,,,0,00,99.9,,,,,,*43
31 14 55 08 Nan Nan Nan 111111111111 111111111111 111111111111 111111111111 111111111111 111111111111 111111111111 111111111111 111111111111 111111111111 111111111111 111111111111 111111111111 111111111111 111111111111 111111111111 111111111111 111111111111 26.125 42.008 998.79 32911 18 7 10 60 51 4 $GNGGA,145508.00,,,,,0,00,99.9,,,,,,*4C
32 14 55 09 Nan Nan Nan 111111111111 111111111111 111111111111 111111111111 111111111111 111111111111 111111111111 111111111111 111111111111 111111111111 111111111111 111111111111 111111111111 111111111111 111111111111 111111111111 111111111111 111111111111 26.125 42.252 998.78 33909 18 6 11 59 50 4 $GNGGA,145509.00,,,,,0,00,99.9,,,,,,*4D
33 14 55 10 Nan Nan Nan 111111111111 111111111111 111111111111 111111111111 111111111111 111111111111 111111111111 111111111111 111111111111 111111111111 111111111111 111111111111 111111111111 111111111111 111111111111 111111111111 111111111111 111111111111 26.125 42.367 998.79 34909 17 6 11 59 51 4 $GNGGA,145510.00,,,,,0,00,99.9,,,,,,*45
34 14 55 11 Nan Nan Nan 111111111111 111111111111 111111111111 111111111111 111111111111 111111111111 111111111111 111111111111 111111111111 111111111111 111111111111 111111111111 111111111111 111111111111 111111111111 111111111111 111111111111 111111111111 26.125 42.412 998.77 35907 18 6 11 60 50 4 $GNGGA,145511.00,,,,,0,00,99.9,,,,,,*44
35 14 55 12 Nan Nan Nan 111111111111 111111111111 111111111111 111111111111 111111111111 111111111111 111111111111 111111111111 111111111111 111111111111 111111111111 111111111111 111111111111 111111111111 111111111111 111111111111 111111111111 111111111111 26.125 42.405 998.77 37067 18 7 11 59 51 3 $GNGGA,145512.00,,,,,0,00,99.9,,,,,,*47
36 14 55 13 Nan Nan Nan 111111111111 111111111111 111111111111 111111111111 111111111111 111111111111 111111111111 111111111111 111111111111 111111111111 111111111111 111111111111 111111111111 111111111111 111111111111 111111111111 111111111111 111111111111 26.125 42.443 998.76 37907 18 7 11 60 51 3 $GNGGA,145513.00,,,,,0,00,99.9,,,,,,*46
37 14 55 14 Nan Nan Nan 111111111111 111111111111 111111111111 111111111111 111111111111 111111111111 111111111111 111111111111 111111111111 111111111111 111111111111 111111111111 111111111111 111111111111 111111111111 111111111111 111111111111 111111111111 26.125 42.466 998.77 38905 17 7 12 59 51 3 $GNGGA,145514.00,,,,,0,00,99.9,,,,,,*41
38 14 55 15 Nan Nan Nan 111111111111 111111111111 111111111111 111111111111 111111111111 111111111111 111111111111 111111111111 111111111111 111111111111 111111111111 111111111111 111111111111 111111111111 111111111111 111111111111 111111111111 111111111111 26.125 42.458 998.77 39904 17 7 11 59 52 3 $GNGGA,145515.00,,,,,0,00,99.9,,,,,,*40
39 14 55 16 Nan Nan Nan 111111111111 111111111111 111111111111 111111111111 111111111111 111111111111 111111111111 111111111111 111111111111 111111111111 111111111111 111111111111 111111111111 111111111111 111111111111 111111111111 111111111111 111111111111 26.125 42.496 998.78 40904 18 6 11 60 50 4 $GNGGA,145516.00,,,,,0,00,99.9,,,,,,*43
40 14 55 17 Nan Nan Nan 111111111111 111111111111 111111111111 111111111111 111111111111 111111111111 111111111111 111111111111 111111111111 111111111111 111111111111 111111111111 111111111111 111111111111 111111111111 111111111111 111111111111 111111111111 26.125 42.504 998.77 41902 17 7 11 59 50 5 $GNGGA,145517.00,,,,,0,00,99.9,,,,,,*42
41 14 55 18 Nan Nan Nan 111111111111 111111111111 111111111111 111111111111 111111111111 111111111111 111111111111 111111111111 111111111111 111111111111 111111111111 111111111111 111111111111 111111111111 111111111111 111111111111 111111111111 111111111111 26.125 42.443 998.78 43061 17 7 11 59 52 3 $GNGGA,145518.00,,,,,0,00,99.9,,,,,,*4D
42 14 55 19 Nan Nan Nan 111111111111 111111111111 111111111111 111111111111 111111111111 111111111111 111111111111 111111111111 111111111111 111111111111 111111111111 111111111111 111111111111 111111111111 111111111111 111111111111 111111111111 111111111111 26.125 42.389 998.77 43900 18 7 11 58 51 4 $GNGGA,145519.00,,,,,0,00,99.9,,,,,,*4C
43 14 55 20 Nan Nan Nan 111111111111 111111111111 111111111111 111111111111 111111111111 111111111111 111111111111 111111111111 111111111111 111111111111 111111111111 111111111111 111111111111 111111111111 111111111111 111111111111 111111111111 111111111111 26.125 42.328 998.76 44900 18 7 10 60 51 4 $GNGGA,145520.00,,,,,0,00,99.9,,,,,,*46
44 14 55 21 Nan Nan Nan 111111111111 111111111111 111111111111 111111111111 111111111111 111111111111 111111111111 111111111111 111111111111 111111111111 111111111111 111111111111 111111111111 111111111111 111111111111 111111111111 111111111111 111111111111 26.125 42.306 998.77 45898 18 6 11 59 50 4 $GNGGA,145521.00,,,,,0,00,99.9,,,,,,*47
45 14 55 22 Nan Nan Nan 111111111111 111111111111 111111111111 111111111111 111111111111 111111111111 111111111111 111111111111 111111111111 111111111111 111111111111 111111111111 111111111111 111111111111 111111111111 111111111111 111111111111 111111111111 26.125 42.328 998.78 46897 18 8 10 58 52 4 $GNGGA,145522.00,,,,,0,00,99.9,,,,,,*44
46 14 55 23 Nan Nan Nan 111111111111 111111111111 111111111111 111111111111 111111111111 111111111111 111111111111 111111111111 111111111111 111111111111 111111111111 111111111111 111111111111 111111111111 111111111111 111111111111 111111111111 111111111111 26.125 42.374 998.77 47897 19 7 10 60 51 4 $GNGGA,145523.00,,,,,0,00,99.9,,,,,,*45
47 14 55 24 Nan Nan Nan 111111111111 111111111111 111111111111 111111111111 111111111111 111111111111 111111111111 111111111111 111111111111 111111111111 111111111111 111111111111 111111111111 111111111111 111111111111 111111111111 111111111111 111111111111 26.125 42.412 998.76 49055 19 7 10 58 51 4 $GNGGA,145524.00,,,,,0,00,99.9,,,,,,*42
48 14 55 25 Nan Nan Nan 111111111111 111111111111 111111111111 111111111111 111111111111 111111111111 111111111111 111111111111 111111111111 111111111111 111111111111 111111111111 111111111111 111111111111 111111111111 111111111111 111111111111 111111111111 26.125 42.405 998.77 49895 19 7 11 60 51 3 $GNGGA,145525.00,,,,,0,00,99.9,,,,,,*43
49 14 55 26 Nan Nan Nan 111111111111 111111111111 111111111111 111111111111 111111111111 111111111111 111111111111 111111111111 111111111111 111111111111 111111111111 111111111111 111111111111 111111111111 111111111111 111111111111 111111111111 111111111111 26.125 42.397 998.77 50894 17 7 12 59 51 3 $GNGGA,145526.00,,,,,0,00,99.9,,,,,,*40
50 14 55 27 Nan Nan Nan 111111111111 111111111111 111111111111 111111111111 111111111111 111111111111 111111111111 111111111111 111111111111 111111111111 111111111111 111111111111 111111111111 111111111111 111111111111 111111111111 111111111111 111111111111 26.125 42.397 998.78 51893 17 6 11 59 51 4 $GNGGA,145527.00,,,,,0,00,99.9,,,,,,*41
51 14 55 28 Nan Nan Nan 111111111111 111111111111 111111111111 111111111111 111111111111 111111111111 111111111111 111111111111 111111111111 111111111111 111111111111 111111111111 111111111111 111111111111 111111111111 111111111111 111111111111 111111111111 26.125 42.405 998.77 52892 18 7 11 60 51 3 $GNGGA,145528.00,,,,,0,00,99.9,,,,,,*4E
52 14 55 29 Nan Nan Nan 111111111111 111111111111 111111111111 111111111111 111111111111 111111111111 111111111111 111111111111 111111111111 111111111111 111111111111 111111111111 111111111111 111111111111 111111111111 111111111111 111111111111 111111111111 26.125 42.389 998.77 53892 17 7 11 59 50 5 $GNGGA,145529.00,,,,,0,00,99.9,,,,,,*4F
53 14 55 30 Nan Nan Nan 111111111111 111111111111 111111111111 111111111111 111111111111 111111111111 111111111111 111111111111 111111111111 111111111111 111111111111 111111111111 111111111111 111111111111 111111111111 111111111111 111111111111 111111111111 26.125 42.374 998.78 55051 18 7 10 59 51 4 $GNGGA,145530.00,,,,,0,00,99.9,,,,,,*47
54 14 55 31 Nan Nan Nan 111111111111 111111111111 111111111111 111111111111 111111111111 111111111111 111111111111 111111111111 111111111111 111111111111 111111111111 111111111111 111111111111 111111111111 111111111111 111111111111 111111111111 111111111111 26.125 42.374 998.78 55891 18 7 11 59 50 4 $GNGGA,145531.00,,,,,0,00,99.9,,,,,,*46
55 14 55 32 Nan Nan Nan 111111111111 111111111111 111111111111 111111111111 111111111111 111111111111 111111111111 111111111111 111111111111 111111111111 111111111111 111111111111 111111111111 111111111111 111111111111 111111111111 111111111111 111111111111 26.125 42.344 998.79 56891 17 7 11 60 50 4 $GNGGA,145532.00,,,,,0,00,99.9,,,,,,*45
56 14 55 33 Nan Nan Nan 111111111111 111111111111 111111111111 111111111111 111111111111 111111111111 111111111111 111111111111 111111111111 111111111111 111111111111 111111111111 111111111111 111111111111 111111111111 111111111111 111111111111 111111111111 26.125 42.336 998.78 57889 19 7 10 59 50 4 $GNGGA,145533.00,,,,,0,00,99.9,,,,,,*44
57 14 55 34 Nan Nan Nan 111111111111 111111111111 111111111111 111111111111 111111111111 111111111111 111111111111 111111111111 111111111111 111111111111 111111111111 111111111111 111111111111 111111111111 111111111111 111111111111 111111111111 111111111111 26.063 42.351 998.78 58889 18 7 11 59 52 3 $GNGGA,145534.00,,,,,0,00,99.9,,,,,,*43
58 14 55 35 Nan Nan Nan 111111111111 111111111111 111111111111 111111111111 111111111111 111111111111 111111111111 111111111111 111111111111 111111111111 111111111111 111111111111 111111111111 111111111111 111111111111 111111111111 111111111111 111111111111 26.125 42.359 998.77 59886 18 7 11 60 50 4 $GNGGA,145535.00,,,,,0,00,99.9,,,,,,*42
59 14 55 36 Nan Nan Nan 111111111111 111111111111 111111111111 111111111111 111111111111 111111111111 111111111111 111111111111 111111111111 111111111111 111111111111 111111111111 111111111111 111111111111 111111111111 111111111111 111111111111 111111111111 26.125 42.397 998.77 61046 19 7 10 58 51 4 $GNGGA,145536.00,,,,,0,00,99.9,,,,,,*41
60 14 55 37 Nan Nan Nan 111111111111 111111111111 111111111111 111111111111 111111111111 111111111111 111111111111 111111111111 111111111111 111111111111 111111111111 111111111111 111111111111 111111111111 111111111111 111111111111 111111111111 111111111111 26.063 42.428 998.77 61886 18 7 11 60 51 3 $GNGGA,145537.00,,,,,0,00,99.9,,,,,,*40
61 14 55 38 Nan Nan Nan 111111111111 111111111111 111111111111 111111111111 111111111111 111111111111 111111111111 111111111111 111111111111 111111111111 111111111111 111111111111 111111111111 111111111111 111111111111 111111111111 111111111111 111111111111 26.125 42.428 998.78 62885 18 7 11 58 51 4 $GNGGA,145538.00,,,,,0,00,99.9,,,,,,*4F
62 14 55 39 Nan Nan Nan 111111111111 111111111111 111111111111 111111111111 111111111111 111111111111 111111111111 111111111111 111111111111 111111111111 111111111111 111111111111 111111111111 111111111111 111111111111 111111111111 111111111111 111111111111 26.125 42.428 998.77 63884 17 7 11 59 51 4 $GNGGA,145539.00,,,,,0,00,99.9,,,,,,*4E
63 14 55 40 Nan Nan Nan 111111111111 111111111111 111111111111 111111111111 111111111111 111111111111 111111111111 111111111111 111111111111 111111111111 111111111111 111111111111 111111111111 111111111111 111111111111 111111111111 111111111111 111111111111 26.063 42.428 998.77 64883 18 7 11 60 50 4 $GNGGA,145540.00,,,,,0,00,99.9,,,,,,*40
64 14 55 41 Nan Nan Nan 111111111111 111111111111 111111111111 111111111111 111111111111 111111111111 111111111111 111111111111 111111111111 111111111111 111111111111 111111111111 111111111111 111111111111 111111111111 111111111111 111111111111 111111111111 26.125 42.435 998.77 65882 18 8 10 59 50 5 $GNGGA,145541.00,,,,,0,00,99.9,,,,,,*41
65 14 55 42 Nan Nan Nan 111111111111 111111111111 111111111111 111111111111 111111111111 111111111111 111111111111 111111111111 111111111111 111111111111 111111111111 111111111111 111111111111 111111111111 111111111111 111111111111 111111111111 111111111111 26.063 42.435 998.79 67041 17 6 11 59 51 4 $GNGGA,145542.00,,,,,0,00,99.9,,,,,,*42
66 14 55 43 Nan Nan Nan 111111111111 111111111111 111111111111 111111111111 111111111111 111111111111 111111111111 111111111111 111111111111 111111111111 111111111111 111111111111 111111111111 111111111111 111111111111 111111111111 111111111111 111111111111 26.063 42.443 998.79 67880 18 7 11 58 51 4 $GNGGA,145543.00,,,,,0,00,99.9,,,,,,*43
67 14 55 44 Nan Nan Nan 111111111111 111111111111 111111111111 111111111111 111111111111 111111111111 111111111111 111111111111 111111111111 111111111111 111111111111 111111111111 111111111111 111111111111 111111111111 111111111111 111111111111 111111111111 26.125 42.443 998.78 68879 18 7 10 60 50 4 $GNGGA,145544.00,,,,,0,00,99.9,,,,,,*44
68 14 55 45 Nan Nan Nan 111111111111 111111111111 111111111111 111111111111 111111111111 111111111111 111111111111 111111111111 111111111111 111111111111 111111111111 111111111111 111111111111 111111111111 111111111111 111111111111 111111111111 111111111111 26.125 42.450 998.78 69878 19 7 10 58 51 4 $GNGGA,145545.00,,,,,0,00,99.9,,,,,,*45
69 14 55 46 Nan Nan Nan 111111111111 111111111111 111111111111 111111111111 111111111111 111111111111 111111111111 111111111111 111111111111 111111111111 111111111111 111111111111 111111111111 111111111111 111111111111 111111111111 111111111111 111111111111 26.125 42.466 998.78 70877 17 7 11 59 52 3 $GNGGA,145546.00,,,,,0,00,99.9,,,,,,*46
70 14 55 47 Nan Nan Nan 111111111111 111111111111 111111111111 111111111111 111111111111 111111111111 111111111111 111111111111 111111111111 111111111111 111111111111 111111111111 111111111111 111111111111 111111111111 111111111111 111111111111 111111111111 26.063 42.473 998.79 71876 18 6 11 60 50 4 $GNGGA,145547.00,,,,,0,00,99.9,,,,,,*47
71 14 55 48 Nan Nan Nan 111111111111 111111111111 111111111111 111111111111 111111111111 111111111111 111111111111 111111111111 111111111111 111111111111 111111111111 111111111111 111111111111 111111111111 111111111111 111111111111 111111111111 111111111111 26.125 42.489 998.79 73035 18 7 11 59 51 3 $GNGGA,145548.00,,,,,0,00,99.9,,,,,,*48
72 14 55 49 Nan Nan Nan 111111111111 111111111111 111111111111 111111111111 111111111111 111111111111 111111111111 111111111111 111111111111 111111111111 111111111111 111111111111 111111111111 111111111111 111111111111 111111111111 111111111111 111111111111 26.063 42.496 998.80 73874 18 7 11 60 51 3 $GNGGA,145549.00,,,,,0,00,99.9,,,,,,*49
73 14 55 50 Nan Nan Nan 111111111111 111111111111 111111111111 111111111111 111111111111 111111111111 111111111111 111111111111 111111111111 111111111111 111111111111 111111111111 111111111111 111111111111 111111111111 111111111111 111111111111 111111111111 26.063 42.443 998.79 74873 18 7 11 59 50 4 $GNGGA,145550.00,,,,,0,00,99.9,,,,,,*41
74 14 55 51 Nan Nan Nan 111111111111 111111111111 111111111111 111111111111 111111111111 111111111111 111111111111 111111111111 111111111111 111111111111 111111111111 111111111111 111111111111 111111111111 111111111111 111111111111 111111111111 111111111111 26.063 42.817 998.79 75873 18 7 10 59 52 4 $GNGGA,145551.00,,,,,0,00,99.9,,,,,,*40
75 14 55 52 Nan Nan Nan 111111111111 111111111111 111111111111 111111111111 111111111111 111111111111 111111111111 111111111111 111111111111 111111111111 111111111111 111111111111 111111111111 111111111111 111111111111 111111111111 111111111111 111111111111 26.063 42.702 998.79 76872 18 7 11 60 51 3 $GNGGA,145552.00,,,,,0,00,99.9,,,,,,*43
76 14 55 53 Nan Nan Nan 111111111111 111111111111 111111111111 111111111111 111111111111 111111111111 111111111111 111111111111 111111111111 111111111111 111111111111 111111111111 111111111111 111111111111 111111111111 111111111111 111111111111 111111111111 26.125 42.641 998.79 77871 18 8 10 58 51 5 $GNGGA,145553.00,,,,,0,00,99.9,,,,,,*42
77 14 55 54 Nan Nan Nan 111111111111 111111111111 111111111111 111111111111 111111111111 111111111111 111111111111 111111111111 111111111111 111111111111 111111111111 111111111111 111111111111 111111111111 111111111111 111111111111 111111111111 111111111111 26.125 42.527 998.78 79030 17 7 11 59 52 3 $GNGGA,145554.00,,,,,0,00,99.9,,,,,,*45
78 14 55 55 Nan Nan Nan 111111111111 111111111111 111111111111 111111111111 111111111111 111111111111 111111111111 111111111111 111111111111 111111111111 111111111111 111111111111 111111111111 111111111111 111111111111 111111111111 111111111111 111111111111 26.063 42.473 998.79 79869 17 7 12 59 50 4 $GNGGA,145555.00,,,,,0,00,99.9,,,,,,*44
79 14 55 56 Nan Nan Nan 111111111111 111111111111 111111111111 111111111111 111111111111 111111111111 111111111111 111111111111 111111111111 111111111111 111111111111 111111111111 111111111111 111111111111 111111111111 111111111111 111111111111 111111111111 26.125 42.428 998.78 80868 17 7 11 60 51 3 $GNGGA,145556.00,,,,,0,00,99.9,,,,,,*47
80 14 55 57 Nan Nan Nan 111111111111 111111111111 111111111111 111111111111 111111111111 111111111111 111111111111 111111111111 111111111111 111111111111 111111111111 111111111111 111111111111 111111111111 111111111111 111111111111 111111111111 111111111111 26.125 42.397 998.78 81866 18 7 11 59 51 3 $GNGGA,145557.00,,,,,0,00,99.9,,,,,,*46
81 14 55 58 Nan Nan Nan 111111111111 111111111111 111111111111 111111111111 111111111111 111111111111 111111111111 111111111111 111111111111 111111111111 111111111111 111111111111 111111111111 111111111111 111111111111 111111111111 111111111111 111111111111 26.125 42.382 998.79 82866 17 6 11 59 51 4 $GNGGA,145558.00,,,,,0,00,99.9,,,,,,*49
82 14 55 59 Nan Nan Nan 111111111111 111111111111 111111111111 111111111111 111111111111 111111111111 111111111111 111111111111 111111111111 111111111111 111111111111 111111111111 111111111111 111111111111 111111111111 111111111111 111111111111 111111111111 26.125 42.397 998.78 83865 18 7 11 60 51 3 $GNGGA,145559.00,,,,,0,00,99.9,,,,,,*48
83 14 56 00 Nan Nan Nan 111111111111 111111111111 111111111111 111111111111 111111111111 111111111111 111111111111 111111111111 111111111111 111111111111 111111111111 111111111111 111111111111 111111111111 111111111111 111111111111 111111111111 111111111111 26.125 42.611 998.78 85025 18 7 11 59 51 3 $GNGGA,145600.00,,,,,0,00,99.9,,,,,,*47
84 14 56 01 Nan Nan Nan 111111111111 111111111111 111111111111 111111111111 111111111111 111111111111 111111111111 111111111111 111111111111 111111111111 111111111111 111111111111 111111111111 111111111111 111111111111 111111111111 111111111111 111111111111 26.125 42.756 998.78 85865 19 7 10 59 51 4 $GNGGA,145601.00,,,,,0,00,99.9,,,,,,*46
85 14 56 02 Nan Nan Nan 111111111111 111111111111 111111111111 111111111111 111111111111 111111111111 111111111111 111111111111 111111111111 111111111111 111111111111 111111111111 111111111111 111111111111 111111111111 111111111111 111111111111 111111111111 26.125 42.740 998.77 86863 17 7 12 59 51 3 $GNGGA,145602.00,,,,,0,00,99.9,,,,,,*45
86 14 56 03 Nan Nan Nan 111111111111 111111111111 111111111111 111111111111 111111111111 111111111111 111111111111 111111111111 111111111111 111111111111 111111111111 111111111111 111111111111 111111111111 111111111111 111111111111 111111111111 111111111111 26.125 42.756 998.76 87863 17 7 11 59 52 3 $GNGGA,145603.00,,,,,0,00,99.9,,,,,,*44
87 14 56 04 Nan Nan Nan 111111111111 111111111111 111111111111 111111111111 111111111111 111111111111 111111111111 111111111111 111111111111 111111111111 111111111111 111111111111 111111111111 111111111111 111111111111 111111111111 111111111111 111111111111 26.063 42.885 998.76 88862 18 7 11 60 50 4 $GNGGA,145604.00,,,,,0,00,99.9,,,,,,*43
88 14 56 05 Nan Nan Nan 111111111111 111111111111 111111111111 111111111111 111111111111 111111111111 111111111111 111111111111 111111111111 111111111111 111111111111 111111111111 111111111111 111111111111 111111111111 111111111111 111111111111 111111111111 26.125 43.068 998.77 89862 17 8 11 59 52 3 $GNGGA,145605.00,,,,,0,00,99.9,,,,,,*42
89 14 56 06 Nan Nan Nan 111111111111 111111111111 111111111111 111111111111 111111111111 111111111111 111111111111 111111111111 111111111111 111111111111 111111111111 111111111111 111111111111 111111111111 111111111111 111111111111 111111111111 111111111111 26.125 43.160 998.77 91020 17 7 11 59 52 3 $GNGGA,145606.00,,,,,0,00,99.9,,,,,,*41
90 14 56 07 Nan Nan Nan 111111111111 111111111111 111111111111 111111111111 111111111111 111111111111 111111111111 111111111111 111111111111 111111111111 111111111111 111111111111 111111111111 111111111111 111111111111 111111111111 111111111111 111111111111 26.125 43.213 998.78 91859 18 7 11 59 51 4 $GNGGA,145607.00,,,,,0,00,99.9,,,,,,*40
91 14 56 08 Nan Nan Nan 111111111111 111111111111 111111111111 111111111111 111111111111 111111111111 111111111111 111111111111 111111111111 111111111111 111111111111 111111111111 111111111111 111111111111 111111111111 111111111111 111111111111 111111111111 26.125 43.053 998.77 92858 17 7 11 60 51 3 $GNGGA,145608.00,,,,,0,00,99.9,,,,,,*4F
92 14 56 09 Nan Nan Nan 111111111111 111111111111 111111111111 111111111111 111111111111 111111111111 111111111111 111111111111 111111111111 111111111111 111111111111 111111111111 111111111111 111111111111 111111111111 111111111111 111111111111 111111111111 26.125 42.939 998.78 93857 19 7 10 59 51 4 $GNGGA,145609.00,,,,,0,00,99.9,,,,,,*4E
93 14 56 10 Nan Nan Nan 111111111111 111111111111 111111111111 111111111111 111111111111 111111111111 111111111111 111111111111 111111111111 111111111111 111111111111 111111111111 111111111111 111111111111 111111111111 111111111111 111111111111 111111111111 26.125 42.840 998.77 94857 18 7 10 58 52 4 $GNGGA,145610.00,,,,,0,00,99.9,,,,,,*46
94 14 56 11 Nan Nan Nan 111111111111 111111111111 111111111111 111111111111 111111111111 111111111111 111111111111 111111111111 111111111111 111111111111 111111111111 111111111111 111111111111 111111111111 111111111111 111111111111 111111111111 111111111111 26.125 42.908 998.76 95855 18 6 11 60 50 4 $GNGGA,145611.00,,,,,0,00,99.9,,,,,,*47
95 14 56 12 Nan Nan Nan 111111111111 111111111111 111111111111 111111111111 111111111111 111111111111 111111111111 111111111111 111111111111 111111111111 111111111111 111111111111 111111111111 111111111111 111111111111 111111111111 111111111111 111111111111 26.125 43.015 998.77 97013 19 7 11 59 51 3 $GNGGA,145612.00,,,,,0,00,99.9,,,,,,*44
96 14 56 13 Nan Nan Nan 111111111111 111111111111 111111111111 111111111111 111111111111 111111111111 111111111111 111111111111 111111111111 111111111111 111111111111 111111111111 111111111111 111111111111 111111111111 111111111111 111111111111 111111111111 26.063 42.931 998.78 97854 18 7 11 60 51 3 $GNGGA,145613.00,,,,,0,00,99.9,,,,,,*45
97 14 56 14 Nan Nan Nan 111111111111 111111111111 111111111111 111111111111 111111111111 111111111111 111111111111 111111111111 111111111111 111111111111 111111111111 111111111111 111111111111 111111111111 111111111111 111111111111 111111111111 111111111111 26.125 42.840 998.79 98853 17 7 12 59 51 3 $GNGGA,145614.00,,,,,0,00,99.9,,,,,,*42
98 14 56 15 Nan Nan Nan 111111111111 111111111111 111111111111 111111111111 111111111111 111111111111 111111111111 111111111111 111111111111 111111111111 111111111111 111111111111 111111111111 111111111111 111111111111 111111111111 111111111111 111111111111 26.063 42.786 998.78 99851 18 7 10 59 51 4 $GNGGA,145615.00,,,,,0,00,99.9,,,,,,*43
99 14 56 16 Nan Nan Nan 111111111111 111111111111 111111111111 111111111111 111111111111 111111111111 111111111111 111111111111 111111111111 111111111111 111111111111 111111111111 111111111111 111111111111 111111111111 111111111111 111111111111 111111111111 26.063 42.740 998.77 100860 18 7 12 59 51 3 $GNGGA,145616.00,,,,,0,00,99.9,,,,,,*40
100 14 56 17 Nan Nan Nan 111111111111 111111111111 111111111111 111111111111 111111111111 111111111111 111111111111 111111111111 111111111111 111111111111 111111111111 111111111111 111111111111 111111111111 111111111111 111111111111 111111111111 111111111111 26.063 42.672 998.76 101859 18 6 10 60 50 4 $GNGGA,145617.00,,,,,0,00,99.9,,,,,,*41
101 14 56 18 Nan Nan Nan 111111111111 111111111111 111111111111 111111111111 111111111111 111111111111 111111111111 111111111111 111111111111 111111111111 111111111111 111111111111 111111111111 111111111111 111111111111 111111111111 111111111111 111111111111 26.125 42.641 998.76 103009 18 7 10 58 52 4 $GNGGA,145618.00,,,,,0,00,99.9,,,,,,*4E
102 14 56 19 Nan Nan Nan 111111111111 111111111111 111111111111 111111111111 111111111111 111111111111 111111111111 111111111111 111111111111 111111111111 111111111111 111111111111 111111111111 111111111111 111111111111 111111111111 111111111111 111111111111 26.063 42.664 998.75 103856 18 8 11 58 51 4 $GNGGA,145619.00,,,,,0,00,99.9,,,,,,*4F
103 14 56 20 Nan Nan Nan 111111111111 111111111111 111111111111 111111111111 111111111111 111111111111 111111111111 111111111111 111111111111 111111111111 111111111111 111111111111 111111111111 111111111111 111111111111 111111111111 111111111111 111111111111 26.125 42.740 998.76 104856 18 7 11 60 51 3 $GNGGA,145620.00,,,,,0,00,99.9,,,,,,*45
104 14 56 21 Nan Nan Nan 111111111111 111111111111 111111111111 111111111111 111111111111 111111111111 111111111111 111111111111 111111111111 111111111111 111111111111 111111111111 111111111111 111111111111 111111111111 111111111111 111111111111 111111111111 26.125 42.710 998.76 105854 17 7 12 59 51 3 $GNGGA,145621.00,,,,,0,00,99.9,,,,,,*44
105 14 56 22 Nan Nan Nan 111111111111 111111111111 111111111111 111111111111 111111111111 111111111111 111111111111 111111111111 111111111111 111111111111 111111111111 111111111111 111111111111 111111111111 111111111111 111111111111 111111111111 111111111111 26.125 42.672 998.76 106855 18 7 11 60 51 3 $GNGGA,145622.00,,,,,0,00,99.9,,,,,,*47
106 14 56 23 Nan Nan Nan 111111111111 111111111111 111111111111 111111111111 111111111111 111111111111 111111111111 111111111111 111111111111 111111111111 111111111111 111111111111 111111111111 111111111111 111111111111 111111111111 111111111111 111111111111 26.125 42.649 998.77 107853 18 7 11 58 51 4 $GNGGA,145623.00,,,,,0,00,99.9,,,,,,*46
107 14 56 24 Nan Nan Nan 111111111111 111111111111 111111111111 111111111111 111111111111 111111111111 111111111111 111111111111 111111111111 111111111111 111111111111 111111111111 111111111111 111111111111 111111111111 111111111111 111111111111 111111111111 26.125 42.687 998.77 108999 19 7 10 59 51 4 $GNGGA,145624.00,,,,,0,00,99.9,,,,,,*41
108 14 56 25 Nan Nan Nan 111111111111 111111111111 111111111111 111111111111 111111111111 111111111111 111111111111 111111111111 111111111111 111111111111 111111111111 111111111111 111111111111 111111111111 111111111111 111111111111 111111111111 111111111111 26.125 42.702 998.77 109851 19 7 10 59 51 4 $GNGGA,145625.00,,,,,0,00,99.9,,,,,,*40
109 14 56 26 Nan Nan Nan 111111111111 111111111111 111111111111 111111111111 111111111111 111111111111 111111111111 111111111111 111111111111 111111111111 111111111111 111111111111 111111111111 111111111111 111111111111 111111111111 111111111111 111111111111 26.063 42.717 998.76 110846 18 7 11 58 51 4 $GNGGA,145626.00,,,,,0,00,99.9,,,,,,*43
110 14 56 27 Nan Nan Nan 111111111111 111111111111 111111111111 111111111111 111111111111 111111111111 111111111111 111111111111 111111111111 111111111111 111111111111 111111111111 111111111111 111111111111 111111111111 111111111111 111111111111 111111111111 26.063 42.695 998.77 111848 19 7 10 59 51 4 $GNGGA,145627.00,,,,,0,00,99.9,,,,,,*42
111 14 56 28 Nan Nan Nan 111111111111 111111111111 111111111111 111111111111 111111111111 111111111111 111111111111 111111111111 111111111111 111111111111 111111111111 111111111111 111111111111 111111111111 111111111111 111111111111 111111111111 111111111111 26.125 42.656 998.76 112846 18 7 11 58 51 4 $GNGGA,145628.00,,,,,0,00,99.9,,,,,,*4D
112 14 56 29 Nan Nan Nan 111111111111 111111111111 111111111111 111111111111 111111111111 111111111111 111111111111 111111111111 111111111111 111111111111 111111111111 111111111111 111111111111 111111111111 111111111111 111111111111 111111111111 111111111111 26.125 42.595 998.75 113848 17 7 11 59 52 3 $GNGGA,145629.00,,,,,0,00,99.9,,,,,,*4C
113 14 56 30 Nan Nan Nan 111111111111 111111111111 111111111111 111111111111 111111111111 111111111111 111111111111 111111111111 111111111111 111111111111 111111111111 111111111111 111111111111 111111111111 111111111111 111111111111 111111111111 111111111111 26.063 42.504 998.77 114996 17 7 11 59 52 3 $GNGGA,145630.00,,,,,0,00,99.9,,,,,,*44
114 14 56 31 Nan Nan Nan 111111111111 111111111111 111111111111 111111111111 111111111111 111111111111 111111111111 111111111111 111111111111 111111111111 111111111111 111111111111 111111111111 111111111111 111111111111 111111111111 111111111111 111111111111 26.125 42.473 998.77 115845 18 7 10 59 50 5 $GNGGA,145631.00,,,,,0,00,99.9,,,,,,*45
115 14 56 32 Nan Nan Nan 111111111111 111111111111 111111111111 111111111111 111111111111 111111111111 111111111111 111111111111 111111111111 111111111111 111111111111 111111111111 111111111111 111111111111 111111111111 111111111111 111111111111 111111111111 26.125 42.489 998.76 116844 18 7 11 60 51 3 $GNGGA,145632.00,,,,,0,00,99.9,,,,,,*46
116 14 56 33 Nan Nan Nan 111111111111 111111111111 111111111111 111111111111 111111111111 111111111111 111111111111 111111111111 111111111111 111111111111 111111111111 111111111111 111111111111 111111111111 111111111111 111111111111 111111111111 111111111111 26.125 42.489 998.76 117842 17 7 12 59 51 3 $GNGGA,145633.00,,,,,0,00,99.9,,,,,,*47
117 14 56 34 Nan Nan Nan 111111111111 111111111111 111111111111 111111111111 111111111111 111111111111 111111111111 111111111111 111111111111 111111111111 111111111111 111111111111 111111111111 111111111111 111111111111 111111111111 111111111111 111111111111 26.125 42.489 998.76 118841 18 7 10 59 51 4 $GNGGA,145634.00,,,,,0,00,99.9,,,,,,*40
118 14 56 35 Nan Nan Nan 111111111111 111111111111 111111111111 111111111111 111111111111 111111111111 111111111111 111111111111 111111111111 111111111111 111111111111 111111111111 111111111111 111111111111 111111111111 111111111111 111111111111 111111111111 26.063 42.489 998.75 119840 18 7 11 59 51 3 $GNGGA,145635.00,,,,,0,00,99.9,,,,,,*41
119 14 56 36 Nan Nan Nan 111111111111 111111111111 111111111111 111111111111 111111111111 111111111111 111111111111 111111111111 111111111111 111111111111 111111111111 111111111111 111111111111 111111111111 111111111111 111111111111 111111111111 111111111111 26.125 42.458 998.74 121001 17 7 12 59 51 3 $GNGGA,145636.00,,,,,0,00,99.9,,,,,,*42
120 14 56 37 Nan Nan Nan 111111111111 111111111111 111111111111 111111111111 111111111111 111111111111 111111111111 111111111111 111111111111 111111111111 111111111111 111111111111 111111111111 111111111111 111111111111 111111111111 111111111111 111111111111 26.125 42.435 998.74 121836 18 7 11 60 51 3 $GNGGA,145637.00,,,,,0,00,99.9,,,,,,*43
121 14 56 38 Nan Nan Nan 111111111111 111111111111 111111111111 111111111111 111111111111 111111111111 111111111111 111111111111 111111111111 111111111111 111111111111 111111111111 111111111111 111111111111 111111111111 111111111111 111111111111 111111111111 26.125 42.405 998.73 122839 17 8 12 59 50 4 $GNGGA,145638.00,,,,,0,00,99.9,,,,,,*4C
122 14 56 39 Nan Nan Nan 111111111111 111111111111 111111111111 111111111111 111111111111 111111111111 111111111111 111111111111 111111111111 111111111111 111111111111 111111111111 111111111111 111111111111 111111111111 111111111111 111111111111 111111111111 26.063 42.389 998.74 123837 18 7 11 60 50 4 $GNGGA,145639.00,,,,,0,00,99.9,,,,,,*4D
123 14 56 40 Nan Nan Nan 111111111111 111111111111 111111111111 111111111111 111111111111 111111111111 111111111111 111111111111 111111111111 111111111111 111111111111 111111111111 111111111111 111111111111 111111111111 111111111111 111111111111 111111111111 26.063 42.382 998.73 124835 18 6 11 59 50 4 $GNGGA,145640.00,,,,,0,00,99.9,,,,,,*43
124 14 56 41 Nan Nan Nan 111111111111 111111111111 111111111111 111111111111 111111111111 111111111111 111111111111 111111111111 111111111111 111111111111 111111111111 111111111111 111111111111 111111111111 111111111111 111111111111 111111111111 111111111111 26.063 42.374 998.74 125836 17 7 11 59 52 3 $GNGGA,145641.00,,,,,0,00,99.9,,,,,,*42
125 14 56 42 Nan Nan Nan 111111111111 111111111111 111111111111 111111111111 111111111111 111111111111 111111111111 111111111111 111111111111 111111111111 111111111111 111111111111 111111111111 111111111111 111111111111 111111111111 111111111111 111111111111 26.063 42.382 998.73 126996 18 7 11 60 50 4 $GNGGA,145642.00,,,,,0,00,99.9,,,,,,*41
126 14 56 43 Nan Nan Nan 111111111111 111111111111 111111111111 111111111111 111111111111 111111111111 111111111111 111111111111 111111111111 111111111111 111111111111 111111111111 111111111111 111111111111 111111111111 111111111111 111111111111 111111111111 26.125 42.382 998.74 127834 17 8 11 59 51 4 $GNGGA,145643.00,,,,,0,00,99.9,,,,,,*40
127 14 56 44 Nan Nan Nan 111111111111 111111111111 111111111111 111111111111 111111111111 111111111111 111111111111 111111111111 111111111111 111111111111 111111111111 111111111111 111111111111 111111111111 111111111111 111111111111 111111111111 111111111111 26.063 42.367 998.75 128832 18 7 11 60 51 3 $GNGGA,145644.00,,,,,0,00,99.9,,,,,,*47
128 14 56 45 Nan Nan Nan 111111111111 111111111111 111111111111 111111111111 111111111111 111111111111 111111111111 111111111111 111111111111 111111111111 111111111111 111111111111 111111111111 111111111111 111111111111 111111111111 111111111111 111111111111 26.125 42.405 998.74 129831 18 7 11 58 51 4 $GNGGA,145645.00,,,,,0,00,99.9,,,,,,*46
129 14 56 46 Nan Nan Nan 111111111111 111111111111 111111111111 111111111111 111111111111 111111111111 111111111111 111111111111 111111111111 111111111111 111111111111 111111111111 111111111111 111111111111 111111111111 111111111111 111111111111 111111111111 26.063 42.450 998.75 130830 17 7 11 59 52 3 $GNGGA,145646.00,,,,,0,00,99.9,,,,,,*45
