id HH MM SS longitude latitude altitude adc_1_ch0 adc_1_ch1 adc_1_ch2 adc_1_ch3 adc_1_ch4 adc_1_ch5 adc_1_ch6 adc_1_ch7 adc_1_ch8 adc_2_ch0 adc_2_ch1 adc_2_ch2 adc_2_ch3 adc_2_ch4 adc_2_ch5 adc_2_ch6 adc_2_ch7 adc_2_ch8 temp hum pres t_prog t_gps t_split t_adc t_temp t_hum t_pres trame_gga
1 15 02 16 Nan Nan Nan 1101100111 1101101000 1000 1110100 1000 1110011 111111111111 111111111111 111111110111 1101101111 1101101111 1101100 11 1101100 11 1101110 111111111111 111111111111 26.625 41.710 795.83 3005 17 7 11 60 51 3 $GNGGA,150216.00,,,,,0,00,99.9,,,,,,*40
2 15 02 17 Nan Nan Nan 0 1101100111 111 1110100 1000 1110011 111111111111 111111111111 111111110111 1101101111 1101101111 1101100 11 1101011 11 111111111111 111111111111 111111111111 26.563 42.046 998.75 4003 15 7 12 59 50 4 $GNGGA,150217.00,,,,,0,00,99.9,,,,,,*41
3 15 02 18 Nan Nan Nan 0 1101100111 1000 1110100 1000 1110011 111111111111 111111111111 111111110111 1101101111 1101101111 1101100 11 1101011 11 111111111111 111111111111 111111111111 26.563 41.848 998.75 5163 15 8 12 59 51 3 $GNGGA,150218.00,,,,,0,00,99.9,,,,,,*4E
4 15 02 19 Nan Nan Nan 0 1101101000 1000 1110100 1000 1110011 111111111111 111111111111 111111110111 1101101111 1101101111 1101100 11 1101001 11 111111111111 111111111111 111001001001 26.563 41.726 998.75 6000 17 7 10 60 50 4 $GNGGA,150219.00,,,,,0,00,99.9,,,,,,*4F
5 15 02 20 Nan Nan Nan 0 1101101000 111 1110100 111 1110010 111111111111 111111111111 111111110111 1101101111 1101101111 1101011 11 1100111 11 111111111111 111010011001 110000000100 26.563 41.466 998.76 7001 15 8 11 59 50 5 $GNGGA,150220.00,,,,,0,00,99.9,,,,,,*45
6 15 02 21 Nan Nan Nan 0 1101101000 111 1110100 1000 1110010 111111111111 111111111111 111111110111 1101101111 1101101111 1101001 11 1100100 11 111111111111 110010110110 101000110111 26.563 41.421 998.75 7997 16 6 11 60 50 4 $GNGGA,150221.00,,,,,0,00,99.9,,,,,,*44
7 15 02 22 Nan Nan Nan 0 1101100111 111 1110100 1000 1101111 111111111111 111111111111 111111110111 1101101111 1101101111 1100110 11 1110101 11 111111111111 101100100000 100011001101 26.563 41.260 998.74 8998 15 7 12 59 50 4 $GNGGA,150222.00,,,,,0,00,99.9,,,,,,*47
8 15 02 23 Nan Nan Nan 0 1101100111 111 1110011 111 1101110 111111111111 111111111111 111111110111 1101101111 1101101111 1100101 11 11100110 11 111111111111 100111011111 11110101111 26.500 41.268 998.74 9998 15 6 11 60 50 4 $GNGGA,150223.00,,,,,0,00,99.9,,,,,,*46
9 15 02 24 Nan Nan Nan 0 1101100111 111 1110011 111 1101110 111111111111 111111111111 111111110111 1101101111 1101101111 1101100 11 101100110 11 111111111111 100010100000 11010101100 26.500 41.344 998.73 11157 17 7 11 60 51 3 $GNGGA,150224.00,,,,,0,00,99.9,,,,,,*41
10 15 02 25 Nan Nan Nan 0 1101100111 111 1110011 111 1101110 111111111111 111111111111 111111110111 1101101111 1101101111 10100000 11 110101110 11 110011100010 11111101001 11000100111 26.500 42.229 998.73 11996 16 8 11 59 52 3 $GNGGA,150225.00,,,,,0,00,99.9,,,,,,*40
11 15 02 26 Nan Nan Nan 0 1101100111 111 1110011 111 1101110 111111111111 111111111111 111111110111 1101101111 1101101111 11101001 11 111110001 11 101001101000 11100101001 10110010100 26.500 43.259 998.72 12994 16 7 11 60 51 3 $GNGGA,150226.00,,,,,0,00,99.9,,,,,,*43
12 15 02 27 Nan Nan Nan 0 1101101000 110 1110010 110 1101110 111111111111 111111111111 111111110111 1101101111 1101101111 100101110 100 1000100110 11 100011001110 11010001110 10100100011 26.500 43.633 998.73 13993 15 7 12 59 50 4 $GNGGA,150227.00,,,,,0,00,99.9,,,,,,*42
13 15 02 28 Nan Nan Nan 0 1101100111 110 1110000 101 1101101 111111111111 111111111111 111111110111 1101101111 1101101111 101100010 1111110 1001010011 11 11110111100 11000000101 10011000101 26.500 43.702 998.73 14991 16 7 11 60 51 3 $GNGGA,150228.00,,,,,0,00,99.9,,,,,,*4D
14 15 02 29 Nan Nan Nan 0 1101100111 101 1101110 110 1101101 111111111111 100111111101 111111110111 1101101111 1101101111 110001111 11100100 1001110110 11 11011111111 10110010111 10001111100 26.500 43.145 998.73 15992 16 7 11 58 51 4 $GNGGA,150229.00,,,,,0,00,99.9,,,,,,*4C
15 15 02 30 Nan Nan Nan 0 1101100111 101 1101110 110 1101100 101001001011 100000110101 111111110111 1101101111 1101101111 110110111 101001010 1010010111 11 11001110001 10100111101 10001001010 26.438 42.206 998.73 17140 17 7 11 59 51 3 $GNGGA,150230.00,,,,,0,00,99.9,,,,,,*44
16 15 02 31 Nan Nan Nan 0 1101100111 101 1101111 101 1101100 100011100111 11111000110 0 1101101111 1101101111 111001111 110001111 1010101011 11 11000100110 10011110100 10000011110 26.500 41.726 998.72 17990 16 7 11 60 51 3 $GNGGA,150231.00,,,,,0,00,99.9,,,,,,*45
17 15 02 32 Nan Nan Nan 0 1101100111 101 1101110 101 1101100 100000100110 11101100011 111111110111 1101101111 1101101111 111101010 111010001 1011000101 11 10111011011 10010110101 1111111010 26.438 41.237 998.72 18991 16 8 10 58 51 5 $GNGGA,150232.00,,,,,0,00,99.9,,,,,,*46
18 15 02 33 Nan Nan Nan 0 1101100111 101 1101110 101 1101100 11110101010 11100010100 0 1101101111 1101101111 111111110 1000001001 1011011000 11 10110101001 10001111111 1111011101 26.438 40.902 998.72 19990 17 7 10 59 51 4 $GNGGA,150233.00,,,,,0,00,99.9,,,,,,*47
19 15 02 34 Nan Nan Nan 0 1101100111 101 1101110 110 1101011 11101000010 11011000100 0 1101101111 1101101111 1000001101 1000110111 1011101010 11 10101111111 10001011011 1111001011 26.438 40.741 998.73 20988 16 7 11 59 50 4 $GNGGA,150234.00,,,,,0,00,99.9,,,,,,*40
20 15 02 35 Nan Nan Nan 0 1101100111 101 1101110 101 1101011 11011101010 11010000001 111111110111 1101101111 1101101111 1000011110 1001011110 1011111011 11 10101011100 10000110100 1110111000 26.438 40.635 998.73 21991 17 7 10 59 51 4 $GNGGA,150235.00,,,,,0,00,99.9,,,,,,*41
21 15 02 36 Nan Nan Nan 0 1101100111 101 1101101 101 1101011 11010010000 11000111101 111111110111 1101101111 1101101111 1000101011 1001111101 1100001000 11 10100111111 10000010011 1110011101 26.438 40.558 998.73 23140 16 7 10 59 51 4 $GNGGA,150236.00,,,,,0,00,99.9,,,,,,*42
