id HH MM SS longitude latitude altitude adc_1_ch0 adc_1_ch1 adc_1_ch2 adc_1_ch3 adc_1_ch4 adc_1_ch5 adc_1_ch6 adc_1_ch7 adc_1_ch8 adc_2_ch0 adc_2_ch1 adc_2_ch2 adc_2_ch3 adc_2_ch4 adc_2_ch5 adc_2_ch6 adc_2_ch7 adc_2_ch8 temp hum pres t_prog t_gps t_split t_adc t_temp t_hum t_pres trame_gga
1 15 02 54 Nan Nan Nan 1101100000 1101100111 100 10011101 11010101 1100101 10001111110 10010000101 111111110111 1101101111 1101101111 1010000101 1100110010 1110000001 11 10010110111 1101100010 1101010010 26.313 40.833 795.83 3819 17 7 11 60 51 3 $GNGGA,150254.00,,,,,0,00,99.9,,,,,,*46
2 15 02 55 Nan Nan Nan 0 1101100111 100 10101111 11101011 1100101 10001101110 10001111010 0 1101101111 1101101111 1010001000 1100110000 1110000001 11 10010110010 1101100010 1101001010 26.250 40.726 998.72 4658 16 7 10 58 52 4 $GNGGA,150255.00,,,,,0,00,99.9,,,,,,*47
3 15 02 56 Nan Nan Nan 0 1101100111 100 11000011 11111111 1100101 10001100111 10001110001 111111110111 1101101111 1101101111 1010001011 1100110110 1110001000 11 10010110110 1101100010 1101010010 26.313 40.726 998.72 5656 17 7 11 60 51 3 $GNGGA,150256.00,,,,,0,00,99.9,,,,,,*44
4 15 02 57 Nan Nan Nan 0 1101100111 100 11011001 100011110 1100101 10001011101 10001101100 0 1101101111 1101101111 1010001110 1100111100 1110001010 11 10010101011 1101011101 1101000001 26.313 40.665 998.73 6656 16 8 11 58 51 4 $GNGGA,150257.00,,,,,0,00,99.9,,,,,,*45
5 15 02 58 Nan Nan Nan 0 1101100111 100 11100111 100110010 1100101 10001010010 10001100101 111111110111 1101101111 1101101111 1010010001 1100111110 1110001100 11 10010101011 1101011001 1101000100 26.313 40.497 998.73 7655 16 7 11 60 50 4 $GNGGA,150258.00,,,,,0,00,99.9,,,,,,*4A
6 15 02 59 Nan Nan Nan 0 1101100111 100 11111010 101000111 1100101 10001001100 10001011010 0 1101101111 1101101111 1010010000 1101001100 1110001111 11 10010101110 1101011111 1101001110 26.250 40.398 998.73 8652 16 7 11 59 51 3 $GNGGA,150259.00,,,,,0,00,99.9,,,,,,*4B
7 15 03 00 Nan Nan Nan 0 1101100111 100 100001110 101100011 1100110 10000111110 10001010000 0 1101101111 1101101111 1010010010 1101001000 1110010001 11 10010101000 1101100011 1101001101 26.250 42.351 998.74 9802 17 7 10 58 51 4 $GNGGA,150300.00,,,,,0,00,99.9,,,,,,*46
8 15 03 01 Nan Nan Nan 0 1101100111 100 100010111 101100011 1101000 10001001000 10001010000 0 1101101111 1101101111 1010010101 1101001100 1110010100 11 10010101101 1101011100 1101000100 26.250 41.977 998.74 10652 17 7 10 59 51 4 $GNGGA,150301.00,,,,,0,00,99.9,,,,,,*47
9 15 03 02 Nan Nan Nan 0 1101100111 100 100101010 101111101 1101100 10000101011 10001000100 0 1101101111 1101101111 1010010110 1101011001 1110011001 100 10010101010 1101100011 1101001000 26.188 41.474 998.74 11652 15 8 11 59 50 5 $GNGGA,150302.00,,,,,0,00,99.9,,,,,,*44
10 15 03 03 Nan Nan Nan 0 1101100111 100 100110111 110001111 1110010 10000100101 10000111100 0 1101101111 1101101111 1010010111 1101011010 1110011001 100 10010101100 1101011001 1101001010 26.250 41.146 998.73 12651 16 7 11 60 51 3 $GNGGA,150303.00,,,,,0,00,99.9,,,,,,*45
11 15 03 04 Nan Nan Nan 0 1101100111 100 101000101 110011100 1111010 10000100000 10000111000 0 1101101111 1101101111 1010010111 1101101001 1110011101 11 10010101000 1101011010 1101001010 26.188 41.077 998.74 13649 15 7 12 59 51 3 $GNGGA,150304.00,,,,,0,00,99.9,,,,,,*42
12 15 03 05 Nan Nan Nan 0 1101100111 100 101010100 110101000 10000100 10000011001 10000110001 111111110111 1101101111 1101101111 1010011010 1101101101 1110011111 11 10010100110 1101001111 1100111110 26.250 41.588 998.73 14648 16 7 10 58 52 4 $GNGGA,150305.00,,,,,0,00,99.9,,,,,,*43
13 15 03 06 Nan Nan Nan 0 1101100111 100 101011111 110111011 10010100 10000001101 10000100110 0 1101101111 1101101111 1010100001 1110000000 1110100011 11 10010110010 1101010100 1101000001 26.250 41.916 998.74 15809 16 7 11 60 51 3 $GNGGA,150306.00,,,,,0,00,99.9,,,,,,*40
14 15 03 07 Nan Nan Nan 0 1101100111 100 101101011 111001000 10011010 10000001111 10000101000 0 1101101111 1101101111 1010100000 1110001011 1110100100 11 10010110000 1101010001 1101000111 26.188 43.137 998.74 16647 15 7 11 59 51 4 $GNGGA,150307.00,,,,,0,00,99.9,,,,,,*41
15 15 03 08 Nan Nan Nan 0 1101100111 100 101110101 111011000 10101001 10000000010 10000100001 111111110111 1101101111 1101101110 1010011011 1110010000 1110100111 11 10010110001 1101010111 1100111110 26.188 42.946 998.74 17646 17 7 11 60 51 3 $GNGGA,150308.00,,,,,0,00,99.9,,,,,,*4E
16 15 03 09 Nan Nan Nan 0 1101100111 101 101111011 111100011 10110101 10000000010 10000100001 111111110111 1101101111 1101101111 1010100000 1110010111 1110101001 11 10010101100 1101010001 1100110110 26.188 43.099 998.75 18644 16 7 11 59 50 4 $GNGGA,150309.00,,,,,0,00,99.9,,,,,,*4F
17 15 03 10 Nan Nan Nan 0 1101100111 1010 110000101 111101000 11000100 1111110101 10000011011 111111110111 1101101111 1101101111 1010011110 1110010001 1110101001 11 10010110100 1101010010 1101000001 26.188 44.404 998.75 19644 16 7 11 60 51 3 $GNGGA,150310.00,,,,,0,00,99.9,,,,,,*47
18 15 03 11 Nan Nan Nan 0 1101100111 10100 110001111 111110111 11010100 1111110101 10000010011 111111110111 1101101111 1101101111 1010100010 1110010001 1110101010 11 10011001100 1101010001 1100111011 26.188 44.007 998.74 20642 16 7 11 59 50 4 $GNGGA,150311.00,,,,,0,00,99.9,,,,,,*46
19 15 03 12 Nan Nan Nan 0 1101100111 10101 110010111 111111101 11100001 1111110010 10000010001 111111110111 1101101111 1101101111 1010100011 1110001110 1110101110 11 10000110100 1101010110 1101001010 26.188 43.564 998.74 21800 15 7 12 59 50 4 $GNGGA,150312.00,,,,,0,00,99.9,,,,,,*45
20 15 03 13 Nan Nan Nan 0 1101100111 110110 110100001 1000010001 11110010 1111101100 10000001101 111111110111 1101101111 1101101111 1010100100 1110001100 1110101100 11 1111101010 1101010111 1100111101 26.188 43.129 998.74 22640 17 7 10 60 50 4 $GNGGA,150313.00,,,,,0,00,99.9,,,,,,*44
21 15 03 14 Nan Nan Nan 0 1101100111 1000000 110100111 1000010000 11111000 1111100111 10000001001 111111110111 1101101111 1101101111 1010100110 1110010000 1110101110 11 1110111000 1101010010 1101000000 26.188 42.855 998.74 23641 15 8 11 59 50 5 $GNGGA,150314.00,,,,,0,00,99.9,,,,,,*43
22 15 03 15 Nan Nan Nan 0 1101100111 1010000 110101110 1000010111 100001000 1111101001 10000001100 0 1101101111 1101101111 1010100101 1110011001 1110101111 11 1110011001 1101011111 1101001110 26.188 42.962 998.75 24639 16 7 11 60 51 3 $GNGGA,150315.00,,,,,0,00,99.9,,,,,,*42
23 15 03 16 Nan Nan Nan 0 1101100111 1011110 110110111 1000100001 100010100 1111100100 10000000100 0 1101101111 1101101111 1010101000 1110100010 1110110000 11 1110000100 1101010110 1101000000 26.125 42.878 998.75 25638 16 7 11 59 50 4 $GNGGA,150316.00,,,,,0,00,99.9,,,,,,*41
24 15 03 17 Nan Nan Nan 0 1101100111 1101011 111000000 1000100011 100100000 1111011001 1111111101 111111110111 1101101111 1101101111 1010101000 1110101110 1110110100 11 1101111110 1101010010 1101000000 26.188 43.068 998.74 26636 16 7 10 58 52 4 $GNGGA,150317.00,,,,,0,00,99.9,,,,,,*40
25 15 03 18 Nan Nan Nan 0 1101100111 1110111 111000010 1000101111 100101111 1111011010 1111111100 0 1101101111 1101101111 1010100110 1110110000 1110110010 11 1101110001 1101011010 1100111101 26.125 42.779 998.74 27786 16 7 11 59 52 3 $GNGGA,150318.00,,,,,0,00,99.9,,,,,,*4F
26 15 03 19 Nan Nan Nan 0 1101100111 10000101 111001011 1000111010 100111100 1111011001 1111111101 111111110111 1101101111 1101101111 1010101011 1110110001 1110110011 11 1101110100 1101001101 1100111011 26.188 42.740 998.74 28636 15 8 11 59 52 3 $GNGGA,150319.00,,,,,0,00,99.9,,,,,,*4E
27 15 03 20 Nan Nan Nan 0 1101100111 10001110 111010010 1001001100 101001010 1111010100 1111111100 0 1101101111 1101101111 1010101100 1110110001 1110110111 11 1101110010 1101001110 1100110110 26.188 42.450 998.74 29635 16 7 11 60 51 3 $GNGGA,150320.00,,,,,0,00,99.9,,,,,,*44
28 15 03 21 Nan Nan Nan 0 1101100111 10011000 111010111 1001010000 101010110 1111001100 1111110011 111111110111 1101101111 1101101111 1010101110 1110111001 1110111010 11 1101101000 1101001111 1100110110 26.188 42.519 998.74 30633 16 7 12 59 51 3 $GNGGA,150321.00,,,,,0,00,99.9,,,,,,*45
29 15 03 22 Nan Nan Nan 0 1101100111 10100110 111011111 1001010101 101100011 1111000000 1111110010 0 1101101111 1101101111 1010101011 1110110100 1110111011 11 1101101111 1101010011 1101000010 26.188 43.252 998.74 31632 15 7 11 60 51 3 $GNGGA,150322.00,,,,,0,00,99.9,,,,,,*46
30 15 03 23 Nan Nan Nan 0 1101100111 10110001 111100010 1001011111 101101010 1111001000 1111101101 111111110111 1101101111 1101101111 1010101111 1110100111 1110111010 11 1101100111 1101011010 1100111110 26.125 43.595 998.74 32631 15 6 12 59 50 4 $GNGGA,150323.00,,,,,0,00,99.9,,,,,,*47
31 15 03 24 Nan Nan Nan 0 1101100111 10111011 111101001 1001101010 101110111 1111000010 1111101100 0 1101101111 1101101111 1010101110 1110101011 1110111101 10 1101100011 1101010100 1100111101 26.125 43.229 998.75 33780 17 7 10 59 50 4 $GNGGA,150324.00,,,,,0,00,99.9,,,,,,*40
32 15 03 25 Nan Nan Nan 0 1101100111 11000100 111101011 1001101101 110000011 1111000000 1111100110 0 1101101111 1101101111 1010101110 1110100010 1110111011 11 1101100101 1101010100 1100111011 26.188 43.412 998.75 34630 16 7 11 60 51 3 $GNGGA,150325.00,,,,,0,00,99.9,,,,,,*41
33 15 03 26 Nan Nan Nan 0 1101100111 11001110 111110001 1001111010 110001011 1111000001 1111101111 111111110111 1101101111 1101101111 1010101111 1110011110 1110111101 11 1101100010 1101010101 1100111010 26.125 43.168 998.74 35629 16 8 10 59 51 5 $GNGGA,150326.00,,,,,0,00,99.9,,,,,,*42
34 15 03 27 Nan Nan Nan 0 1101101000 11011001 111110111 1001111101 110010110 1110111101 1111101001 111111110111 1101101111 1101101111 1010101111 1110100110 1110111111 11 1101011111 1101010100 1100111111 26.125 42.824 998.75 36628 17 7 10 59 51 4 $GNGGA,150327.00,,,,,0,00,99.9,,,,,,*43
35 15 03 28 Nan Nan Nan 0 1101100111 11100101 111111101 1001111110 110100001 1110110100 1111100011 111111110111 1101101111 1101101111 1010101110 1110100100 1110111111 11 1101011100 1101010011 1100110100 26.125 43.725 998.74 37625 16 7 11 58 51 4 $GNGGA,150328.00,,,,,0,00,99.9,,,,,,*4C
36 15 03 29 Nan Nan Nan 0 1101100111 11101011 1000000010 1010001100 110101101 1111000001 1111101100 0 1101101111 1101101111 1010101111 1110100011 1111000000 11 1101100001 1101010010 1100111001 26.125 44.159 998.74 38636 16 7 11 60 51 3 $GNGGA,150329.00,,,,,0,00,99.9,,,,,,*4D
37 15 03 30 Nan Nan Nan 0 1101100111 11110011 1000000101 1010010111 110110101 1110110001 1111011010 0 1101101111 1101101111 1010110010 1110101100 1111000100 11 1101011011 1101011000 1100111100 26.125 43.885 998.74 39792 17 7 10 59 51 4 $GNGGA,150330.00,,,,,0,00,99.9,,,,,,*45
38 15 03 31 Nan Nan Nan 0 1101100111 11111101 1000001010 1010010101 110111110 1110101110 1111011011 111111110111 1101101111 1101101111 1010101111 1110100011 1111000010 11 1101010111 1101010101 1100111001 26.063 44.571 998.75 40625 16 8 10 58 52 4 $GNGGA,150331.00,,,,,0,00,99.9,,,,,,*44
39 15 03 32 Nan Nan Nan 0 1101100111 100000011 1000001000 1010010100 111000111 1110110100 1111011011 111111110111 1101101111 1101101111 1010110010 1110100111 1111000100 11 1101010110 1101010111 1100111110 26.063 43.831 998.75 41623 16 6 11 60 50 4 $GNGGA,150332.00,,,,,0,00,99.9,,,,,,*47
40 15 03 33 Nan Nan Nan 0 1101100111 100001101 1000010001 1010100000 111010010 1110101011 1111011001 111111110111 1101101111 1101101111 1010110100 1110101000 1111000110 11 1101011010 1101001110 1100111011 26.125 43.038 998.74 42622 16 7 12 59 51 3 $GNGGA,150333.00,,,,,0,00,99.9,,,,,,*46
41 15 03 34 Nan Nan Nan 0 1101100111 100010101 1000010110 1010100000 111010111 1110101000 1111010101 111111110111 1101101111 1101101111 1010110100 1110100101 1111000100 11 1101011000 1101010100 1100111011 26.063 42.817 998.75 43622 15 7 11 60 50 4 $GNGGA,150334.00,,,,,0,00,99.9,,,,,,*41
42 15 03 35 Nan Nan Nan 0 1101100111 100011101 1000010110 1010100011 111100101 1110101011 1111010101 111111110111 1101101111 1101101111 1010110110 1110110001 1111001010 11 1101011011 1101010001 1100111000 26.125 43.114 998.76 44618 17 7 10 59 51 4 $GNGGA,150335.00,,,,,0,00,99.9,,,,,,*40
43 15 03 36 Nan Nan Nan 0 1101100111 100100101 1000011111 1010101010 111101011 1110100111 1111010000 0 1101101111 1101101111 1010110101 1110101110 1111001001 11 1101010110 1101010100 1100111101 26.063 43.129 998.76 45768 16 6 11 60 50 4 $GNGGA,150336.00,,,,,0,00,99.9,,,,,,*43
44 15 03 37 Nan Nan Nan 0 1101100111 100101100 1000100011 1010101100 111110011 1110100100 1111010000 0 1101101111 1101101111 1010110101 1110101110 1111001011 11 1101010011 1101001100 1100110000 26.125 42.588 998.76 46618 16 7 11 60 51 3 $GNGGA,150337.00,,,,,0,00,99.9,,,,,,*42
45 15 03 38 Nan Nan Nan 0 1101100111 100110011 1000100100 1010111001 111111111 1110100110 1111010011 111111110111 1101101111 1101101111 1010110111 1110101011 1111001001 11 1101010001 1101011100 1101000100 26.063 42.557 998.75 47618 16 8 12 59 51 3 $GNGGA,150338.00,,,,,0,00,99.9,,,,,,*4D
46 15 03 39 Nan Nan Nan 0 1101100111 100111001 1000100111 1010101111 1000000000 1110011011 1111001010 0 1101101111 1101101111 1010110111 1110101101 1111001101 11 1101010101 1101010111 1101000000 26.063 42.580 998.74 48616 16 7 11 60 50 4 $GNGGA,150339.00,,,,,0,00,99.9,,,,,,*4C
47 15 03 40 Nan Nan Nan 0 1101100111 100111111 1000101101 1010111011 1000001101 1110100010 1111001011 111111110111 1101101111 1101101111 1010111001 1110101110 1111001101 11 1101001101 1101010101 1100111101 26.063 42.214 998.74 49614 16 7 11 58 51 4 $GNGGA,150340.00,,,,,0,00,99.9,,,,,,*42
48 15 03 41 Nan Nan Nan 0 1101100111 101001010 1000110000 1010111001 1000010010 1110011101 1111001101 111111110111 1101101111 1101101111 1010111010 1110101000 1111001100 11 1101001111 1101011010 1101000101 26.063 41.924 998.74 50615 15 7 11 59 51 4 $GNGGA,150341.00,,,,,0,00,99.9,,,,,,*43
49 15 03 42 Nan Nan Nan 0 1101100111 101001110 1000110001 1011000100 1000011011 1110100000 1111010000 0 1101101111 1101101111 1010110110 1110101000 1111001101 11 1101010101 1101001111 1100110110 26.063 41.726 998.74 51782 17 7 10 59 51 4 $GNGGA,150342.00,,,,,0,00,99.9,,,,,,*40
50 15 03 43 Nan Nan Nan 0 1101101000 101010100 1000111000 1011001000 1000100100 1110011110 1111001010 0 1101101111 1101101111 1010111010 1110100110 1111010000 11 1101010010 1101001110 1100110010 26.063 41.695 998.75 52613 15 8 11 59 51 4 $GNGGA,150343.00,,,,,0,00,99.9,,,,,,*41
51 15 03 44 Nan Nan Nan 0 1101100111 101011011 1000111000 1011001010 1000101011 1110010101 1111000011 111111110111 1101101111 1101101111 1010111001 1110011100 1111001110 11 1101010010 1101001101 1100110010 26.063 41.718 998.75 53611 17 7 10 60 50 4 $GNGGA,150344.00,,,,,0,00,99.9,,,,,,*46
52 15 03 45 Nan Nan Nan 0 1101100111 101100001 1000111001 1011001111 1000110001 1110010110 1111000100 0 1101101111 1101101111 1010111000 1110010011 1111001111 11 1101010011 1101001110 1100111010 26.000 41.733 998.75 54610 16 7 11 58 51 4 $GNGGA,150345.00,,,,,0,00,99.9,,,,,,*47
