id HH MM SS longitude latitude altitude adc_1_ch0 adc_1_ch1 adc_1_ch2 adc_1_ch3 adc_1_ch4 adc_1_ch5 adc_1_ch6 adc_1_ch7 adc_1_ch8 adc_2_ch0 adc_2_ch1 adc_2_ch2 adc_2_ch3 adc_2_ch4 adc_2_ch5 adc_2_ch6 adc_2_ch7 adc_2_ch8 temp hum pres t_prog t_gps t_split t_adc t_temp t_hum t_pres trame_gga
1 15 04 02 Nan Nan Nan 1110000 1101100111 110110001 1001100001 1011101101 1010011000 1110001010 1110110100 0 1101101111 1101101111 1010111111 1101110111 1111011001 11 1101001011 1101001001 1100110110 25.938 41.619 795.83 3379 16 7 11 59 52 3 $GNGGA,150402.00,,,,,0,00,99.9,,,,,,*43
2 15 04 03 Nan Nan Nan 0 1101100111 110110101 1001100110 1011101010 1010011011 1110001010 1110110101 111111110111 1101101111 1101101111 1011000000 1101111010 1111011010 11 1101001010 1101000110 1100111010 25.938 41.573 998.74 4378 16 7 11 60 50 4 $GNGGA,150403.00,,,,,0,00,99.9,,,,,,*42
3 15 04 04 Nan Nan Nan 0 1101100111 110111010 1001100101 1011110000 1010100100 1110000011 1110101001 111111110111 1101101111 1101101111 1010111101 1101111110 1111011101 11 1101001000 1101000111 1100110000 25.875 41.520 998.74 5377 15 7 12 59 50 4 $GNGGA,150404.00,,,,,0,00,99.9,,,,,,*45
4 15 04 05 Nan Nan Nan 0 1101100111 110111100 1001101000 1011110011 1010101000 1110000011 1110101101 111111110111 1101101111 1101101111 1010111111 1101111001 1111011010 1000 1101000101 1101000000 1100101101 25.875 41.504 998.73 6376 16 6 11 60 50 4 $GNGGA,150405.00,,,,,0,00,99.9,,,,,,*44
5 15 04 06 Nan Nan Nan 0 1101100111 110111111 1001101000 1011110010 1010101101 1110000101 1110101110 0 1101101111 1101101111 1011000001 1110000000 1111011100 10001 1101001100 1100111101 1100101011 25.938 41.489 998.73 7535 16 7 11 60 51 3 $GNGGA,150406.00,,,,,0,00,99.9,,,,,,*47
6 15 04 07 Nan Nan Nan 0 1101100111 111000100 1001101011 1011101100 1010101101 1101111111 1110101110 0 1101101111 1101101111 1011001001 1110000010 1111011101 100111 1101000110 1101001000 1100110010 25.938 41.474 998.74 8375 15 7 11 59 51 4 $GNGGA,150407.00,,,,,0,00,99.9,,,,,,*46
7 15 04 08 Nan Nan Nan 0 1101100111 111000111 1001101101 1011110011 1010110110 1101111110 1110101000 0 1101101111 1101101111 1010111100 1110000010 1111011101 1001010 1101000110 1101000011 1100110100 25.938 41.443 998.73 9371 16 6 11 60 50 4 $GNGGA,150408.00,,,,,0,00,99.9,,,,,,*49
8 15 04 09 Nan Nan Nan 0 1101100111 111001100 1001101111 1011111000 1010111011 1110000001 1110110001 111111110111 1101101111 1101101111 1010111111 1101111111 1111011111 1010010 1101000001 1101000100 1100110011 25.938 41.443 998.74 10373 16 8 11 59 51 4 $GNGGA,150409.00,,,,,0,00,99.9,,,,,,*48
9 15 04 10 Nan Nan Nan 0 1101100111 111010001 1001110001 1011111000 1011000001 1101111011 1110100101 111111110111 1101101111 1101101111 1011000000 1101111011 1111011101 1101000 1101000101 1101001101 1100111000 25.875 41.642 998.75 11371 17 7 10 59 51 4 $GNGGA,150410.00,,,,,0,00,99.9,,,,,,*40
10 15 04 11 Nan Nan Nan 0 1101100111 111010010 1001110010 1011111101 1011000101 1101111100 1110101001 111111110111 1101101111 1101101111 1010111111 1101111100 1111100000 1111010 1101000110 1100111110 1100101101 25.875 41.649 998.75 12369 16 7 11 59 50 4 $GNGGA,150411.00,,,,,0,00,99.9,,,,,,*41
11 15 04 12 Nan Nan Nan 0 1101100111 111010110 1001110011 1011111000 1011000111 1101111010 1110100101 111111110111 1101101111 1101101111 1010111111 1110000110 1111011111 10010111 1101001100 1101000000 1100111100 25.875 41.909 998.75 13518 16 7 12 59 51 3 $GNGGA,150412.00,,,,,0,00,99.9,,,,,,*42
12 15 04 13 Nan Nan Nan 0 1101100111 111011001 1001110101 1100000100 1011010010 1101111101 1110100111 111111110111 1101101110 1101101111 1010111110 1110000101 1111100001 10011001 1101000101 1101000000 1100101010 25.875 42.000 998.75 14368 17 7 10 58 51 4 $GNGGA,150413.00,,,,,0,00,99.9,,,,,,*43
13 15 04 14 Nan Nan Nan 0 1101100111 111100001 1001111001 1011111011 1011001110 1101110110 1110100110 0 1101101111 1101101111 1010111101 1110000110 1111100010 10101100 1101000010 1100111000 1100101110 25.875 42.557 998.75 15368 15 7 11 59 52 3 $GNGGA,150414.00,,,,,0,00,99.9,,,,,,*44
14 15 04 15 Nan Nan Nan 0 1101100111 111100010 1001111010 1100000111 1011010101 1101110101 1110100100 0 1101101111 1101101111 1011000000 1110001010 1111100010 10111010 1100111110 1100111011 1100110011 25.875 43.267 998.75 16365 17 7 10 59 51 4 $GNGGA,150415.00,,,,,0,00,99.9,,,,,,*45
15 15 04 16 Nan Nan Nan 0 1101100111 111100011 1001111010 1100000001 1011010111 1101111000 1110101010 0 1101101111 1101101111 1011000010 1110000101 1111100010 11001100 1101000100 1101000101 1100110101 25.875 43.801 998.75 17366 16 8 11 58 51 4 $GNGGA,150416.00,,,,,0,00,99.9,,,,,,*46
16 15 04 17 Nan Nan Nan 0 1101100111 111101001 1001111011 1100001110 1011100011 1101110100 1110011101 111111110111 1101101111 1101101111 1011000110 1110010000 1111100011 11011011 1101000100 1100111101 1100101011 25.875 43.755 998.75 18365 15 7 11 60 50 4 $GNGGA,150417.00,,,,,0,00,99.9,,,,,,*47
17 15 04 18 Nan Nan Nan 0 1101100111 111101011 1001111111 1100000010 1011100001 1101110101 1110100001 111111110111 1101101111 1101101111 1011000010 1110001101 1111100010 11101111 1101000001 1101000100 1100111000 25.875 43.694 998.76 19524 17 7 11 60 51 3 $GNGGA,150418.00,,,,,0,00,99.9,,,,,,*48
18 15 04 19 Nan Nan Nan 0 1101100111 111101011 1001111111 1100001101 1011100110 1101110110 1110100101 111111110111 1101101111 1101101111 1011000100 1110010100 1111100001 11110101 1101000000 1101001100 1100111100 25.875 43.061 998.75 20363 15 7 11 59 51 4 $GNGGA,150419.00,,,,,0,00,99.9,,,,,,*49
19 15 04 20 Nan Nan Nan 0 1101100111 111110011 1010000000 1100001101 1011101001 1101110011 1110100001 111111110111 1101101111 1101101111 1011000110 1110101100 1111100110 100000001 1100111011 1101001000 1100110000 25.875 42.832 998.74 21361 17 7 10 60 50 4 $GNGGA,150420.00,,,,,0,00,99.9,,,,,,*43
20 15 04 21 Nan Nan Nan 0 1101100111 111110010 1001111110 1100001111 1011101101 1101110101 1110100110 0 1101101111 1101110000 1011000110 1110110000 1111100011 100001010 1100111100 1101000010 1100110000 25.875 43.686 998.74 22361 16 8 11 59 51 4 $GNGGA,150421.00,,,,,0,00,99.9,,,,,,*42
21 15 04 22 Nan Nan Nan 0 1101100111 111110111 1010000000 1100010011 1011110100 1101110001 1110100000 0 1101101111 1101101111 1011000011 1110111111 1111100100 100011111 1101000010 1101000001 1100101101 25.875 43.381 998.74 23360 16 6 11 60 50 4 $GNGGA,150422.00,,,,,0,00,99.9,,,,,,*41
22 15 04 23 Nan Nan Nan 0 1101100111 111111011 1010000100 1100001110 1011110010 1101110100 1110100000 0 1101101111 1101101111 1011000101 1111000111 1111100101 100100111 1100111101 1100111111 1100110101 25.813 43.572 998.74 24359 16 7 12 59 51 3 $GNGGA,150423.00,,,,,0,00,99.9,,,,,,*40
23 15 04 24 Nan Nan Nan 0 1101100111 111111110 1010000110 1100011000 1011111000 1101110001 1110100000 0 1101101111 1101101111 1011000101 1111010010 1111100111 100110110 1101000011 1100111100 1100110001 25.813 44.220 998.74 25518 16 8 10 59 50 5 $GNGGA,150424.00,,,,,0,00,99.9,,,,,,*47
24 15 04 25 Nan Nan Nan 0 1101100111 111111110 1010000100 1100010001 1011111100 1101110000 1110011110 0 1101101111 1101101111 1011000101 1111011000 1111100111 100110111 1100111010 1101000001 1100110110 25.813 44.556 998.74 26356 16 6 11 59 50 4 $GNGGA,150425.00,,,,,0,00,99.9,,,,,,*46
25 15 04 26 Nan Nan Nan 0 1101100111 1000000001 1010000110 1100011000 1100000000 1101110000 1110011101 111111110111 1101101111 1101101111 1011001000 1111011000 1111101001 101001000 1100111111 1100111001 1100110001 25.813 44.793 998.74 27355 16 8 10 59 51 5 $GNGGA,150426.00,,,,,0,00,99.9,,,,,,*45
26 15 04 27 Nan Nan Nan 0 1101100111 1000000101 1010001001 1100011101 1100000011 1101101000 1110011011 111111110111 1101101111 1101101111 1011000001 1111011000 1111100111 101010011 1101000010 1101000101 1100110100 25.813 44.961 998.74 28355 17 7 11 60 51 3 $GNGGA,150427.00,,,,,0,00,99.9,,,,,,*44
27 15 04 28 Nan Nan Nan 0 1101100111 1000000111 1010001000 1100010110 1100000101 1101101100 1110011111 111111110111 1101101111 1101101111 1011000011 1111011001 1111101001 101100011 1101000110 1101000101 1100110001 25.813 45.060 998.75 29353 16 7 11 58 51 4 $GNGGA,150428.00,,,,,0,00,99.9,,,,,,*4B
28 15 04 29 Nan Nan Nan 0 1101100111 1000001010 1010001001 1100100101 1100001011 1101110010 1110011100 0 1101101111 1101101111 1011000101 1111011101 1111100111 101101011 1101000000 1101000011 1100110011 25.813 44.770 998.75 30353 16 7 10 59 51 4 $GNGGA,150429.00,,,,,0,00,99.9,,,,,,*4A
29 15 04 30 Nan Nan Nan 0 1101100111 1000001101 1010001011 1100101100 1100001100 1101011110 1110010001 111111110111 1101101111 1101101111 1011000010 1111011001 1111101000 101110001 1100111110 1101000000 1100101100 25.813 43.915 998.75 31501 16 7 11 59 52 3 $GNGGA,150430.00,,,,,0,00,99.9,,,,,,*42
30 15 04 31 Nan Nan Nan 0 1101100111 1000001110 1010001100 1100100000 1100001000 1101100111 1110011000 0 1101101111 1101101110 1011000001 1111010001 1111101010 101111100 1100111001 1101001100 1100111101 25.813 43.717 998.75 32352 15 7 11 59 51 4 $GNGGA,150431.00,,,,,0,00,99.9,,,,,,*43
31 15 04 32 Nan Nan Nan 0 1101100111 1000010100 1010010001 1100100101 1100010000 1101100101 1110010110 0 1101101111 1101101111 1011001000 1111011000 1111101001 110000100 1100111100 1100111010 1100100011 25.813 43.725 998.75 33350 17 7 11 60 51 3 $GNGGA,150432.00,,,,,0,00,99.9,,,,,,*40
32 15 04 33 Nan Nan Nan 0 1101100111 1000010100 1010001011 1100110011 1100010100 1101101001 1110011100 0 1101101111 1101101111 1011000110 1111010111 1111101010 110001101 1100111101 1100111110 1100101000 25.750 43.656 998.75 34349 16 8 10 58 51 5 $GNGGA,150433.00,,,,,0,00,99.9,,,,,,*41
33 15 04 34 Nan Nan Nan 0 1101100111 1000010111 1010010000 1100101111 1100010100 1101100111 1110011011 111111110111 1101101111 1101101111 1011000011 1111011010 1111101011 110011100 1101000001 1101001001 1100101111 25.813 43.923 998.76 35348 17 7 11 60 51 3 $GNGGA,150434.00,,,,,0,00,99.9,,,,,,*46
34 15 04 35 Nan Nan Nan 0 1101100111 1000011100 1010010011 1100110100 1100011010 1101101000 1110011001 111111110111 1101101111 1101101111 1011000111 1111011011 1111101100 110100100 1101000001 1100111111 1100101001 25.750 43.313 998.76 36347 16 7 12 59 51 3 $GNGGA,150435.00,,,,,0,00,99.9,,,,,,*47
35 15 04 36 Nan Nan Nan 0 1101100111 1000100000 1010010101 1100111100 1100011111 1101101110 1110100101 111111110111 1101101111 1101101111 1011001001 1111011011 1111101001 110101111 1100111110 1101001011 1100110010 25.750 42.954 998.77 37496 16 7 12 59 50 4 $GNGGA,150436.00,,,,,0,00,99.9,,,,,,*44
36 15 04 37 Nan Nan Nan 0 1101100111 1000100001 1010010100 1100110010 1100011110 1101100011 1110010101 111111110111 1101101111 1101101111 1011000011 1111011010 1111101010 110110100 1101000000 1101000111 1100111000 25.750 42.763 998.77 38343 17 7 10 60 50 4 $GNGGA,150437.00,,,,,0,00,99.9,,,,,,*45
37 15 04 38 Nan Nan Nan 0 1101100111 1000100011 1010010110 1100111110 1100100100 1101100000 1110010101 111111110111 1101101110 1101101111 1011000111 1111011010 1111101011 110111101 1100111101 1101000011 1100101100 25.750 42.466 998.76 39345 16 8 11 59 52 3 $GNGGA,150438.00,,,,,0,00,99.9,,,,,,*4A
38 15 04 39 Nan Nan Nan 0 1101100111 1000100011 1010010011 1101000100 1100101011 1101100110 1110010011 111111110111 1101101111 1101101111 1011001001 1111010110 1111101010 111000100 1100111101 1101001010 1100110101 25.750 42.473 998.76 40342 17 6 11 60 50 4 $GNGGA,150439.00,,,,,0,00,99.9,,,,,,*4B
39 15 04 40 Nan Nan Nan 0 1101100111 1000100110 1010010110 1101000000 1100101010 1101100000 1110010011 111111110111 1101101111 1101101111 1011001000 1111011011 1111101100 111010010 1100111101 1101000011 1100101110 25.750 42.382 998.77 41342 16 7 12 59 51 3 $GNGGA,150440.00,,,,,0,00,99.9,,,,,,*45
40 15 04 41 Nan Nan Nan 0 1101100111 1000101000 1010011010 1101000001 1100101011 1101100011 1110011100 0 1101101111 1101101111 1011001000 1111010111 1111101100 111010010 1100111100 1101000111 1100101011 25.750 42.443 998.77 42341 16 7 10 60 51 4 $GNGGA,150441.00,,,,,0,00,99.9,,,,,,*44
41 15 04 42 Nan Nan Nan 0 1101100111 1000101100 1010011010 1101000100 1100110011 1101100110 1110011001 111111110111 1101101111 1101101111 1011000111 1111011000 1111101101 111011101 1100111111 1101000001 1100101001 25.750 42.382 998.76 43500 17 7 11 60 51 3 $GNGGA,150442.00,,,,,0,00,99.9,,,,,,*47
42 15 04 43 Nan Nan Nan 0 1101100111 1000101101 1010011001 1101000110 1100110011 1101011111 1110010100 0 1101101111 1101101111 1011000110 1111010011 1111101111 111101010 1100111010 1101000101 1100101110 25.750 42.214 998.76 44339 15 6 11 59 51 4 $GNGGA,150443.00,,,,,0,00,99.9,,,,,,*46
43 15 04 44 Nan Nan Nan 0 1101100111 1000101100 1010011001 1101001001 1100110111 1101100000 1110011000 0 1101101111 1101101111 1011001000 1111000011 1111101101 111110010 1100111101 1101001010 1100110000 25.750 42.122 998.76 45337 17 7 10 59 51 4 $GNGGA,150444.00,,,,,0,00,99.9,,,,,,*41
44 15 04 45 Nan Nan Nan 0 1101100111 1000110000 1010011011 1101001001 1100110111 1101100001 1110010001 111111110111 1101101111 1101101111 1011001010 1110110100 1111101111 111111000 1100111000 1101001000 1100100110 25.688 42.069 998.76 46338 16 8 10 58 51 5 $GNGGA,150445.00,,,,,0,00,99.9,,,,,,*40
45 15 04 46 Nan Nan Nan 0 1101100111 1000110100 1010011101 1101001101 1100110111 1101011001 1110010001 111111110111 1101101111 1101101111 1011001001 1110101101 1111101111 1000000100 1100111100 1101001000 1100110010 25.750 42.023 998.76 47336 17 7 11 60 51 3 $GNGGA,150446.00,,,,,0,00,99.9,,,,,,*43
46 15 04 47 Nan Nan Nan 0 1101100111 1000110010 1010011011 1101001110 1100111011 1101011101 1110010011 111111110111 1101101111 1101101111 1011001001 1110100110 1111101111 1000001111 1101000101 1101000010 1100101100 25.750 41.993 998.75 48335 16 7 12 59 51 3 $GNGGA,150447.00,,,,,0,00,99.9,,,,,,*42
47 15 04 48 Nan Nan Nan 0 1101100111 1000111000 1010100000 1101010111 1100111111 1101011111 1110010100 0 1101101111 1101101111 1011001001 1110011101 1111110000 1000010101 1100111101 1101001101 1100110100 25.688 41.977 998.75 49483 16 7 11 59 51 3 $GNGGA,150448.00,,,,,0,00,99.9,,,,,,*4D
48 15 04 49 Nan Nan Nan 0 1101100111 1000111010 1010011110 1101001111 1101000010 1101011101 1110010011 111111110111 1101101111 1101101111 1011000011 1110010100 1111101100 1000011101 1100111100 1101001001 1100111000 25.688 41.970 998.75 50333 17 7 11 60 51 3 $GNGGA,150449.00,,,,,0,00,99.9,,,,,,*4C
49 15 04 50 Nan Nan Nan 0 1101100111 1000111010 1010011110 1101001101 1101000001 1101011010 1110010001 111111110111 1101101111 1101101111 1011000110 1110010011 1111101111 1000011101 1100110111 1101000000 1100101110 25.688 42.138 998.76 51333 16 8 11 59 51 4 $GNGGA,150450.00,,,,,0,00,99.9,,,,,,*44
50 15 04 51 Nan Nan Nan 0 1101100111 1000111110 1010100010 1101010010 1101000100 1101011110 1110001111 111111110111 1101101111 1101101111 1011001000 1110001111 1111101110 1000101010 1100111011 1101000001 1100101111 25.688 42.321 998.76 52331 16 7 11 60 50 4 $GNGGA,150451.00,,,,,0,00,99.9,,,,,,*45
51 15 04 52 Nan Nan Nan 0 1101100111 1000111111 1010100001 1101010111 1101001110 1101011001 1110001010 0 1101101111 1101101111 1011001001 1110010010 1111101111 1000110100 1100111110 1101000101 1100110000 25.625 42.344 998.77 53330 16 7 12 59 51 3 $GNGGA,150452.00,,,,,0,00,99.9,,,,,,*46
52 15 04 53 Nan Nan Nan 0 1101100111 1001000001 1010100011 1101001111 1101000111 1101011010 1110010001 111111110111 1101101111 1101101111 1011001000 1110001111 1111110010 1000110010 1100111010 1101001001 1100110011 25.688 42.222 998.76 54329 16 6 11 60 50 4 $GNGGA,150453.00,,,,,0,00,99.9,,,,,,*47
53 15 04 54 Nan Nan Nan 0 1101100111 1001000001 1010100101 1101010011 1101001011 1101011011 1110001011 111111110111 1101101111 1101101111 1011001001 1110011100 1111110001 1000110110 1100111011 1101000100 1100110010 25.688 42.100 998.77 55491 17 7 11 60 51 3 $GNGGA,150454.00,,,,,0,00,99.9,,,,,,*40
54 15 04 55 Nan Nan Nan 0 1101100111 1001000100 1010100101 1101010100 1101001111 1101100001 1110010011 111111110111 1101101111 1101101111 1011001010 1110010111 1111101111 1001000000 1100111110 1100111101 1100101110 25.625 42.077 998.76 56326 16 8 10 58 52 4 $GNGGA,150455.00,,,,,0,00,99.9,,,,,,*41
