id HH MM SS longitude latitude altitude adc_1_ch0 adc_1_ch1 adc_1_ch2 adc_1_ch3 adc_1_ch4 adc_1_ch5 adc_1_ch6 adc_1_ch7 adc_1_ch8 adc_2_ch0 adc_2_ch1 adc_2_ch2 adc_2_ch3 adc_2_ch4 adc_2_ch5 adc_2_ch6 adc_2_ch7 adc_2_ch8 temp hum pres t_prog t_gps t_split t_adc t_temp t_hum t_pres trame_gga
1 15 05 12 Nan Nan Nan 1101100111 1001011101 1010110000 1101010010 1101101101 1101010001 1110000010 10010110110 1 1101101111 1010000111 1011001100 1110010100 1111110010 1010011101 1100111000 1100111111 1100101100 25.625 42.481 795.83 3172 16 7 10 60 50 4 $GNGGA,150512.00,,,,,0,00,99.9,,,,,,*43
2 15 05 13 Nan Nan Nan 1101100111 1001011010 1010101111 1101001101 1101101101 1101010111 1110001001 10010110000 1 1101101111 1010001011 1011001010 1110010001 1111110100 1010011011 1100110000 1101000101 1100101110 25.625 42.542 998.70 4022 16 7 11 59 52 3 $GNGGA,150513.00,,,,,0,00,99.9,,,,,,*42
3 15 05 14 Nan Nan Nan 1101100111 1001011110 1010110011 1101010010 1101110010 1101010100 1110000111 10010110100 1 1101101111 1010000111 1011001100 1110010111 1111110101 1010100010 1100110111 1101000000 1100101011 25.625 42.481 998.71 5021 17 7 11 60 51 3 $GNGGA,150514.00,,,,,0,00,99.9,,,,,,*45
4 15 05 15 Nan Nan Nan 1101100111 1001011110 1010110001 1101011011 1101110111 1101011101 1110010001 10010110111 1 1101101111 1010000111 1011001100 1110011100 1111110111 1010100001 1100110011 1100111010 1100101111 25.625 42.443 998.72 6020 15 7 11 59 50 5 $GNGGA,150515.00,,,,,0,00,99.9,,,,,,*44
5 15 05 16 Nan Nan Nan 1101100111 1001011101 1010110011 1101010111 1101111011 1101010100 1110000110 10010101110 1 1101101110 1010001010 1011001111 1110100011 1111110111 1010100101 1100101111 1100111010 1100101101 25.625 42.428 998.73 7019 17 7 11 60 51 3 $GNGGA,150516.00,,,,,0,00,99.9,,,,,,*47
6 15 05 17 Nan Nan Nan 1101100111 1001100000 1010110111 1101010101 1101110111 1101010100 1110000110 10010101001 1 1101101111 1010001101 1011001100 1110100000 1111110111 1010110011 1100110100 1100111001 1100110000 25.625 42.458 998.73 8016 16 7 12 59 51 3 $GNGGA,150517.00,,,,,0,00,99.9,,,,,,*46
7 15 05 18 Nan Nan Nan 1101100111 1001100010 1010110011 1101010111 1101111001 1101011001 1110001001 10010100111 1 1101101111 1010001101 1011001101 1110100111 1111110111 1010111011 1100111100 1100111001 1100101110 25.563 42.466 998.74 9166 16 7 12 59 51 3 $GNGGA,150518.00,,,,,0,00,99.9,,,,,,*49
8 15 05 19 Nan Nan Nan 1101100111 1001100101 1010110110 1101011001 1101111100 1101010110 1110001100 10010100101 1 1101101111 1010001011 1011001011 1110100110 1111111000 1010110101 1100110100 1100111101 1100101100 25.625 42.428 998.76 10016 17 7 11 59 51 3 $GNGGA,150519.00,,,,,0,00,99.9,,,,,,*48
9 15 05 20 Nan Nan Nan 1101100111 1001101000 1010110111 1101011011 1101111110 1101011100 1110001100 10010100001 1 1101101111 1010001001 1011001010 1110100100 1111110111 1011000001 1100111011 1100111000 1100101101 25.625 42.405 998.76 11015 16 7 11 59 52 3 $GNGGA,150520.00,,,,,0,00,99.9,,,,,,*42
10 15 05 21 Nan Nan Nan 1101100111 1001100011 1010110100 1101001111 1101111101 1101001110 1110000001 10010011101 1 1101101110 1010001011 1011001101 1110101001 1111111000 1010111111 1100111000 1100110101 1100101001 25.625 42.458 998.75 12014 17 7 10 59 51 4 $GNGGA,150521.00,,,,,0,00,99.9,,,,,,*43
11 15 05 22 Nan Nan Nan 1101100111 1001100110 1010110111 1101011101 1110000101 1101011000 1110001100 10010011111 1 1101101111 1010001101 1011001001 1110101011 1111111001 1011000111 1100111000 1100110010 1100100001 25.625 42.641 998.76 13014 16 8 11 59 51 4 $GNGGA,150522.00,,,,,0,00,99.9,,,,,,*40
12 15 05 23 Nan Nan Nan 1101100111 1001100110 1010110110 1101011010 1110000100 1101010101 1110001011 10010100010 1 1101101111 1010001111 1011001111 1110100111 1111111001 1011001001 1100110111 1100111010 1100101010 25.563 43.549 998.75 14012 16 7 11 60 51 3 $GNGGA,150523.00,,,,,0,00,99.9,,,,,,*41
13 15 05 24 Nan Nan Nan 1101100111 1001101011 1010111001 1101011100 1110000011 1101010110 1110000111 10010011001 1 1101101111 1010010001 1011001011 1110100111 1111111001 1011000111 1100110001 1100111001 1100100011 25.563 43.862 998.76 15161 16 7 11 60 51 3 $GNGGA,150524.00,,,,,0,00,99.9,,,,,,*46
14 15 05 25 Nan Nan Nan 1101100111 1001101010 1010110100 1101011111 1110000100 1101010011 1110000110 10010011001 1 1101101111 1010010101 1011001110 1110101110 1111111000 1011001110 1100111000 1101000000 1100101011 25.563 44.831 998.76 16010 16 7 11 59 52 3 $GNGGA,150525.00,,,,,0,00,99.9,,,,,,*47
15 15 05 26 Nan Nan Nan 1101100111 1001101010 1010110111 1101100010 1110000010 1101011000 1110000111 10010010010 1 1101101111 1010011110 1011010000 1110111101 1111111100 1011001111 1100110110 1100110111 1100101001 25.563 45.159 998.75 17009 17 7 10 60 51 4 $GNGGA,150526.00,,,,,0,00,99.9,,,,,,*44
16 15 05 27 Nan Nan Nan 1101100111 1001101110 1010111011 1101100000 1110000110 1101010000 1110000100 10010011011 1 1101101111 1010011001 1011001001 1111000010 1111111001 1011010010 1100110011 1100110111 1100100110 25.563 44.243 998.73 18008 15 7 11 59 50 5 $GNGGA,150527.00,,,,,0,00,99.9,,,,,,*45
17 15 05 28 Nan Nan Nan 1101100111 1001101101 1010111011 1101011110 1110000111 1101010001 1110000100 10010011101 1 1101101111 1010100011 1011001111 1111010001 1111111011 1011010110 1100111010 1100111100 1100101100 25.625 43.809 998.74 19008 17 7 10 59 51 4 $GNGGA,150528.00,,,,,0,00,99.9,,,,,,*4A
18 15 05 29 Nan Nan Nan 1101100111 1001101110 1010111001 1101011111 1110001010 1101010010 1110000110 10010010110 1 1101101111 1010100000 1011001110 1111010101 1111110111 1011010110 1100110111 1100110101 1100101001 25.563 45.052 998.75 20006 16 7 11 58 51 4 $GNGGA,150529.00,,,,,0,00,99.9,,,,,,*4B
19 15 05 30 Nan Nan Nan 1101100111 1001101110 1010111001 1101101100 1110010000 1101010100 1110000011 10010010011 1 1101101111 1010100101 1011001101 1111100110 1111111010 1011011101 1100110110 1100111101 1100101101 25.563 44.610 998.76 21158 16 7 12 59 51 3 $GNGGA,150530.00,,,,,0,00,99.9,,,,,,*43
20 15 05 31 Nan Nan Nan 1101100111 1001110000 1010111011 1101100010 1110001110 1101010011 1110000111 10010010000 1 1101101111 1010100000 1011001011 1111101001 1111111101 1011011000 1100110011 1100111010 1100100110 25.563 44.152 998.77 22003 17 6 11 59 50 4 $GNGGA,150531.00,,,,,0,00,99.9,,,,,,*42
21 15 05 32 Nan Nan Nan 1101100111 1001110001 1010111011 1101100011 1110001111 1101001001 1110000001 10010001110 1 1101101111 1010100100 1011001101 1111110110 1111111011 1011100011 1100111000 1101000000 1100101011 25.563 44.869 998.77 23004 16 8 11 59 52 3 $GNGGA,150532.00,,,,,0,00,99.9,,,,,,*41
22 15 05 33 Nan Nan Nan 1101100111 1001110010 1010111001 1101100000 1110001100 1101010011 1101111111 10010011001 1 1101101111 1010100101 1011001100 1111110000 1111111011 1011011000 1100110101 1101000010 1100100100 25.563 44.411 998.78 24002 17 6 11 60 50 4 $GNGGA,150533.00,,,,,0,00,99.9,,,,,,*40
23 15 05 34 Nan Nan Nan 1101100111 1001110101 1010111110 1101101011 1110010000 1101001110 1101111111 10010011010 1 1101101111 1010100101 1011001110 1111110001 1111111100 1011100000 1100110000 1101000001 1100100111 25.563 43.961 998.77 25000 16 7 11 59 50 4 $GNGGA,150534.00,,,,,0,00,99.9,,,,,,*47
24 15 05 35 Nan Nan Nan 1101100111 1001110111 1010111100 1101101110 1110010011 1101001011 1110000000 10010100000 1 1101101111 1010100000 1011001101 1111101110 1111111100 1011101011 1100110011 1100111101 1100101011 25.563 45.090 998.76 25999 16 7 10 59 51 4 $GNGGA,150535.00,,,,,0,00,99.9,,,,,,*46
25 15 05 36 Nan Nan Nan 1101100111 1001111000 1010111110 1101101011 1110010001 1101001000 1101111111 10010011101 1 1101101111 1010011110 1011001111 1111101001 1111111011 1011100110 1100111000 1101001000 1100110110 25.500 46.143 998.76 27153 16 7 11 60 51 3 $GNGGA,150536.00,,,,,0,00,99.9,,,,,,*45
26 15 05 37 Nan Nan Nan 1101100111 1001111000 1010111110 1101101000 1110010001 1101001011 1110000011 10010100000 1 1101101111 1010100001 1011010000 1111100100 1111111010 1011101110 1100110110 1101001001 1100101010 25.563 45.815 998.76 27999 16 7 11 59 52 3 $GNGGA,150537.00,,,,,0,00,99.9,,,,,,*44
27 15 05 38 Nan Nan Nan 1101100111 1001111001 1010111110 1101101100 1110010001 1101001011 1101111111 10010100000 1 1101101111 1010011001 1011010000 1111100100 1111111101 1011110101 1100110100 1101001111 1100110001 25.563 45.090 998.76 28997 17 7 11 60 51 3 $GNGGA,150538.00,,,,,0,00,99.9,,,,,,*4B
28 15 05 39 Nan Nan Nan 1101100111 1001111010 1010111111 1101110010 1110010101 1101001110 1110000011 10010100111 1 1101101111 1010011011 1011010000 1111011011 1111111010 1011110010 1100110011 1101001001 1100101011 25.563 44.419 998.76 29996 16 8 11 59 50 4 $GNGGA,150539.00,,,,,0,00,99.9,,,,,,*4A
29 15 05 40 Nan Nan Nan 1101100111 1001111100 1011000000 1101110110 1110011010 1101001111 1110001010 10010101011 1 1101101111 1010011011 1011001110 1111010111 1111111100 1011110101 1100110100 1100111111 1100101010 25.563 43.915 998.76 30994 17 7 10 59 51 4 $GNGGA,150540.00,,,,,0,00,99.9,,,,,,*44
30 15 05 41 Nan Nan Nan 1101100111 1001111100 1011000001 1101110100 1110011001 1101001011 1110000010 10010101111 1 1101101111 1010011100 1011010001 1111010111 1111111111 1011111110 1100110101 1101000000 1100101001 25.563 44.922 998.76 31994 16 7 11 58 51 4 $GNGGA,150541.00,,,,,0,00,99.9,,,,,,*45
31 15 05 42 Nan Nan Nan 1101100111 1001111110 1011000001 1101111101 1110011010 1101001110 1110000101 10010110010 1 1101101111 1010011001 1011001100 1111010100 1111111101 1011111010 1100110000 1101000011 1100110010 25.500 44.892 998.76 33146 15 6 12 59 50 4 $GNGGA,150542.00,,,,,0,00,99.9,,,,,,*46
32 15 05 43 Nan Nan Nan 1101100111 1001111111 1011000011 1110000000 1110011100 1101001001 1101111100 10010110001 1 1101101111 1010011011 1011001110 1111011000 1111111110 1100000000 1100111001 1101000000 1100100110 25.500 44.426 998.76 33992 17 6 11 60 50 4 $GNGGA,150543.00,,,,,0,00,99.9,,,,,,*47
33 15 05 44 Nan Nan Nan 1101100111 1001111111 1011000001 1101111011 1110011110 1101001101 1101111111 10010110101 1 1101101111 1010011100 1011001101 1111001110 1111111101 1011111100 1100110011 1100111001 1100101001 25.500 45.220 998.75 34992 16 8 11 59 51 4 $GNGGA,150544.00,,,,,0,00,99.9,,,,,,*40
34 15 05 45 Nan Nan Nan 1101100111 1010000010 1011000011 1101111010 1110011101 1101001100 1110000001 10010110111 1 1101101111 1010010101 1011001110 1111010100 1111111111 1100000101 1100110110 1100111111 1100100110 25.500 44.503 998.75 35991 17 7 11 60 51 3 $GNGGA,150545.00,,,,,0,00,99.9,,,,,,*41
35 15 05 46 Nan Nan Nan 1101100111 1001111110 1010111111 1101111111 1110100000 1101000111 1101111101 10010110111 1 1101101111 1010010001 1011001110 1111001010 1111111110 1100010001 1100111010 1101000000 1100101010 25.500 43.732 998.75 36987 16 7 12 59 51 3 $GNGGA,150546.00,,,,,0,00,99.9,,,,,,*42
36 15 05 47 Nan Nan Nan 1101100111 1010000100 1011000011 1101111000 1110011110 1101000110 1110000000 10010111000 1 1101101111 1010010110 1011010001 1111000010 1111111111 1100001100 1100110101 1100111100 1100100101 25.500 43.274 998.75 37988 15 6 11 60 50 4 $GNGGA,150547.00,,,,,0,00,99.9,,,,,,*43
37 15 05 48 Nan Nan Nan 1101100111 1010000101 1011000011 1110000010 1110100001 1101001010 1110000100 10011000000 1 1101101110 1010010010 1011010000 1110111110 1111111011 1100001100 1100110011 1101000000 1100101000 25.500 42.946 998.76 39138 16 7 11 59 52 3 $GNGGA,150548.00,,,,,0,00,99.9,,,,,,*4C
38 15 05 49 Nan Nan Nan 1101100111 1010000101 1011000101 1110000000 1110100010 1101000100 1101110110 10010110101 1 1101101111 1010010110 1011010010 1110111111 1111111111 1100010100 1100110011 1101000100 1100101011 25.500 42.786 998.75 39987 16 7 11 59 52 3 $GNGGA,150549.00,,,,,0,00,99.9,,,,,,*4D
39 15 05 50 Nan Nan Nan 1101100111 1010000111 1011000011 1110000100 1110100110 1101001100 1101111111 10010111111 1 1101101111 1010010101 1011010000 1110111000 1111111110 1100010010 1100110000 1100111101 1100101001 25.500 42.672 998.75 40986 17 7 10 59 51 4 $GNGGA,150550.00,,,,,0,00,99.9,,,,,,*45
40 15 05 51 Nan Nan Nan 1101100111 1010001000 1011000110 1110000010 1110100110 1101001101 1110000110 10010111011 1 1101101111 1010010010 1011001111 1110111011 1111111101 1100011011 1100110110 1101000101 1100101100 25.500 42.603 998.76 41985 16 8 12 59 51 3 $GNGGA,150551.00,,,,,0,00,99.9,,,,,,*44
41 15 05 52 Nan Nan Nan 1101100111 1010000110 1011000110 1110000101 1110101010 1101000111 1101111011 10011000110 1 1101101111 1010010010 1011001110 1110110111 1111111110 1100010010 1100101110 1101001001 1100110000 25.500 42.595 998.76 42984 17 7 11 60 51 3 $GNGGA,150552.00,,,,,0,00,99.9,,,,,,*47
42 15 05 53 Nan Nan Nan 1101100111 1010001010 1011001001 1110000010 1110100111 1101001011 1101111111 10010110010 1 1101101111 1010010011 1011010000 1110111010 1111111110 1100011010 1100110001 1100111011 1100100111 25.500 42.801 998.76 43981 16 7 11 59 50 4 $GNGGA,150553.00,,,,,0,00,99.9,,,,,,*46
43 15 05 54 Nan Nan Nan 1101100111 1010001000 1011000111 1110000011 1110101001 1101001010 1101111010 10010110010 1 1101101111 1010001110 1011010000 1110101011 1111111110 1100100010 1100111000 1101000000 1100101000 25.500 42.916 998.76 45157 16 7 11 60 51 3 $GNGGA,150554.00,,,,,0,00,99.9,,,,,,*41
44 15 05 55 Nan Nan Nan 1101100111 1010001000 1011001000 1110001101 1110101100 1101000111 1101111101 10010110001 1 1101101111 1010001111 1011001111 1110101110 10000000001 1100011101 1100110000 1101000000 1100100110 25.563 42.809 998.76 45988 16 7 12 59 50 4 $GNGGA,150555.00,,,,,0,00,99.9,,,,,,*40
45 15 05 56 Nan Nan Nan 1101100111 1010001011 1011001000 1110000001 1110101000 1101001000 1101111011 10010111001 1 1101101110 1010001111 1011010010 1110100111 10000000000 1100100011 1100101100 1101001000 1100110110 25.500 42.649 998.76 46987 15 7 11 59 51 4 $GNGGA,150556.00,,,,,0,00,99.9,,,,,,*43
46 15 05 57 Nan Nan Nan 1101100111 1010001011 1011001000 1101111100 1110101100 1101001100 1101111011 10010101011 1 1101101111 1010001100 1011010000 1110011110 1111111111 1100101000 1100110101 1101001010 1100101111 25.563 42.519 998.74 47984 17 7 11 60 51 3 $GNGGA,150557.00,,,,,0,00,99.9,,,,,,*42
