id HH MM SS longitude latitude altitude adc_1_ch0 adc_1_ch1 adc_1_ch2 adc_1_ch3 adc_1_ch4 adc_1_ch5 adc_1_ch6 adc_1_ch7 adc_1_ch8 adc_2_ch0 adc_2_ch1 adc_2_ch2 adc_2_ch3 adc_2_ch4 adc_2_ch5 adc_2_ch6 adc_2_ch7 adc_2_ch8 temp hum pres t_prog t_gps t_split t_adc t_temp t_hum t_pres trame_gga
1 Nan Nan Nan Nan Nan Nan 1101011011 1011110011 1100110010 1011000111 10000111101 10010010100 10010100000 111011000100 1 1101100001 1010010011 1011011011 110011100 1111110111 10110011100 10010110001 10100010011 1111110100 22.500 55.657 795.83 3202 16 6 11 59 50 4 $GNGGA,,,,,,0,00,99.9,,,,,,*6F
2 Nan Nan Nan Nan Nan Nan 1101011011 1011110100 1100110100 1011010000 10001000001 10010010100 10010010111 111001111010 1 1101100001 1010010011 1011011110 110100000 1111111000 10110010101 10010101001 10100000110 1111111000 22.500 55.680 999.60 3776 18 4 10 59 51 3 $GNGGA,,,,,,0,00,99.9,,,,,,*6F
3 Nan Nan Nan Nan Nan Nan 1101011011 1011110100 1100110101 1011001100 10001000000 10010001001 10010001111 110111111101 1 1101100001 1010010011 1011100000 110100011 1111110110 10110001101 10010100100 10100000110 1111111011 22.500 55.581 999.60 4775 16 4 11 59 50 4 $GNGGA,,,,,,0,00,99.9,,,,,,*6F
4 Nan Nan Nan Nan Nan Nan 1101011011 1011110111 1100110100 1011011001 10001000100 10010001110 10010010100 110110010100 1 1101100010 1010010010 1011011110 110101001 1111111000 10110001001 10010100100 10011110111 1111110001 22.500 55.596 999.62 5775 16 4 10 59 51 4 $GNGGA,,,,,,0,00,99.9,,,,,,*6F
5 Nan Nan Nan Nan Nan Nan 1101011011 1011110011 1100110010 1011010111 10001000011 10010001000 10010010010 110100101110 1 1101100010 1010010010 1011011101 110101001 1111110111 10101111000 10010011001 10011110110 1111110010 22.500 55.520 999.62 6774 17 5 10 59 50 4 $GNGGA,,,,,,0,00,99.9,,,,,,*6F
6 Nan Nan Nan Nan Nan Nan 1101011011 1011110111 1100110101 1011011101 10000111111 10001111111 10010000101 110011001010 1 1101100001 1010010000 1011011110 110111100 1111111010 10101111000 10010011001 10011101110 1111101100 22.500 55.428 999.63 7773 17 4 10 59 52 3 $GNGGA,,,,,,0,00,99.9,,,,,,*6F
7 Nan Nan Nan Nan Nan Nan 1101011011 1011110111 1100110011 1011100011 10001000011 10001110101 10001111110 110001101111 1 1101100001 1010010011 1011011110 110110011 1111111000 10101101011 10010001110 10011100000 1111100100 22.500 55.382 999.62 8772 18 4 9 59 51 4 $GNGGA,,,,,,0,00,99.9,,,,,,*6F
8 Nan Nan Nan Nan Nan Nan 1101011011 1011111001 1100110100 1011100111 10001000000 10001110101 10010000000 110000101000 1 1101100010 1010010111 1011100010 111001001 1111111100 10101100100 10010001001 10011100010 1111101101 22.500 55.413 999.63 9772 17 5 11 59 51 3 $GNGGA,,,,,,0,00,99.9,,,,,,*6F
9 Nan Nan Nan Nan Nan Nan 1101011011 1011110111 1100110100 1011101001 10001000010 10001101101 10001111011 101111010011 1 1101100001 1010010111 1011100011 111000101 1111111001 10101100001 10010001100 10011010111 1111100100 22.500 55.489 999.62 10771 17 5 10 60 50 4 $GNGGA,,,,,,0,00,99.9,,,,,,*6F
10 Nan Nan Nan Nan Nan Nan 1101011011 1011111010 1100110101 1011101110 10001000010 10001101101 10001110101 101110010000 1 1101100010 1010011111 1011100001 111010101 1111111011 10101010011 10010000100 10011001100 1111100001 22.500 55.558 999.60 11769 16 4 11 58 51 4 $GNGGA,,,,,,0,00,99.9,,,,,,*6F
11 Nan Nan Nan Nan Nan Nan 1101011011 1011111001 1100110010 1011101100 10001000001 10001101010 10001110101 101101010011 1 1101100001 1010011101 1011100010 111011001 1111111110 10101001101 10001111100 10011000101 1111011001 22.500 55.909 999.61 12769 16 5 10 59 51 4 $GNGGA,,,,,,0,00,99.9,,,,,,*6F
12 Nan Nan Nan Nan Nan Nan 1101011011 1011111001 1100110100 1011101110 10000111111 10001101010 10001110110 101100010011 1 1101100010 1010011111 1011100001 111100010 1111111100 10101000111 10001111011 10010111110 1111100001 22.500 56.397 999.61 13768 17 5 10 60 50 4 $GNGGA,,,,,,0,00,99.9,,,,,,*6F
13 Nan Nan Nan Nan Nan Nan 1101011011 1011110111 1100110001 1011101110 10001000000 10001011110 10001101100 101011011010 1 1101100010 1010011111 1011100000 111100110 1111111101 10100111011 10001110010 10010111110 1111100111 22.500 56.382 999.60 14767 16 4 10 59 50 5 $GNGGA,,,,,,0,00,99.9,,,,,,*6F
14 Nan Nan Nan Nan Nan Nan 1101011011 1011111001 1100110100 1011110101 10000111110 10001100010 10001101100 101010101000 1 1101100001 1010100000 1011011111 111101101 1111111100 10100110110 10001101101 10010110100 1111010000 22.500 56.931 999.60 15766 17 4 10 60 50 4 $GNGGA,,,,,,0,00,99.9,,,,,,*6F
15 Nan Nan Nan Nan Nan Nan 1101011011 1011110111 1100110001 1011110011 10001000000 10001011010 10001101010 101001101100 1 1101100001 1010100010 1011100001 1000000100 10000000000 10100101111 10001101100 10010101110 1111010101 22.500 57.457 999.60 16765 17 4 11 59 51 3 $GNGGA,,,,,,0,00,99.9,,,,,,*6F
16 Nan Nan Nan Nan Nan Nan 1101011011 1011110111 1100110001 1011111001 10001000001 10001010010 10001011110 101001000011 1 1101100010 1010100011 1011100101 1000001101 10000000010 10100101001 10001100100 10010101010 1111001110 22.500 57.358 999.60 17765 16 5 10 60 50 4 $GNGGA,,,,,,0,00,99.9,,,,,,*6F
17 Nan Nan Nan Nan Nan Nan 1101011011 1011111010 1100110100 1011110011 10000111101 10001001110 10001010101 101000100000 1 1101100001 1010100100 1011100100 1000001011 1111111110 10100101001 10001101000 10010100000 1111001111 22.500 56.992 999.61 18763 17 4 10 59 50 4 $GNGGA,,,,,,0,00,99.9,,,,,,*6F
18 Nan Nan Nan Nan Nan Nan 1101011011 1011111001 1100110010 1011111010 10001000001 10001001001 10001011110 100111110011 1 1101100010 1010100011 1011100011 1000010000 1111111111 10100011110 10001100010 10010100010 1111001011 22.500 56.664 999.60 19763 16 4 10 59 52 3 $GNGGA,,,,,,0,00,99.9,,,,,,*6F
19 Nan Nan Nan Nan Nan Nan 1101011011 1011111010 1100110001 1100000010 10001000000 10001000111 10001011101 100111001100 1 1101100010 1010100100 1011100011 1000011100 10000000101 10100011011 10001100001 10010100000 1111010000 22.500 56.588 999.60 20762 17 5 10 60 51 3 $GNGGA,,,,,,0,00,99.9,,,,,,*6F
20 Nan Nan Nan Nan Nan Nan 1101011011 1011111100 1100110010 1100000100 10001000000 10001000011 10001011000 100110100111 1 1101100010 1010100011 1011100101 1000100001 10000000000 10100010011 10001011010 10010011011 1111001110 22.500 57.000 999.60 21761 17 5 11 59 51 3 $GNGGA,,,,,,0,00,99.9,,,,,,*6F
21 Nan Nan Nan Nan Nan Nan 1101011011 1011111011 1100110101 1100000100 10001000000 10001000101 10001011100 100110001101 1 1101100001 1010100110 1011100011 1000101101 10000000100 10100001110 10001010110 10010100001 1111010010 22.500 56.611 999.60 22760 18 4 10 60 51 3 $GNGGA,,,,,,0,00,99.9,,,,,,*6F
22 Nan Nan Nan Nan Nan Nan 1101011011 1011111010 1100110000 1100000101 10001000001 10000111100 10001010000 100101100101 1 1101100001 1010100101 1011100100 1000110101 10000000011 10100010000 10001011000 10010011001 1111001001 22.500 56.290 999.59 23759 17 4 11 59 51 3 $GNGGA,,,,,,0,00,99.9,,,,,,*6F
23 Nan Nan Nan Nan Nan Nan 1101011011 1011111110 1100110100 1100010110 10001000101 10000111100 10001010001 100101001100 1 1101100010 1010101000 1011100101 1000110100 10000000011 10100000010 10001001111 10010001101 1111000000 22.500 56.054 999.60 24759 16 5 10 59 51 4 $GNGGA,,,,,,0,00,99.9,,,,,,*6F
24 Nan Nan Nan Nan Nan Nan 1101011011 1011111101 1100110010 1100010000 10000111110 10000111011 10001001110 100100101101 1 1101100010 1010101010 1011100111 1000111000 10000000011 10011111110 10001001011 10010001100 1111000111 22.500 55.893 999.61 25757 17 5 10 60 51 3 $GNGGA,,,,,,0,00,99.9,,,,,,*6F
25 Nan Nan Nan Nan Nan Nan 1101011011 1011111100 1100110001 1100000111 10000111101 10000110011 10001001000 100100001101 1 1101100010 1010100110 1011100100 1001000001 10000000100 10011111011 10001000110 10010000000 1110111101 22.500 55.771 999.61 26757 16 5 10 59 50 5 $GNGGA,,,,,,0,00,99.9,,,,,,*6F
26 Nan Nan Nan Nan Nan Nan 1101011011 1011111100 1100110010 1100010101 10001000010 10000110101 10001001010 100011101100 1 1101100001 1010101001 1011100111 1000111011 10000000010 10011110110 10001001000 10010001010 1111000110 22.500 55.665 999.60 27756 17 5 10 60 50 4 $GNGGA,,,,,,0,00,99.9,,,,,,*6F
27 Nan Nan Nan Nan Nan Nan 1101011011 1011111101 1100110010 1100010000 10000111100 10000110000 10001001000 100011011100 1 1101100010 1010100111 1011100100 1001001000 10000000100 10011110001 10001000001 10010000000 1110111111 22.500 55.565 999.60 28754 17 4 11 59 51 3 $GNGGA,,,,,,0,00,99.9,,,,,,*6F
28 Nan Nan Nan Nan Nan Nan 1101011011 1011111101 1100110001 1100010101 10000111101 10000101101 10001001000 100011000011 1 1101100001 1010101100 1011101000 1001001110 10000000101 10011100111 10000111010 10001110101 1110111100 22.500 55.634 999.60 29754 16 5 10 60 51 3 $GNGGA,,,,,,0,00,99.9,,,,,,*6F
29 Nan Nan Nan Nan Nan Nan 1101011011 1011111111 1100110101 1100010111 10000111110 10000101001 10000111111 100010110011 1 1101100001 1010100110 1011100110 1001010011 10000000111 10011101000 10000111111 10001111000 1110111101 22.500 55.947 999.59 30752 18 4 9 58 51 4 $GNGGA,,,,,,0,00,99.9,,,,,,*6F
30 Nan Nan Nan Nan Nan Nan 1101011011 1011111110 1100110001 1100011011 10000111011 10000101001 10001000010 100010011001 1 1101100010 1010101011 1011100111 1001010011 10000000110 10011100110 10000110111 10001110001 1110110101 22.500 56.069 999.61 31752 17 4 10 58 52 3 $GNGGA,,,,,,0,00,99.9,,,,,,*6F
31 Nan Nan Nan Nan Nan Nan 1101011011 1011111101 1100110010 1100100001 10000111110 10000100001 10000111101 100001111111 1 1101100010 1010101100 1011101001 1001010100 10000000101 10011011110 10000111010 10001110001 1110111100 22.500 56.069 999.62 32751 17 5 10 60 50 4 $GNGGA,,,,,,0,00,99.9,,,,,,*6F
32 Nan Nan Nan Nan Nan Nan 1101011011 1011111110 1100110000 1100100100 10001000010 10000100001 10000111010 100001110011 1 1101100010 1010101101 1011101000 1001011001 10000001001 10011010110 10000110001 10001101000 1110110011 22.500 55.932 999.62 33750 16 5 11 58 51 4 $GNGGA,,,,,,0,00,99.9,,,,,,*6F
33 Nan Nan Nan Nan Nan Nan 1101011011 1100000010 1100110001 1100101100 10001000000 10000100001 10000111100 100001011100 1 1101100010 1010101011 1011101000 1001100010 10000001010 10011010010 10000101011 10001011111 1110100111 22.500 55.771 999.60 34749 18 4 10 60 51 3 $GNGGA,,,,,,0,00,99.9,,,,,,*6F
34 Nan Nan Nan Nan Nan Nan 1101011011 1011111111 1100110000 1100101111 10001000000 10000011111 10000111000 100001000100 1 1101100010 1010101001 1011100101 1001011110 10000001000 10011010101 10000110010 10001100000 1110101001 22.500 56.191 999.58 35748 16 5 11 59 50 4 $GNGGA,,,,,,0,00,99.9,,,,,,*6F
35 Nan Nan Nan Nan Nan Nan 1101011011 1100000000 1100110011 1100100101 10000111011 10000010111 10000110001 100001000000 1 1101100010 1010101110 1011101000 1001100011 10000001000 10011010011 10000101111 10001011011 1110101011 22.500 56.466 999.58 36748 16 5 10 59 52 3 $GNGGA,,,,,,0,00,99.9,,,,,,*6F
36 Nan Nan Nan Nan Nan Nan 1101011011 1100000000 1100110010 1100100111 10001000000 10000010001 10000101101 100000101001 1 1101100001 1010101001 1011100110 1001100101 10000001001 10011001011 10000101011 10001011100 1110101111 22.500 56.939 999.59 37746 17 5 10 60 50 4 $GNGGA,,,,,,0,00,99.9,,,,,,*6F
37 Nan Nan Nan Nan Nan Nan 1101011011 1011111111 1100110010 1100110000 10000111111 10000010001 10000110010 100000011001 1 1101100010 1010101111 1011101010 1001101000 10000000110 10011001111 10000101101 10001010111 1110101101 22.500 56.687 999.58 38746 17 4 10 58 51 4 $GNGGA,,,,,,0,00,99.9,,,,,,*6F
38 Nan Nan Nan Nan Nan Nan 1101011011 1100000000 1100110000 1100110000 10001000000 10000001100 10000101101 100000001000 1 1101100010 1010101111 1011101011 1001110000 10000001011 10011001010 10000100110 10001010101 1110101010 22.500 56.244 999.58 39744 17 4 10 59 51 4 $GNGGA,,,,,,0,00,99.9,,,,,,*6F
39 Nan Nan Nan Nan Nan Nan 1101011011 1100000100 1100110000 1100110000 10001000001 10000010101 10000110010 11111111010 1 1101100001 1010101001 1011100110 1001110011 10000001011 10011000101 10000100011 10001010011 1110100110 22.500 56.008 999.58 40743 16 5 11 59 50 4 $GNGGA,,,,,,0,00,99.9,,,,,,*6F
40 Nan Nan Nan Nan Nan Nan 1101011011 1011111111 1100110001 1100111000 10001000000 10000010001 10000101001 11111101011 1 1101100010 1010101110 1011100111 1001111010 10000001110 10011000100 10000100010 10001001010 1110100100 22.500 55.771 999.59 41743 17 4 10 60 51 3 $GNGGA,,,,,,0,00,99.9,,,,,,*6F
41 Nan Nan Nan Nan Nan Nan 1101011011 1100000100 1100110010 1100110011 10000111101 10000001000 10000100101 11111100101 1 1101100010 1010110000 1011101001 1001110101 10000001011 10010111100 10000011111 10001001000 1110100100 22.500 55.558 999.59 42742 17 5 10 59 50 4 $GNGGA,,,,,,0,00,99.9,,,,,,*6F
42 Nan Nan Nan Nan Nan Nan 1101011011 1100000011 1100110011 1100110000 10000111011 10000000101 10000100101 11111010101 1 1101100001 1010101111 1011100111 1001101110 10000001010 10010111011 10000011011 10001001100 1110100001 22.500 55.543 999.57 43741 17 4 10 59 52 3 $GNGGA,,,,,,0,00,99.9,,,,,,*6F
43 Nan Nan Nan Nan Nan Nan 1101011011 1100000001 1100110000 1100110000 10000111101 10000000110 10000100100 11111000101 1 1101100010 1010110010 1011101011 1001111010 10000001011 10010110111 10000011100 10001001111 1110101110 22.500 55.581 999.58 44740 18 4 10 60 51 3 $GNGGA,,,,,,0,00,99.9,,,,,,*6F
44 Nan Nan Nan Nan Nan Nan 1101011011 1100000001 1100101110 1100101110 10000111100 10000000111 10000100101 11110111110 1 1101100001 1010101111 1011100111 1001111000 10000001000 10010111000 10000011010 10001000000 1110100010 22.500 55.520 999.57 45740 16 6 11 59 50 4 $GNGGA,,,,,,0,00,99.9,,,,,,*6F
45 Nan Nan Nan Nan Nan Nan 1101011011 1100000100 1100110100 1100110101 10000111111 1111111111 10000100010 11110101000 1 1101100010 1010110000 1011101001 1010000011 10000001100 10010110011 10000011000 10001000001 1110011110 22.500 55.474 999.57 46738 16 5 10 60 50 4 $GNGGA,,,,,,0,00,99.9,,,,,,*6F
46 Nan Nan Nan Nan Nan Nan 1101011011 1100000010 1100110000 1100111100 10000111110 1111111111 10000011010 11110010001 1 1101100010 1010101110 1011101001 1010000100 10000001010 10010101110 10000010101 10000111111 1110011111 22.500 55.413 999.57 47736 17 4 10 58 51 4 $GNGGA,,,,,,0,00,99.9,,,,,,*6F
47 Nan Nan Nan Nan Nan Nan 1101011011 1100000101 1100110011 1100111111 10001000011 1111111110 10000011000 11110001110 1 1101100010 1010110010 1011101011 1010001010 10000001101 10010101010 10000010011 10000111100 1110100111 22.500 55.359 999.58 48737 16 4 10 59 52 3 $GNGGA,,,,,,0,00,99.9,,,,,,*6F
48 Nan Nan Nan Nan Nan Nan 1101011011 1100000100 1100110001 1100111110 10001000010 1111111101 10000011010 11101111110 1 1101100010 1010101100 1011101010 1010001010 10000001110 10010101111 10000010111 10000110110 1110011111 22.500 55.291 999.58 49736 17 5 10 60 50 4 $GNGGA,,,,,,0,00,99.9,,,,,,*6F
49 Nan Nan Nan Nan Nan Nan 1101011011 1100000110 1100110100 1100110100 10000111011 1111110110 10000001111 11101110110 1 1101100001 1010101111 1011101100 1010001011 10000001110 10010101001 10000010000 10000110111 1110011011 22.500 55.222 999.58 50734 16 5 10 58 51 5 $GNGGA,,,,,,0,00,99.9,,,,,,*6F
50 Nan Nan Nan Nan Nan Nan 1101011011 1100000100 1100110001 1101000011 10001000001 1111110110 10000011000 11101101010 1 1101100001 1010101011 1011101000 1010001011 10000001110 10010100100 10000001100 10000110110 1110011101 22.500 55.161 999.58 51734 18 4 10 60 51 3 $GNGGA,,,,,,0,00,99.9,,,,,,*6F
51 Nan Nan Nan Nan Nan Nan 1101011011 1100000011 1100110010 1101000010 10001000000 1111111001 10000011000 11101100010 1 1101100010 1010101111 1011101100 1010000110 10000001101 10010011100 10000001001 10000101100 1110011001 22.500 55.108 999.58 52733 16 5 11 59 51 3 $GNGGA,,,,,,0,00,99.9,,,,,,*6F
52 Nan Nan Nan Nan Nan Nan 1101011011 1100000101 1100110010 1100111111 10000111110 1111110101 10000011000 11101001101 1 1101100010 1010110001 1011101101 1010010011 10000001111 10010011110 10000001110 10000101011 1110010001 22.500 55.077 999.58 53732 17 4 9 59 51 4 $GNGGA,,,,,,0,00,99.9,,,,,,*6F
53 Nan Nan Nan Nan Nan Nan 1101011011 1100000100 1100110011 1101000101 10000111110 1111110100 10000010101 11101001010 1 1101100010 1010110000 1011101011 1010011000 10000010011 10010011011 10000001000 10000101110 1110011100 22.500 55.069 999.58 54731 17 5 10 59 50 4 $GNGGA,,,,,,0,00,99.9,,,,,,*6F
54 Nan Nan Nan Nan Nan Nan 1101011011 1100000010 1100101111 1101000010 10000111110 1111110010 10000010011 11101001000 1 1101100010 1010101110 1011101011 1010010111 10000010011 10010011000 10000000111 10000101101 1110010110 22.500 55.153 999.58 55731 16 5 10 59 52 3 $GNGGA,,,,,,0,00,99.9,,,,,,*6F
55 Nan Nan Nan Nan Nan Nan 1101011011 1100000011 1100110001 1101000010 10000111010 1111110011 10000010011 11100111110 1 1101100010 1010101110 1011101011 1010010010 10000001110 10010011010 10000000110 10000100110 1110010000 22.500 55.207 999.59 56729 18 4 10 60 51 3 $GNGGA,,,,,,0,00,99.9,,,,,,*6F
56 Nan Nan Nan Nan Nan Nan 1101011011 1100000111 1100110001 1101000000 10000111100 1111101110 10000001101 11100110010 1 1101100001 1010101110 1011101011 1010010010 10000001110 10010010010 10000000101 10000100100 1110001101 22.500 55.306 999.59 57729 16 5 11 59 51 3 $GNGGA,,,,,,0,00,99.9,,,,,,*6F
57 Nan Nan Nan Nan Nan Nan 1101011011 1100000110 1100110100 1101000011 10000111110 1111110011 10000010000 11100101000 1 1101100001 1010101100 1011101010 1010011001 10000010001 10010010011 1111111101 10000100011 1110010000 22.500 55.359 999.59 58728 17 5 10 60 51 3 $GNGGA,,,,,,0,00,99.9,,,,,,*6F
58 Nan Nan Nan Nan Nan Nan 1101011011 1100000110 1100110011 1101001111 10000111100 1111101011 10000001011 11100011011 1 1101100010 1010110001 1011101101 1010010011 10000010010 10010010000 1111111110 10000100011 1110010011 22.500 55.298 999.57 59726 17 4 10 58 51 4 $GNGGA,,,,,,0,00,99.9,,,,,,*6F
59 Nan Nan Nan Nan Nan Nan 1101011011 1100000001 1100101101 1101010000 10001000010 1111101010 10000001101 11100011001 1 1101100010 1010101001 1011101000 1010011010 10000010001 10010010010 1111111101 10000100110 1110011000 22.500 55.359 999.57 60726 17 4 10 59 52 3 $GNGGA,,,,,,0,00,99.9,,,,,,*6F
60 Nan Nan Nan Nan Nan Nan 1101011011 1100000100 1100101110 1101010010 10001000001 1111101010 10000001010 11100001101 1 1101100010 1010101101 1011100111 1010011010 10000010000 10010001110 1111111101 10000100010 1110010011 22.500 55.413 999.57 61724 17 4 10 59 51 4 $GNGGA,,,,,,0,00,99.9,,,,,,*6F
61 Nan Nan Nan Nan Nan Nan 1101011011 1100000101 1100110001 1101001100 10000111100 1111100110 10000001000 11100001010 1 1101100010 1010110001 1011101101 1010011011 10000010000 10010001010 1111111110 10000011111 1110010010 22.500 55.489 999.57 62723 16 5 10 58 51 5 $GNGGA,,,,,,0,00,99.9,,,,,,*6F
62 Nan Nan Nan Nan Nan Nan 1101011011 1100000110 1100101110 1101001011 10000111101 1111011110 10000000001 11011111110 1 1101100010 1010110010 1011101101 1010100010 10000010010 10010000111 1111111110 10000011001 1110010001 22.500 55.520 999.57 63723 18 4 10 60 51 3 $GNGGA,,,,,,0,00,99.9,,,,,,*6F
63 Nan Nan Nan Nan Nan Nan 1101011011 1100000101 1100110010 1101001011 10000111100 1111011110 1111111100 11011111001 1 1101100010 1010110001 1011101101 1010100011 10000010011 10010000100 1111111010 10000010101 1110001100 22.500 55.565 999.56 64721 16 4 11 58 51 4 $GNGGA,,,,,,0,00,99.9,,,,,,*6F
64 Nan Nan Nan Nan Nan Nan 1101011011 1100000110 1100110001 1101001010 10000111101 1111100010 10000000101 11011101101 1 1101100010 1010110000 1011101101 1010101000 10000010100 10010001001 1111111011 10000010000 1110010001 22.500 56.061 999.55 65721 16 5 10 60 50 4 $GNGGA,,,,,,0,00,99.9,,,,,,*6F
65 Nan Nan Nan Nan Nan Nan 1101011011 1100000101 1100110000 1101010000 10000111100 1111100110 10000000110 11011101001 1 1101100001 1010110010 1011101010 1010101010 10000010000 10010000100 1111110010 10000001111 1110001010 22.500 56.145 999.54 66720 17 5 10 59 50 4 $GNGGA,,,,,,0,00,99.9,,,,,,*6F
66 Nan Nan Nan Nan Nan Nan 1101011011 1100000110 1100101111 1101010010 10000111111 1111100000 1111111111 11011100000 1 1101100010 1010110010 1011101101 1010100111 10000010010 10001111110 1111110000 10000001011 1110001011 22.500 56.183 999.55 67719 17 4 10 59 52 3 $GNGGA,,,,,,0,00,99.9,,,,,,*6F
67 Nan Nan Nan Nan Nan Nan 1101011011 1100000111 1100101100 1101010000 10000111100 1111011101 10000000101 11011011001 1 1101100001 1010110000 1011101001 1010101001 10000010100 10001111011 1111101111 10000000111 1110000111 22.500 56.099 999.56 68718 17 5 10 60 51 3 $GNGGA,,,,,,0,00,99.9,,,,,,*6F
68 Nan Nan Nan Nan Nan Nan 1101011011 1100000101 1100110100 1101001110 10000111011 1111011111 10000000100 11011010101 1 1101100010 1010110101 1011101111 1010101110 10000010010 10001111110 1111101111 10000001001 1110000010 22.500 55.893 999.55 69718 16 5 11 59 51 3 $GNGGA,,,,,,0,00,99.9,,,,,,*6F
69 Nan Nan Nan Nan Nan Nan 1101011011 1100000101 1100101111 1101010101 10000111111 1111011010 1111111001 11011000110 1 1101100010 1010110010 1011101101 1010110111 10000010100 10001111010 1111101101 10000001011 1110001011 22.500 55.726 999.54 70716 16 4 10 60 50 4 $GNGGA,,,,,,0,00,99.9,,,,,,*6F
70 Nan Nan Nan Nan Nan Nan 1101011011 1100000111 1100110000 1101010011 10000111101 1111010110 1111111000 11011000000 1 1101100010 1010101111 1011101101 1010111010 10000011000 10001110100 1111101001 10000001011 1110000100 22.500 55.619 999.54 71715 17 4 11 59 51 3 $GNGGA,,,,,,0,00,99.9,,,,,,*6F
71 Nan Nan Nan Nan Nan Nan 1101011011 1100000101 1100101111 1101001001 10000111000 1111011011 1111111101 11010111011 1 1101100010 1010110101 1011101111 1010110110 10000010100 10001111011 1111110000 10000000101 1110001001 22.500 55.543 999.54 72715 16 4 10 59 52 3 $GNGGA,,,,,,0,00,99.9,,,,,,*6F
72 Nan Nan Nan Nan Nan Nan 1101011011 1100000010 1100101101 1101001011 10000111011 1111100010 10000000001 11010110101 1 1101100010 1010110001 1011101100 1010111000 10000010101 10001110101 1111101010 10000001011 1110001001 22.500 55.504 999.55 73713 17 4 10 60 51 3 $GNGGA,,,,,,0,00,99.9,,,,,,*6F
73 Nan Nan Nan Nan Nan Nan 1101011011 1100000111 1100110010 1101010110 10000111100 1111010010 1111110110 11010101100 1 1101100010 1010110010 1011101110 1010111101 10000010101 10001110100 1111101001 10000000100 1110001001 22.500 55.466 999.55 74712 17 5 11 58 51 3 $GNGGA,,,,,,0,00,99.9,,,,,,*6F
74 Nan Nan Nan Nan Nan Nan 1101011011 1100000101 1100110000 1101010000 10000111110 1111010001 1111110111 11010100101 1 1101100010 1010110101 1011101110 1010111110 10000010100 10001101101 1111100100 10000000110 1110000100 22.500 55.451 999.55 75711 17 4 10 59 51 4 $GNGGA,,,,,,0,00,99.9,,,,,,*6F
75 Nan Nan Nan Nan Nan Nan 1101011011 1100000100 1100110001 1101010101 10000111111 1111011000 1111111010 11010100101 1 1101100010 1010110001 1011101101 1010111111 10000011000 10001110001 1111100101 10000000000 1110000011 22.500 55.451 999.55 76710 16 5 11 59 50 4 $GNGGA,,,,,,0,00,99.9,,,,,,*6F
76 Nan Nan Nan Nan Nan Nan 1101011011 1100000110 1100101111 1101010111 10000111011 1111010100 1111111001 11010100000 1 1101100010 1010110101 1011101100 1011000001 10000010111 10001101110 1111100011 10000000001 1110000100 22.500 55.581 999.54 77710 16 4 10 59 52 3 $GNGGA,,,,,,0,00,99.9,,,,,,*6F
77 Nan Nan Nan Nan Nan Nan 1101011011 1100000111 1100110010 1101010011 10000111100 1111001010 1111101101 11010011110 1 1101100010 1010110000 1011101011 1011000110 10000011000 10001101000 1111100100 1111111111 1110000101 22.500 55.573 999.54 78708 17 4 10 59 50 4 $GNGGA,,,,,,0,00,99.9,,,,,,*6F
78 Nan Nan Nan Nan Nan Nan 1101011011 1100000111 1100101110 1101011000 10000111011 1111010011 1111110110 11010011000 1 1101100010 1010110100 1011101100 1011001000 10000010110 10001101000 1111100100 1111111111 1110000001 22.500 55.565 999.55 79708 17 4 9 58 52 4 $GNGGA,,,,,,0,00,99.9,,,,,,*6F
79 Nan Nan Nan Nan Nan Nan 1101011011 1100001001 1100110100 1101011010 10000111110 1111001111 1111110001 11010001011 1 1101100010 1010110101 1011101110 1011001101 10000011000 10001100111 1111100001 1111110000 1101110011 22.500 55.588 999.54 80707 17 5 10 60 50 4 $GNGGA,,,,,,0,00,99.9,,,,,,*6F
80 Nan Nan Nan Nan Nan Nan 1101011011 1100000101 1100101111 1101010111 10000111010 1111001011 1111101111 11010001010 1 1101100010 1010110010 1011101011 1011000100 10000011000 10001101000 1111100011 1111110011 1101111000 22.500 55.619 999.54 81705 17 4 11 59 51 3 $GNGGA,,,,,,0,00,99.9,,,,,,*6F
81 Nan Nan Nan Nan Nan Nan 1101011011 1100000101 1100101111 1101011010 10000111100 1111001110 1111110100 11010001101 1 1101100010 1010110100 1011101111 1011001010 10000010110 10001101001 1111100010 1111110011 1101110101 22.500 55.642 999.53 82705 16 4 10 59 51 4 $GNGGA,,,,,,0,00,99.9,,,,,,*6F
82 Nan Nan Nan Nan Nan Nan 1101011011 1100000101 1100101111 1101010111 10000111101 1111001101 1111110110 11001111110 1 1101100010 1010110001 1011101011 1011000011 10000010101 10001100101 1111011100 1111111010 1101110111 22.500 55.657 999.53 83704 16 5 11 59 50 4 $GNGGA,,,,,,0,00,99.9,,,,,,*6F
83 Nan Nan Nan Nan Nan Nan 1101011011 1100000110 1100110000 1101011011 10001000000 1111001011 1111101010 11001111011 1 1101100010 1010110101 1011101011 1011001101 10000011010 10001011111 1111011011 1111110011 1101111001 22.500 55.665 999.53 84704 16 4 10 59 52 3 $GNGGA,,,,,,0,00,99.9,,,,,,*6F
84 Nan Nan Nan Nan Nan Nan 1101011011 1100000111 1100101111 1101100010 10001000010 1111000010 1111101011 11001110100 1 1101100010 1010110100 1011101101 1011010001 10000011000 10001011000 1111010101 1111101101 1101111010 22.500 55.703 999.53 85702 18 4 10 59 51 3 $GNGGA,,,,,,0,00,99.9,,,,,,*6F
85 Nan Nan Nan Nan Nan Nan 1101011011 1100000111 1100101101 1101100100 10000111100 1111001110 1111110010 11001101110 1 1101100010 1010111010 1011110010 1011010010 10000010111 10001100110 1111011100 1111110000 1101111010 22.500 55.863 999.55 86701 16 5 10 58 51 5 $GNGGA,,,,,,0,00,99.9,,,,,,*6F
86 Nan Nan Nan Nan Nan Nan 1101011011 1100000110 1100101111 1101011001 10000111001 1111001001 1111101010 11001101000 1 1101100001 1010110111 1011101110 1011010110 10000011010 10001100001 1111011001 1111101111 1101111000 22.500 55.993 999.55 87700 17 4 10 59 51 4 $GNGGA,,,,,,0,00,99.9,,,,,,*6F
87 Nan Nan Nan Nan Nan Nan 1101011011 1100000101 1100101111 1101011010 10000111101 1111000101 1111101011 11001100111 1 1101100010 1010110010 1011101011 1011010111 10000011000 10001011000 1111010011 1111101101 1101111101 22.500 55.993 999.54 88699 16 4 11 59 51 3 $GNGGA,,,,,,0,00,99.9,,,,,,*6F
88 Nan Nan Nan Nan Nan Nan 1101011011 1100000110 1100101111 1101011110 10000111110 1111000100 1111100111 11001100011 1 1101100010 1010110110 1011101111 1011011011 10000011001 10001011111 1111011010 1111101101 1101111100 22.500 55.878 999.54 89698 16 4 10 58 52 4 $GNGGA,,,,,,0,00,99.9,,,,,,*6F
89 Nan Nan Nan Nan Nan Nan 1101011011 1100000110 1100101111 1101101000 10001000001 1111000011 1111110000 11001100000 1 1101100010 1010111000 1011110000 1011011101 10000011000 10001011000 1111010110 1111101111 1101111101 22.500 55.848 999.55 90697 17 4 10 60 51 3 $GNGGA,,,,,,0,00,99.9,,,,,,*6F
90 Nan Nan Nan Nan Nan Nan 1101011011 1100001001 1100110000 1101100000 10000111010 1111000001 1111100111 11001010011 1 1101100010 1010110111 1011101111 1011011111 10000011001 10001011010 1111011000 1111101111 1101110101 22.500 55.855 999.54 91697 16 5 10 59 50 5 $GNGGA,,,,,,0,00,99.9,,,,,,*6F
91 Nan Nan Nan Nan Nan Nan 1101011011 1100001001 1100110011 1101100111 10000111100 1111000100 1111101001 11001010010 1 1101100010 1010110010 1011101011 1011101001 10000011000 10001010100 1111010010 1111101010 1101111001 22.500 55.840 999.54 92695 17 4 10 60 50 4 $GNGGA,,,,,,0,00,99.9,,,,,,*6F
92 Nan Nan Nan Nan Nan Nan 1101011011 1100001011 1100110001 1101100110 10000111001 1110111111 1111100111 11001010000 1 1101100010 1010111010 1011110001 1011100000 10000011000 10001010111 1111010101 1111100100 1101110011 22.500 55.817 999.55 93696 16 6 11 59 51 3 $GNGGA,,,,,,0,00,99.9,,,,,,*6F
93 Nan Nan Nan Nan Nan Nan 1101011100 1100001000 1100101110 1101100001 10000111101 1111000011 1111101000 11001001010 1 1101100010 1010110111 1011110000 1011100000 10000010111 10001001110 1111010000 1111101010 1101110110 22.500 55.749 999.55 94694 16 4 10 60 51 3 $GNGGA,,,,,,0,00,99.9,,,,,,*6F
94 Nan Nan Nan Nan Nan Nan 1101011011 1100000101 1100110000 1101101000 10000111101 1111000001 1111101011 11001000011 1 1101100010 1010111000 1011101110 1011100010 10000011010 10001001111 1111001101 1111101111 1101111101 22.500 55.687 999.54 95693 18 4 10 59 51 3 $GNGGA,,,,,,0,00,99.9,,,,,,*6F
95 Nan Nan Nan Nan Nan Nan 1101011011 1100001001 1100110010 1101100011 10000111001 1111000110 1111101100 11001000110 1 1101100010 1010111000 1011101110 1011101011 10000011010 10001001101 1111001101 1111101100 1101111010 22.500 55.665 999.53 96693 16 5 10 59 51 4 $GNGGA,,,,,,0,00,99.9,,,,,,*6F
96 Nan Nan Nan Nan Nan Nan 1101011100 1100001011 1100110001 1101100100 10000111100 1111000000 1111100110 11000111011 1 1101100010 1010111010 1011101110 1011101001 10000011000 10001001001 1111001101 1111100101 1101110101 22.500 55.680 999.53 97691 17 4 10 60 51 3 $GNGGA,,,,,,0,00,99.9,,,,,,*6F
97 Nan Nan Nan Nan Nan Nan 1101011011 1100001001 1100110000 1101101101 10000111110 1110111010 1111100010 11000111010 1 1101100010 1010111000 1011101110 1011101100 10000011101 10001001101 1111001110 1111011101 1101101100 22.500 55.695 999.54 98691 16 6 10 59 51 4 $GNGGA,,,,,,0,00,99.9,,,,,,*6F
98 Nan Nan Nan Nan Nan Nan 1101011011 1100001011 1100101110 1101100100 10000111000 1110110101 1111100000 11000110001 1 1101100010 1010111010 1011101111 1011101111 10000011010 10001001001 1111001010 1111011010 1101110011 22.500 55.695 999.55 99689 18 4 9 59 51 4 $GNGGA,,,,,,0,00,99.9,,,,,,*6F
99 Nan Nan Nan Nan Nan Nan 1101011011 1100001001 1100110000 1101101100 10000111100 1110111000 1111011011 11000110110 1 1101100010 1010110111 1011101101 1011101011 10000011011 10001001011 1111001010 1111100011 1101110100 22.500 55.703 999.54 100688 16 5 11 59 50 4 $GNGGA,,,,,,0,00,99.9,,,,,,*6F
100 Nan Nan Nan Nan Nan Nan 1101011011 1100001000 1100110001 1101100011 10000111010 1110111010 1111100001 11000101001 1 1101100010 1010110110 1011110000 1011110110 10000011100 10001001001 1111001010 1111011110 1101110100 22.500 55.687 999.55 101687 16 4 10 59 51 4 $GNGGA,,,,,,0,00,99.9,,,,,,*6F
101 Nan Nan Nan Nan Nan Nan 1101011011 1100001010 1100110000 1101101101 10000111101 1110110111 1111100001 11000011101 1 1101100010 1010111101 1011110011 1011110011 10000011010 10001001000 1111001011 1111011010 1101110010 22.500 55.657 999.55 102686 17 4 10 58 51 4 $GNGGA,,,,,,0,00,99.9,,,,,,*6F
102 Nan Nan Nan Nan Nan Nan 1101011011 1100001001 1100110000 1101101011 10000111101 1110110111 1111011111 11000011000 1 1101100010 1010111010 1011101111 1011110000 10000011001 10001000000 1111000001 1111011000 1101101110 22.500 55.718 999.56 103686 16 4 10 59 52 3 $GNGGA,,,,,,0,00,99.9,,,,,,*6F
103 Nan Nan Nan Nan Nan Nan 1101011011 1100001001 1100110000 1101101000 10000111011 1110110101 1111011110 11000100001 1 1101100010 1010111010 1011110000 1011110111 10000011011 10001000100 1111000110 1111010011 1101101010 22.500 55.810 999.56 104684 17 4 10 59 51 3 $GNGGA,,,,,,0,00,99.9,,,,,,*6F
104 Nan Nan Nan Nan Nan Nan 1101011100 1100000110 1100110000 1101110011 10001000000 1110110010 1111011011 11000010110 1 1101100010 1010111111 1011110000 1011110000 10000011001 10001001000 1111000110 1111010111 1101110011 22.500 55.787 999.55 105683 17 4 10 58 51 4 $GNGGA,,,,,,0,00,99.9,,,,,,*6F
105 Nan Nan Nan Nan Nan Nan 1101011011 1100000111 1100101110 1101100111 10000111010 1110110111 1111100011 11000010101 1 1101100010 1010111001 1011101101 1011110100 10000011000 10001000010 1111000011 1111011100 1101110011 22.500 55.726 999.55 106683 16 4 9 59 51 4 $GNGGA,,,,,,0,00,99.9,,,,,,*6F
106 Nan Nan Nan Nan Nan Nan 1101011011 1100001001 1100101111 1101101011 10000111011 1110111000 1111100001 11000001111 1 1101100001 1010111011 1011101101 1011110110 10000011011 10001000000 1111001000 1111011010 1101110010 22.500 55.634 999.56 107681 17 4 10 59 51 3 $GNGGA,,,,,,0,00,99.9,,,,,,*6F
107 Nan Nan Nan Nan Nan Nan 1101011011 1100001001 1100110000 1101110111 10000111100 1110110111 1111011110 11000001010 1 1101100010 1010111100 1011110000 1100000000 10000011110 10001000001 1111000101 1111010111 1101101111 22.500 55.588 999.55 108681 16 4 10 59 52 3 $GNGGA,,,,,,0,00,99.9,,,,,,*6F
108 Nan Nan Nan Nan Nan Nan 1101011011 1100001001 1100110000 1101110000 10000110111 1110110001 1111010100 11000001001 1 1101100010 1010111011 1011101101 1011111011 10000011100 10001000010 1111000100 1111010000 1101101101 22.500 55.573 999.55 109680 17 5 10 60 51 3 $GNGGA,,,,,,0,00,99.9,,,,,,*6F
109 Nan Nan Nan Nan Nan Nan 1101011011 1100001001 1100101110 1101110001 10000111001 1110101101 1111011001 11000000001 1 1101100011 1010111010 1011110001 1011111111 10000011100 10000111010 1111000011 1111011000 1101101110 22.500 55.565 999.55 110680 16 6 11 59 50 4 $GNGGA,,,,,,0,00,99.9,,,,,,*6F
110 Nan Nan Nan Nan Nan Nan 1101011011 1100001010 1100110000 1101110111 10000111101 1110110101 1111011010 10111111101 1 1101100010 1010111000 1011101110 1100000101 10000011100 10000111110 1111000101 1111001110 1101100101 22.500 55.474 999.55 111678 17 5 10 60 51 3 $GNGGA,,,,,,0,00,99.9,,,,,,*6F
111 Nan Nan Nan Nan Nan Nan 1101011011 1100001001 1100101100 1101101111 10000111011 1110101001 1111010011 10111110000 1 1101100010 1010111010 1011110000 1100000000 10000011011 10000111100 1111000100 1111010100 1101101111 22.500 55.413 999.56 112677 16 4 11 59 51 3 $GNGGA,,,,,,0,00,99.9,,,,,,*6F
