id HH MM SS longitude latitude altitude adc_1_ch0 adc_1_ch1 adc_1_ch2 adc_1_ch3 adc_1_ch4 adc_1_ch5 adc_1_ch6 adc_1_ch7 adc_1_ch8 adc_2_ch0 adc_2_ch1 adc_2_ch2 adc_2_ch3 adc_2_ch4 adc_2_ch5 adc_2_ch6 adc_2_ch7 adc_2_ch8 temp hum pres t_prog t_gps t_split t_adc t_temp t_hum t_pres trame_gga
1 Nan Nan Nan Nan Nan Nan 1101100010 100 1101000 101 1011101001 111111111111 111111111111 111111111111 111111111111 1101101001 111111111111 111101100001 100 1100100 111111111111 111111111111 111111111111 111111111111 24.125 57.633 795.83 4209 17 5 10 60 51 3 $GNGGA,,,,,,0,00,99.9,,,,,,*6F
2 Nan Nan Nan Nan Nan Nan 1101100010 100 1100110 100 1101010100 111111111111 111111111111 111111111111 111111111111 1101101001 111111111111 110000111001 100 100011000 111111111111 111111111111 111111111111 111111111111 24.188 56.901 999.94 5208 16 5 11 59 51 3 $GNGGA,,,,,,0,00,99.9,,,,,,*6F
3 Nan Nan Nan Nan Nan Nan 1101100010 100 1101001 100 1110001101 111111111111 111111111111 111111111111 111111111111 1101101010 111111111111 100111111101 11 111011011 111111111111 111111111111 111111111111 111111111111 24.188 56.374 999.95 6207 18 4 10 59 51 3 $GNGGA,,,,,,0,00,99.9,,,,,,*6F
4 Nan Nan Nan Nan Nan Nan 1101100010 100 11011011 100 1110110001 111111111111 111111111111 111111111111 111111111111 1101101001 111111111111 100001100010 11 1001100101 111111111111 111111111111 111111111111 111111111111 24.188 56.046 999.93 7206 16 5 11 59 50 4 $GNGGA,,,,,,0,00,99.9,,,,,,*6F
5 Nan Nan Nan Nan Nan Nan 1101100010 100 101011100 100 1111000110 111111111111 111111111111 111111111111 111111111111 1101101001 111111111111 11100111101 11 1011000100 111111111111 111111111111 111111111111 111111111111 24.188 55.855 999.93 8204 16 4 10 58 52 4 $GNGGA,,,,,,0,00,99.9,,,,,,*6F
6 Nan Nan Nan Nan Nan Nan 1101100010 11 110111100 100 1111010101 111111111111 111111111111 111111111111 111110111110 1101101001 111111111111 11001011111 11 1100000111 111111111111 111111111111 111111111111 111111111111 24.188 55.733 999.93 9203 17 4 10 59 50 4 $GNGGA,,,,,,0,00,99.9,,,,,,*6F
7 Nan Nan Nan Nan Nan Nan 1101100010 100 1000000000 100 1111011111 111111111111 111111111111 111111111111 111001010111 1101101001 111111111111 10110110110 11 1100110110 111111111111 111111111111 111111111111 111111111111 24.125 55.634 999.92 10203 17 4 10 58 51 4 $GNGGA,,,,,,0,00,99.9,,,,,,*6F
8 Nan Nan Nan Nan Nan Nan 1101100010 10001 1000111001 100 1111011101 111111111111 111111111111 111111111111 110100011110 1101101001 111111111111 10100111110 11 1101011010 111111111111 111111111111 111111111111 111111111111 24.188 55.558 999.93 11201 17 4 10 59 51 4 $GNGGA,,,,,,0,00,99.9,,,,,,*6F
9 Nan Nan Nan Nan Nan Nan 1101100010 10001111 1001100100 100 1111100111 111111111111 110100010101 111111111111 110000001011 1101101001 111111111111 10011011100 11 1101110010 111111111111 110100100111 111111111111 111111111111 24.188 55.512 999.93 12200 17 4 11 59 51 3 $GNGGA,,,,,,0,00,99.9,,,,,,*6F
10 Nan Nan Nan Nan Nan Nan 1101100010 11101011 1010000010 100 1111101010 110000011011 101000111111 111111111111 101100001111 1101101001 111111111111 10010010011 11 1110001100 111000111000 101000101110 111111111111 111111111111 24.188 55.466 999.93 13200 17 4 10 59 51 3 $GNGGA,,,,,,0,00,99.9,,,,,,*6F
11 Nan Nan Nan Nan Nan Nan 1101100010 100110110 1010011100 1101010 1111101110 100110110110 100010110111 111111111111 101000111010 1101101001 111111111111 10001011010 11 1110011010 101111001101 100011010001 111111111111 111111111111 24.188 55.436 999.93 14199 17 5 10 59 50 4 $GNGGA,,,,,,0,00,99.9,,,,,,*6F
12 Nan Nan Nan Nan Nan Nan 1101100010 101101101 1010110000 11100010 1111110101 100001100101 11110110111 111111111111 100101111010 1101101001 111111111111 10000101100 11 1110101001 101001111111 11111011111 111111111111 111111111111 24.125 55.420 999.93 15198 16 5 10 59 51 4 $GNGGA,,,,,,0,00,99.9,,,,,,*6F
