id HH MM SS longitude latitude altitude adc_1_ch0 adc_1_ch1 adc_1_ch2 adc_1_ch3 adc_1_ch4 adc_1_ch5 adc_1_ch6 adc_1_ch7 adc_1_ch8 adc_2_ch0 adc_2_ch1 adc_2_ch2 adc_2_ch3 adc_2_ch4 adc_2_ch5 adc_2_ch6 adc_2_ch7 adc_2_ch8 temp hum pres t_prog t_gps t_split t_adc t_temp t_hum t_pres trame_gga
1 Nan Nan Nan Nan Nan Nan 1101010011 101 1100111 110 1101000 111111111111 111111111111 111111111111 1101010 1101011010 11 1101010 101 1101001 111111111111 111111111111 111111111111 111111111111 20.500 50.934 795.83 1628 16 -536 10 58 51 4 $GNGGA,,,,,,0,00,99.9,,,,,,*6F
2 Nan Nan Nan Nan Nan Nan 1101010100 100 1100100 101 1100011 111111111111 111111111111 111111111111 1101011 1101011010 11 1101010 101 1101001 111111111111 111111111111 111111111111 111111111111 20.438 50.927 1004.1 2628 17 -538 10 59 51 3 $GNGGA,,,,,,0,00,99.9,,,,,,*6F
3 Nan Nan Nan Nan Nan Nan 1101010100 100 10001001 101 110101111 111111111111 111111111111 111111111111 1101010 1101011010 11 1101001 101 1101000 111111111111 111111111111 111111111111 111111111111 20.500 50.919 1004.1 3628 16 -537 11 58 51 3 $GNGGA,,,,,,0,00,99.9,,,,,,*6F
4 Nan Nan Nan Nan Nan Nan 1101010100 100 100110011 101 1010010111 111111111111 111111111111 111111111111 1101010 1101011010 11 1100111 101 1100101 111111111111 111111111111 111111111111 111111111111 20.500 50.927 1004.1 4628 17 -539 10 59 51 3 $GNGGA,,,,,,0,00,99.9,,,,,,*6F
5 Nan Nan Nan Nan Nan Nan 1101010100 100 110111000 101 1100010011 111111111111 111111111111 111111111111 1101010 1101011010 11 1100100 101 1100010 111111111111 111111111111 111111111111 111111111111 20.438 50.919 1004.1 5628 16 -539 11 58 51 3 $GNGGA,,,,,,0,00,99.9,,,,,,*6F
6 Nan Nan Nan Nan Nan Nan 1101010011 100 1000010101 101 1101010101 111111111111 111111111111 111111111111 1101010 1101011011 11 1100011 100 11010000 111111111111 111111111111 111111111111 111111111111 20.500 50.911 1004.1 6628 16 -540 10 58 52 3 $GNGGA,,,,,,0,00,99.9,,,,,,*6F
7 Nan Nan Nan Nan Nan Nan 1101010100 10010111 1001010110 101 1101111110 111111111111 111111111111 111111111111 1101010 1101011010 1011110 10101011 100 110001001 111111111111 111111111111 111111111111 111111111111 20.438 50.911 1004.1 7628 17 -540 10 58 51 3 $GNGGA,,,,,,0,00,99.9,,,,,,*6F
8 Nan Nan Nan Nan Nan Nan 1101010100 100100000 1010000111 100 1110010111 111111111111 111111111111 111111111111 1101001 1101011010 11101100 100100100 100 1000001101 111111111111 111111111111 111111111111 111111111111 20.500 50.896 1004.1 8628 16 -543 10 58 52 3 $GNGGA,,,,,,0,00,99.9,,,,,,*6F
9 Nan Nan Nan Nan Nan Nan 1101010100 101111111 1010100101 100 1110011110 111111111111 111111111111 111111111111 1101011 1101011010 101001010 101111111 100 1001101101 111111111111 111111111111 111111111111 111111111111 20.438 50.896 1004.1 9628 18 -543 10 59 51 3 $GNGGA,,,,,,0,00,99.9,,,,,,*6F
10 Nan Nan Nan Nan Nan Nan 1101010100 111001000 1010111111 100 1110101001 111111111111 111111111111 111111111111 1101000 1101011010 110010101 111001000 100 1010101111 111111111111 111111111111 111111111111 111111111111 20.500 50.896 1004.1 10628 16 -543 10 58 51 4 $GNGGA,,,,,,0,00,99.9,,,,,,*6F
11 Nan Nan Nan Nan Nan Nan 1101010100 1000000101 1011010001 100 1110110100 111111111111 111111111111 111111111111 1100111 1101011010 111000100 111111101 100 1011100011 111111111111 111111111111 111111111111 111111111111 20.500 50.881 1004.1 11628 17 -545 10 59 51 3 $GNGGA,,,,,,0,00,99.9,,,,,,*6F
12 Nan Nan Nan Nan Nan Nan 1101010100 1000110010 1011100110 101 1110110110 111111111111 111111111111 111111111111 1100110 1101011011 111101011 1000100100 11 1100001001 111111111111 111111111111 111111111111 111111111111 20.500 50.873 1004.1 12628 16 -545 11 58 51 3 $GNGGA,,,,,,0,00,99.9,,,,,,*6F
13 Nan Nan Nan Nan Nan Nan 1101010100 1001001110 1011101001 100 1111000010 111111111111 111111111111 111111111111 1100101 1101011011 1000000101 1001000011 11 1100101011 111111111111 111111111111 111111111111 111111111111 20.500 50.858 1004.1 13628 16 -546 10 59 51 3 $GNGGA,,,,,,0,00,99.9,,,,,,*6F
14 Nan Nan Nan Nan Nan Nan 1101010100 1001101001 1011110010 100 1111000011 111111111111 111111111111 111111111111 1100100 1101011011 1000011011 1001011101 11 1100111111 111111111111 111111111111 111111111111 111111111111 20.500 50.843 1004.1 14628 16 -547 11 58 51 3 $GNGGA,,,,,,0,00,99.9,,,,,,*6F
15 Nan Nan Nan Nan Nan Nan 1101010100 1010000000 1011111111 100 1111001010 111111111111 111111111111 111111111111 1100100 1101011010 1000101101 1001101111 100 1101010100 111111111111 111111111111 111111111111 111111111111 20.500 50.843 1004.1 15628 16 -548 10 58 52 3 $GNGGA,,,,,,0,00,99.9,,,,,,*6F
