id HH MM SS longitude latitude altitude adc_1_ch0 adc_1_ch1 adc_1_ch2 adc_1_ch3 adc_1_ch4 adc_1_ch5 adc_1_ch6 adc_1_ch7 adc_1_ch8 adc_2_ch0 adc_2_ch1 adc_2_ch2 adc_2_ch3 adc_2_ch4 adc_2_ch5 adc_2_ch6 adc_2_ch7 adc_2_ch8 temp hum pres t_prog t_gps t_split t_adc t_temp t_hum t_pres trame_gga
1 Nan Nan Nan Nan Nan Nan 1101010100 110 1101100 110 1101010 111111111111 111111111111 111111111111 100100110111 1101011010 11 1101010 100 1101001 111111111111 111111111111 111111111111 111111111111 21.125 45.617 795.83 1664 16 -575 11 58 51 3 $GNGGA,,,,,,0,00,99.9,,,,,,*6F
2 Nan Nan Nan Nan Nan Nan 1101010100 110 1101100 110 1100110 111111111111 111111111111 111111111111 100000111111 1101011010 11 1101010 100 1101001 111111111111 111111111111 111111111111 111111111111 21.125 45.540 1004.0 2664 16 -578 10 59 51 3 $GNGGA,,,,,,0,00,99.9,,,,,,*6F
3 Nan Nan Nan Nan Nan Nan 1101010100 110 1101011 110 11101110 111111111111 111111111111 111111111111 11101100011 1101011010 11 1101010 100 1100111 111111111111 111111111111 111111111111 111111111111 21.125 45.502 1004.0 3664 16 -578 11 58 51 3 $GNGGA,,,,,,0,00,99.9,,,,,,*6F
4 Nan Nan Nan Nan Nan Nan 1101010100 110 1101001 110 1000100001 111111111111 111111111111 111111111111 11010011011 1101011011 11 1101000 100 1100100 111111111111 111111111111 111111111111 111111111111 21.125 45.479 1004.0 4664 16 -579 10 58 52 3 $GNGGA,,,,,,0,00,99.9,,,,,,*6F
5 Nan Nan Nan Nan Nan Nan 1101010100 101 1100110 110 1011000111 111111111111 111111111111 111111111111 10111110101 1101011010 11 1100110 100 1110011 111111111111 111111111111 111111111111 111000011010 21.188 45.502 1004.0 5664 17 -580 10 58 51 3 $GNGGA,,,,,,0,00,99.9,,,,,,*6F
6 Nan Nan Nan Nan Nan Nan 1101010100 101 1100101 101 1100100010 111111111111 111111111111 111111111111 10101101100 1101011010 101111 1100011 100 101000010 111111111111 111111111111 111111111111 101111000000 21.188 45.662 1004.0 6664 16 -580 10 58 52 3 $GNGGA,,,,,,0,00,99.9,,,,,,*6F
7 Nan Nan Nan Nan Nan Nan 1101010101 1000101 11001111 101 1101010110 111111111111 111111111111 111111111111 10011101110 1101011010 11011001 1100100 11 111101000 111111111111 111111111111 111111111111 101000000001 21.188 45.929 1004.0 7664 18 -582 10 59 51 3 $GNGGA,,,,,,0,00,99.9,,,,,,*6F
8 Nan Nan Nan Nan Nan Nan 1101010100 11011111 101010011 101 1101110000 111111111111 111111111111 111111111111 10010001011 1101011010 101001100 10110100 11 1001010111 111111111111 111111111111 111111111111 100010010101 21.188 46.044 1004.1 8664 17 -582 11 58 51 3 $GNGGA,,,,,,0,00,99.9,,,,,,*6F
9 Nan Nan Nan Nan Nan Nan 1101010100 101001111 110110110 101 1110000001 111111111111 111111111111 111111111111 10000110001 1101011011 110011111 100101001 11 1010101000 111111111111 111111111111 111111111111 11110000100 21.188 46.052 1004.1 9664 18 -584 10 59 51 3 $GNGGA,,,,,,0,00,99.9,,,,,,*6F
10 Nan Nan Nan Nan Nan Nan 1101010100 110100111 1000000010 1000001 1110010001 111111111111 111111111111 111111111111 1111101111 1101011010 111010011 101111110 11 1011100001 111111111111 111111111111 111111111111 11010100110 21.188 46.082 1004.1 10664 17 -584 11 58 51 3 $GNGGA,,,,,,0,00,99.9,,,,,,*6F
11 Nan Nan Nan Nan Nan Nan 1101010100 111101010 1000111101 11001101 1110011101 111111111111 111111111111 111111111111 1110110110 1101011011 111111010 111000011 11 1100010001 111111111111 111111111111 111111111111 11000000101 21.250 46.273 1004.0 11664 17 -586 10 59 51 3 $GNGGA,,,,,,0,00,99.9,,,,,,*6F
12 Nan Nan Nan Nan Nan Nan 1101010100 1000011110 1001101001 101001001 1110100010 111111111111 111111111111 111111111111 1101111101 1101011010 1000010110 111110011 101010 1100110100 111111111111 111111111111 111100011001 10101111111 21.188 46.402 1004.0 12664 18 -586 10 58 51 3 $GNGGA,,,,,,0,00,99.9,,,,,,*6F
13 Nan Nan Nan Nan Nan Nan 1101010100 1001000010 1010000101 110101001 1110101101 111111111111 111111111111 111111111111 1101011110 1101011011 1000110000 1000011101 10111001 1101001100 111111111111 111111111111 110101001111 10100011100 21.250 46.715 1004.0 13664 17 -586 10 58 52 3 $GNGGA,,,,,,0,00,99.9,,,,,,*6F
14 Nan Nan Nan Nan Nan Nan 1101010100 1001011110 1010011110 111101101 1110101111 111111111111 111111111111 111111111111 1100110111 1101011010 1001000010 1000111010 100101000 1101100001 111111111111 111111111111 101111010011 10011001101 21.250 46.998 1004.0 14664 18 -588 10 59 51 3 $GNGGA,,,,,,0,00,99.9,,,,,,*6F
15 Nan Nan Nan Nan Nan Nan 1101010100 1001111000 1010110011 1000110001 1110111011 111111111111 111111111111 111111111111 1100011100 1101011010 1001010000 1001010101 110000000 1101110001 111111111111 111111111111 101010011010 10010010011 21.250 46.937 1004.0 15664 17 -589 10 58 51 4 $GNGGA,,,,,,0,00,99.9,,,,,,*6F
16 Nan Nan Nan Nan Nan Nan 1101010100 1010001001 1011000110 1001100100 1110111101 111111111111 111111111111 111111111111 1100001011 1101011010 1001011100 1001101001 111001011 1110000001 110100010100 111111111111 100110001010 10001010111 21.250 46.723 1004.0 16664 18 -589 10 59 51 3 $GNGGA,,,,,,0,00,99.9,,,,,,*6F
17 Nan Nan Nan Nan Nan Nan 1101010100 1010011000 1011010001 1010001011 1110111110 111111111111 111111111111 111111111111 1011110110 1101011010 1001100100 1001111011 1000000010 1110001110 101101101010 111111111111 100010111000 10000110111 21.250 46.525 1004.0 17664 17 -588 11 58 51 3 $GNGGA,,,,,,0,00,99.9,,,,,,*6F
18 Nan Nan Nan Nan Nan Nan 1101010100 1010100100 1011011101 1010101111 1111000101 111111111111 111111111111 111111111111 1011100100 1101011010 1001101100 1010000110 1000110101 1110011001 101011010111 101011110011 100000000100 10000011001 21.250 46.197 1004.0 18664 18 -591 10 59 51 3 $GNGGA,,,,,,0,00,99.9,,,,,,*6F
19 Nan Nan Nan Nan Nan Nan 1101010100 1010101110 1011100101 1011010110 1111001010 111111111111 100101110110 111111111111 1011001011 1101011010 1001110100 1010001110 1001011101 1110100011 101001010011 100110110000 11101100101 1111111100 21.250 45.891 1004.0 19664 17 -592 11 58 51 3 $GNGGA,,,,,,0,00,99.9,,,,,,*6F
20 Nan Nan Nan Nan Nan Nan 1101010100 1010110010 1011101011 1011100011 1111001110 111111111111 100000111101 111111111111 1011001100 1101011010 1001111111 1010011011 1001111110 1110101100 100111010001 100011110101 11011100101 1111011111 21.313 45.670 1004.0 20664 17 -592 10 58 52 3 $GNGGA,,,,,,0,00,99.9,,,,,,*6F
21 Nan Nan Nan Nan Nan Nan 1101010100 1010111100 1011110001 1011111011 1111010000 110011010010 100001000111 111111111111 1011001010 1101011010 1001111110 1010100101 1010011101 1110110001 100101011111 100001101011 11001111000 1111001111 21.313 45.708 1004.0 21664 18 -594 10 58 51 3 $GNGGA,,,,,,0,00,99.9,,,,,,*6F
22 Nan Nan Nan Nan Nan Nan 1101010100 1010111111 1011110001 1100001100 1111010001 101010011110 100000100001 111111111111 1011000101 1101011010 1010000110 1010100111 1010110011 1110111011 100011111000 11111110111 11000100001 1110111101 21.313 45.716 1004.0 22664 17 -594 10 58 52 3 $GNGGA,,,,,,0,00,99.9,,,,,,*6F
23 Nan Nan Nan Nan Nan Nan 1101010100 1011000011 1011111000 1100011010 1111010110 100110111001 11111100011 111011011111 1010111100 1101011010 1010001100 1010101111 1011001111 1111000010 100010011000 11110010110 10111010010 1110111100 21.313 45.601 1004.0 23664 18 -595 10 59 51 3 $GNGGA,,,,,,0,00,99.9,,,,,,*6F
24 Nan Nan Nan Nan Nan Nan 1101010100 1011000111 1011111001 1100101000 1111011110 100100011011 11110100100 110111110001 1010111100 1101011010 1010001110 1010110011 1011011001 1111000111 100001000110 11101001010 10110010111 1110110101 21.313 45.731 1004.0 24664 17 -594 11 58 51 3 $GNGGA,,,,,,0,00,99.9,,,,,,*6F
27 Nan Nan Nan Nan Nan Nan 1101010100 1011010011 1100000110 1101000101 1111100010 11111010101 11011110010 101110011001 1011000000 1101011010 1010011000 1011000001 1011111111 1111010100 11101110011 11010001000 10100000000 1110010111 21.313 47.150 1004.0 27664 17 -598 10 59 51 3 $GNGGA,,,,,,0,00,99.9,,,,,,*6F
28 Nan Nan Nan Nan Nan Nan 1101010100 1011010110 1100001000 1101000100 1111100011 11110010101 11011010100 101011111000 1011000000 1101011011 1010011010 1011000011 1100001100 1111010111 11100111110 11001100011 10011011110 1110010111 21.313 46.982 1004.0 28664 18 -599 10 58 51 3 $GNGGA,,,,,,0,00,99.9,,,,,,*6F
29 Nan Nan Nan Nan Nan Nan 1101010100 1011011000 1100000100 1101001101 1111100100 11101001001 11010011101 101001100111 1010111010 1101011010 1010011111 1011001010 1100010100 1111011011 11100000111 11000110110 10011000100 1110010100 21.375 46.662 1004.0 29664 17 -600 10 58 52 3 $GNGGA,,,,,,0,00,99.9,,,,,,*6F
30 Nan Nan Nan Nan Nan Nan 1101010100 1011011100 1100001100 1101001111 1111100010 11100001101 11001110100 100111100000 1010111011 1101011011 1010011110 1011001001 1100100100 1111100000 11011010011 11000001011 10010101101 1110010010 21.375 46.448 1004.0 30664 18 -601 10 59 51 3 $GNGGA,,,,,,0,00,99.9,,,,,,*6F
31 Nan Nan Nan Nan Nan Nan 1101010100 1011011011 1100001000 1101010100 1111100101 11011011000 11001010010 100101101111 1010111111 1101011010 1010100000 1011001011 1100100000 1111100011 11010101000 10111101001 10010010101 1110001111 21.375 46.181 1004.0 31664 17 -602 10 58 51 4 $GNGGA,,,,,,0,00,99.9,,,,,,*6F
32 Nan Nan Nan Nan Nan Nan 1101010100 1011011001 1100001100 1101100000 1111101010 11010101110 11000110100 100100001010 1011000000 1101011011 1010011110 1011001011 1100101101 1111100111 11010000110 10111001011 10010000001 1110001101 21.375 45.899 1004.0 32664 18 -603 10 59 51 3 $GNGGA,,,,,,0,00,99.9,,,,,,*6F
33 Nan Nan Nan Nan Nan Nan 1101010100 1011011111 1100001110 1101101000 1111101101 11010000010 11000010110 100010100111 1011000000 1101011011 1010100001 1011010000 1100110011 1111101000 11001011101 10110101111 10001101010 1110001000 21.375 45.785 1004.1 33664 17 -603 11 58 51 3 $GNGGA,,,,,,0,00,99.9,,,,,,*6F
34 Nan Nan Nan Nan Nan Nan 1101010100 1011100011 1100010001 1101101000 1111110001 11001011001 10111110111 100001001101 1011000001 1101011011 1010101001 1011010100 1100110001 1111101000 11000110111 10110010001 10001011101 1110000000 21.375 45.853 1004.0 34664 18 -604 10 59 51 3 $GNGGA,,,,,,0,00,99.9,,,,,,*6F
35 Nan Nan Nan Nan Nan Nan 1101010100 1011100010 1100010001 1101101100 1111110000 11000111000 10111100010 100000000101 1010111111 1101011010 1010100111 1011010100 1100111010 1111101110 11000010110 10101110011 10001001110 1110000100 21.375 45.807 1004.0 35664 17 -605 11 58 51 3 $GNGGA,,,,,,0,00,99.9,,,,,,*6F
36 Nan Nan Nan Nan Nan Nan 1101010100 1011100110 1100010100 1101101110 1111110000 11000010010 10111000001 11111000010 1011000100 1101011010 1010100110 1011010110 1101000101 1111110011 11000000010 10101101001 10001000111 1110000110 21.375 45.434 1004.1 36664 17 -606 10 58 52 3 $GNGGA,,,,,,0,00,99.9,,,,,,*6F
37 Nan Nan Nan Nan Nan Nan 1101010100 1011100111 1100010100 1101101010 1111101101 10111111100 10110111100 11110000010 1011000000 1101011011 1010101110 1011011000 1101000101 1111110010 10111100110 10101010010 10000111011 1101111111 21.375 45.258 1004.1 37664 18 -607 10 58 51 3 $GNGGA,,,,,,0,00,99.9,,,,,,*6F
38 Nan Nan Nan Nan Nan Nan 1101010100 1011100110 1100010011 1101101001 1111110010 10111100110 10110101011 11101001100 1011001011 1101011011 1010101011 1011011010 1101000101 1111110011 10111000000 10100111001 10000110000 1101111010 21.375 44.961 1004.0 38664 17 -608 10 58 52 3 $GNGGA,,,,,,0,00,99.9,,,,,,*6F
39 Nan Nan Nan Nan Nan Nan 1101010100 1011101001 1100011000 1101101111 1111110101 10111000100 10110010010 11100010111 1011000010 1101011010 1010101010 1011011001 1101000011 1111110100 10110101010 10100101101 10000100110 1101110100 21.375 44.747 1004.0 39664 18 -608 10 59 51 3 $GNGGA,,,,,,0,00,99.9,,,,,,*6F
40 Nan Nan Nan Nan Nan Nan 1101010100 1011100111 1100010100 1101110000 1111110111 10110101111 10101111110 11011101010 1011001010 1101011010 1010110001 1011011110 1101001110 1111110111 10110011001 10100011011 10000100010 1101111010 21.375 44.526 1004.0 40664 17 -608 11 58 51 3 $GNGGA,,,,,,0,00,99.9,,,,,,*6F
41 Nan Nan Nan Nan Nan Nan 1101010100 1011101100 1100010101 1101111100 1111111011 10110011011 10101101011 11011000010 1011000100 1101011011 1010101111 1011011110 1101001111 1111111001 10110000101 10100001101 10000011000 1101111000 21.375 44.488 1004.0 41664 18 -610 10 59 51 3 $GNGGA,,,,,,0,00,99.9,,,,,,*6F
42 Nan Nan Nan Nan Nan Nan 1101010100 1011101011 1100010110 1101110111 1111111001 10110001010 10101100011 11010010111 1011001111 1101011010 1010110010 1011011110 1101001111 1111111001 10101110000 10011111000 10000010010 1101110010 21.375 44.869 1004.0 42664 17 -611 11 58 51 3 $GNGGA,,,,,,0,00,99.9,,,,,,*6F
43 Nan Nan Nan Nan Nan Nan 1101010100 1011110000 1100011011 1101111110 1111111100 10101110111 10101010000 11001110010 1011001011 1101011010 1010101111 1011100000 1101010111 1111111011 10101100000 10011110100 10000001101 1101110001 21.438 44.838 1004.0 43664 17 -613 10 59 51 3 $GNGGA,,,,,,0,00,99.9,,,,,,*6F
44 Nan Nan Nan Nan Nan Nan 1101010100 1011101110 1100011000 1101111110 1111111100 10101100110 10101001011 11001001101 1011010001 1101011010 1010110010 1011100000 1101010101 1111111011 10101001101 10011100101 10000000100 1101110110 21.438 44.983 1004.0 44664 18 -612 10 58 51 3 $GNGGA,,,,,,0,00,99.9,,,,,,*6F
45 Nan Nan Nan Nan Nan Nan 1101010100 1011110000 1100011010 1101111100 1111111100 10101010100 10100110100 11000110101 1011001101 1101011010 1010110101 1011100010 1101011001 1111111110 10100111111 10011011000 10000000110 1101110010 21.438 44.808 1004.0 45664 17 -614 10 58 52 3 $GNGGA,,,,,,0,00,99.9,,,,,,*6F
46 Nan Nan Nan Nan Nan Nan 1101010100 1011110000 1100011001 1110000001 1111111101 10101001000 10100110001 11000011010 1011001010 1101011010 1010110101 1011100001 1101100000 1111111111 10100101100 10011001110 10000000101 1101110101 21.438 44.686 1004.0 46664 18 -614 10 59 51 3 $GNGGA,,,,,,0,00,99.9,,,,,,*6F
47 Nan Nan Nan Nan Nan Nan 1101010100 1011110001 1100011001 1110000101 10000000001 10100110001 10100100000 10111111110 1011001100 1101011010 1010110001 1011100001 1101100001 10000000010 10100011110 10011000011 1111110000 1101101011 21.438 44.671 1004.1 47664 17 -616 10 58 51 4 $GNGGA,,,,,,0,00,99.9,,,,,,*6F
48 Nan Nan Nan Nan Nan Nan 1101010100 1011111000 1100011101 1110001001 10000000010 10100100111 10100011000 10111101000 1011010001 1101011010 1010110101 1011100011 1101100100 10000000010 10100010110 10010111101 1111110010 1101101010 21.438 44.755 1004.1 48664 18 -615 10 59 51 3 $GNGGA,,,,,,0,00,99.9,,,,,,*6F
49 Nan Nan Nan Nan Nan Nan 1101010100 1011110010 1100011010 1110001010 10000000001 10100011011 10100010000 10111010110 1011010011 1101011010 1010110111 1011100100 1101100011 10000000001 10100000010 10010101110 1111101101 1101101111 21.438 44.953 1004.1 49664 17 -617 11 58 51 3 $GNGGA,,,,,,0,00,99.9,,,,,,*6F
50 Nan Nan Nan Nan Nan Nan 1101010100 1011110101 1100011100 1110001100 10000000100 10100010000 10100000110 10110111011 1011001100 1101011011 1010110011 1011100010 1101100110 10000000011 10011111110 10010101100 1111100111 1101101100 21.438 45.098 1004.1 50664 18 -618 10 59 51 3 $GNGGA,,,,,,0,00,99.9,,,,,,*6F
51 Nan Nan Nan Nan Nan Nan 1101010100 1011110010 1100011010 1110010011 10000000100 10100000111 10100000001 10110110011 1011011001 1101011010 1010110110 1011100111 1101101001 10000000101 10011101111 10010100001 1111100110 1101101001 21.438 45.182 1004.0 51664 17 -618 11 58 51 3 $GNGGA,,,,,,0,00,99.9,,,,,,*6F
52 Nan Nan Nan Nan Nan Nan 1101010100 1011110101 1100011011 1110001101 10000000010 10011110111 10011101110 10110011101 1011011001 1101011011 1010110110 1011100110 1101110001 10000000111 10011100010 10010011011 1111100011 1101101101 21.438 45.327 1004.1 52664 17 -620 10 58 52 3 $GNGGA,,,,,,0,00,99.9,,,,,,*6F
53 Nan Nan Nan Nan Nan Nan 1101010100 1011110011 1100010111 1110010000 10000000011 10011101010 10011100010 10110010000 1011011001 1101011011 1010110111 1011101000 1101101011 10000000101 10011010110 10010001111 1111011100 1101011101 21.438 45.456 1004.1 53664 18 -620 10 58 51 3 $GNGGA,,,,,,0,00,99.9,,,,,,*6F
54 Nan Nan Nan Nan Nan Nan 1101010100 1011110100 1100011010 1110010100 10000000101 10011100010 10011100010 10110000000 1011010110 1101011011 1010111010 1011100111 1101110101 10000000110 10011001001 10010000110 1111011011 1101011110 21.438 45.540 1004.1 54664 17 -622 10 58 52 3 $GNGGA,,,,,,0,00,99.9,,,,,,*6F
55 Nan Nan Nan Nan Nan Nan 1101010100 1011110110 1100011011 1110010001 10000000010 10011011110 10011011101 10101110001 1011011001 1101011010 1010111011 1011101011 1101110000 10000000110 10011000101 10010000101 1111010110 1101100011 21.438 45.609 1004.0 55664 18 -623 10 59 51 3 $GNGGA,,,,,,0,00,99.9,,,,,,*6F
56 Nan Nan Nan Nan Nan Nan 1101010100 1011110111 1100011100 1110010010 10000001001 10011010100 10011010110 10101101101 1011011010 1101011011 1010111001 1011101000 1101110010 10000001000 10010110001 10001111001 1111010111 1101100010 21.500 45.342 1004.0 56664 17 -623 11 58 51 3 $GNGGA,,,,,,0,00,99.9,,,,,,*6F
57 Nan Nan Nan Nan Nan Nan 1101010100 1011111010 1100011110 1110001111 10000000111 10011001100 10011001110 10101100011 1011011000 1101011010 1010111100 1011101001 1101110011 10000001001 10010110001 10001110100 1111010011 1101100000 21.500 45.334 1004.0 57664 18 -624 10 59 51 3 $GNGGA,,,,,,0,00,99.9,,,,,,*6F
58 Nan Nan Nan Nan Nan Nan 1101010100 1011111000 1100011100 1110010100 10000001011 10011000010 10011000101 10101010111 1011011010 1101011010 1010111011 1011101011 1101111011 10000001100 10010100101 10001110001 1111001110 1101011010 21.500 45.022 1004.0 58664 17 -624 11 58 51 3 $GNGGA,,,,,,0,00,99.9,,,,,,*6F
59 Nan Nan Nan Nan Nan Nan 1101010100 1011111010 1100011111 1110011011 10000001011 10010111100 10010111110 10101001010 1011010000 1101011011 1010110111 1011101000 1101111100 10000001011 10010100000 10001101000 1111001111 1101100001 21.500 44.823 1004.0 59664 17 -626 10 59 51 3 $GNGGA,,,,,,0,00,99.9,,,,,,*6F
60 Nan Nan Nan Nan Nan Nan 1101010100 1011111000 1100011101 1110010110 10000001000 10010101111 10010110100 10100111110 1011011010 1101011010 1010111011 1011101011 1101110110 10000001001 10010011110 10001100111 1111001100 1101011111 21.500 44.678 1004.0 60664 18 -626 10 58 51 3 $GNGGA,,,,,,0,00,99.9,,,,,,*6F
61 Nan Nan Nan Nan Nan Nan 1101010100 1011111000 1100011111 1110010110 10000001100 10010101100 10010110101 10100101011 1011010110 1101011011 1010111101 1011101010 1101111011 10000001100 10010001110 10001011000 1111001000 1101011010 21.500 44.541 1004.0 61664 17 -627 10 58 52 3 $GNGGA,,,,,,0,00,99.9,,,,,,*6F
62 Nan Nan Nan Nan Nan Nan 1101010100 1011111010 1100011011 1110001110 10000001011 10010101001 10010100111 10100101001 1011011101 1101011011 1010111100 1011101010 1101111101 10000001011 10010001010 10001010110 1111001001 1101011100 21.500 44.396 1004.0 62664 18 -629 10 59 51 3 $GNGGA,,,,,,0,00,99.9,,,,,,*6F
63 Nan Nan Nan Nan Nan Nan 1101010100 1011111010 1100011101 1110011011 10000001101 10010010111 10010100100 10100011000 1011010001 1101011011 1011000010 1011101110 1101111111 10000001100 10010000101 10001010010 1111000000 1101010011 21.500 44.335 1004.0 63664 17 -629 10 58 51 4 $GNGGA,,,,,,0,00,99.9,,,,,,*6F
64 Nan Nan Nan Nan Nan Nan 1101010100 1011111001 1100011101 1110011000 10000001001 10010001111 10010100100 10100010111 1011010101 1101011010 1010111010 1011101001 1110000011 10000001101 10010000000 10001001111 1110111111 1101010011 21.500 44.335 1004.1 64664 18 -630 10 59 51 3 $GNGGA,,,,,,0,00,99.9,,,,,,*6F
65 Nan Nan Nan Nan Nan Nan 1101010100 1011111101 1100100001 1110011010 10000001111 10010001100 10010011010 10100001010 1011010001 1101011010 1010111101 1011101110 1110000011 10000001100 10001110111 10001001011 1110111110 1101011000 21.500 44.381 1004.1 65664 17 -630 11 58 51 3 $GNGGA,,,,,,0,00,99.9,,,,,,*6F
66 Nan Nan Nan Nan Nan Nan 1101010100 1011111101 1100100001 1110011000 10000001110 10010001001 10010011010 10100001011 1011011010 1101011010 1010111110 1011110001 1110001010 10000001110 10001101100 10001000010 1111000110 1101100010 21.500 44.365 1004.0 66664 18 -632 10 59 51 3 $GNGGA,,,,,,0,00,99.9,,,,,,*6F
67 Nan Nan Nan Nan Nan Nan 1101010100 1011111110 1100100011 1110011100 10000001111 10010000110 10010010101 10011111001 1011010111 1101011011 1011000000 1011101100 1110000111 10000001111 10001101100 10000111011 1110111110 1101011100 21.500 44.472 1004.0 67664 17 -633 11 58 51 3 $GNGGA,,,,,,0,00,99.9,,,,,,*6F
68 Nan Nan Nan Nan Nan Nan 1101010100 1011111010 1100011101 1110100000 10000010000 10001111011 10010001101 10100000000 1011100000 1101011011 1010111110 1011101101 1110001110 10000010011 10001101010 10000111011 1110111110 1101011000 21.500 44.549 1004.0 68664 17 -633 10 58 52 3 $GNGGA,,,,,,0,00,99.9,,,,,,*6F
69 Nan Nan Nan Nan Nan Nan 1101010100 1011111111 1100100001 1110011101 10000010010 10001111001 10010001000 10011110100 1011100010 1101011010 1011000000 1011110000 1110000101 10000010000 10001011101 10000111010 1110111100 1101011011 21.500 44.449 1004.0 69664 18 -634 10 58 51 3 $GNGGA,,,,,,0,00,99.9,,,,,,*6F
70 Nan Nan Nan Nan Nan Nan 1101010100 1011111111 1100011111 1110100000 10000010000 10001110100 10010000111 10011110000 1011011101 1101011011 1011000010 1011110001 1110001010 10000010000 10001011000 10000110001 1110111101 1101010010 21.500 44.350 1004.0 70664 17 -635 10 58 52 3 $GNGGA,,,,,,0,00,99.9,,,,,,*6F
71 Nan Nan Nan Nan Nan Nan 1101010100 1100000010 1100100100 1110011101 10000010010 10001101100 10010000001 10011101100 1011011001 1101011010 1010111100 1011101110 1110010001 10000010101 10001010010 10000101010 1110110110 1101010001 21.500 44.335 1004.0 71664 18 -636 10 59 51 3 $GNGGA,,,,,,0,00,99.9,,,,,,*6F
72 Nan Nan Nan Nan Nan Nan 1101010100 1011111110 1100011111 1110011110 10000010001 10001101001 10010000000 10011101011 1011011010 1101011010 1011000000 1011101100 1110001101 10000010100 10001010100 10000101111 1110101001 1101001111 21.500 44.480 1004.0 72664 17 -635 11 58 51 3 $GNGGA,,,,,,0,00,99.9,,,,,,*6F
73 Nan Nan Nan Nan Nan Nan 1101010100 1100000010 1100100010 1110100000 10000010011 10001011111 10001110101 10011100011 1011011011 1101011011 1011000001 1011101111 1110001100 10000010011 10001001110 10000100110 1110110010 1101010010 21.500 44.465 1004.0 73664 18 -638 10 59 51 3 $GNGGA,,,,,,0,00,99.9,,,,,,*6F
74 Nan Nan Nan Nan Nan Nan 1101010100 1100000000 1100100010 1110100000 10000010101 10001011111 10001110100 10011010111 1011011000 1101011011 1011000000 1011110001 1110001111 10000010001 10001001000 10000100111 1110110101 1101011001 21.500 44.488 1004.0 74664 17 -639 11 58 51 3 $GNGGA,,,,,,0,00,99.9,,,,,,*6F
75 Nan Nan Nan Nan Nan Nan 1101010100 1100000001 1100100010 1110100101 10000010101 10001011000 10001110111 10011010001 1011010011 1101011010 1011000000 1011101101 1110010000 10000010010 10001000010 10000011111 1110101011 1101001011 21.500 44.541 1004.0 75664 17 -639 10 59 51 3 $GNGGA,,,,,,0,00,99.9,,,,,,*6F
76 Nan Nan Nan Nan Nan Nan 1101010100 1011111101 1100011100 1110011110 10000010100 10001010111 10001110001 10011001111 1011011000 1101011010 1011000011 1011110010 1110010100 10000010101 10000111110 10000100010 1110101001 1101001010 21.500 44.587 1004.0 76664 18 -640 10 58 51 3 $GNGGA,,,,,,0,00,99.9,,,,,,*6F
77 Nan Nan Nan Nan Nan Nan 1101010100 1011111110 1100011111 1110011011 10000010111 10001001110 10001101001 10011001100 1011011111 1101011010 1011000101 1011110011 1110010011 10000010011 10000110101 10000010110 1110100101 1101001100 21.563 44.549 1004.0 77664 17 -641 10 58 52 3 $GNGGA,,,,,,0,00,99.9,,,,,,*6F
78 Nan Nan Nan Nan Nan Nan 1101010100 1100000001 1100011111 1110101010 10000011101 10001001110 10001100110 10011001000 1011011101 1101011011 1011000100 1011110010 1110011101 10000010111 10000110000 10000010110 1110100111 1101010011 21.500 44.518 1004.0 78664 18 -642 10 59 51 3 $GNGGA,,,,,,0,00,99.9,,,,,,*6F
79 Nan Nan Nan Nan Nan Nan 1101010100 1011111100 1100011100 1110100100 10000010011 10001000100 10001100010 10011000111 1011010111 1101011011 1011000011 1011110011 1110011111 10000010111 10000110010 10000010100 1110100111 1101001101 21.500 44.518 1004.0 79664 17 -642 10 58 51 4 $GNGGA,,,,,,0,00,99.9,,,,,,*6F
80 Nan Nan Nan Nan Nan Nan 1101010100 1100000010 1100100000 1110101000 10000010100 10001001000 10001100100 10011000111 1011011111 1101011010 1010111110 1011110001 1110011111 10000010101 10000110011 10000010100 1110100110 1101001101 21.563 44.495 1004.0 80664 18 -644 10 59 51 3 $GNGGA,,,,,,0,00,99.9,,,,,,*6F
81 Nan Nan Nan Nan Nan Nan 1101010100 1100000000 1100011111 1110101101 10000010111 10001000000 10001011100 10010111110 1011100111 1101011010 1011000100 1011110000 1110011101 10000010111 10000100110 10000001000 1110100011 1101000011 21.563 44.495 1004.0 81664 17 -644 11 58 51 3 $GNGGA,,,,,,0,00,99.9,,,,,,*6F
82 Nan Nan Nan Nan Nan Nan 1101010100 1011111111 1100100000 1110101000 10000010101 10000110111 10001010111 10010111010 1011100001 1101011010 1011000111 1011110011 1110011111 10000010111 10000100101 10000001011 1110100100 1101001010 21.500 44.945 1004.1 82664 18 -645 10 59 51 3 $GNGGA,,,,,,0,00,99.9,,,,,,*6F
83 Nan Nan Nan Nan Nan Nan 1101010100 1100000011 1100100010 1110101001 10000010101 10000110101 10001001100 10010111101 1011100100 1101011011 1011000001 1011101110 1110100011 10000010110 10000100101 10000000110 1110011101 1101000100 21.563 45.571 1004.1 83664 17 -647 11 58 51 3 $GNGGA,,,,,,0,00,99.9,,,,,,*6F
84 Nan Nan Nan Nan Nan Nan 1101010100 1100000001 1100100001 1110101110 10000011000 10000110100 10001010010 10010110110 1011100011 1101011010 1011000110 1011110000 1110011111 10000011001 10000100000 10000001000 1110100001 1101001011 21.563 45.937 1004.0 84664 17 -647 10 58 52 3 $GNGGA,,,,,,0,00,99.9,,,,,,*6F
85 Nan Nan Nan Nan Nan Nan 1101010100 1100000101 1100100010 1110100111 10000011000 10000101101 10001000101 10010110100 1011100111 1101011010 1011000101 1011110001 1110100100 10000010111 10000011101 10000000110 1110011011 1101001011 21.563 45.754 1004.0 85664 18 -648 10 58 51 3 $GNGGA,,,,,,0,00,99.9,,,,,,*6F
86 Nan Nan Nan Nan Nan Nan 1101010100 1100000111 1100100100 1110101110 10000011000 10000101110 10001010000 10010101111 1011011111 1101011011 1011000101 1011110100 1110011111 10000011001 10000011011 1111111111 1110011111 1101001110 21.563 45.510 1004.0 86664 17 -650 10 58 52 3 $GNGGA,,,,,,0,00,99.9,,,,,,*6F
87 Nan Nan Nan Nan Nan Nan 1101010100 1100000001 1100100000 1110100111 10000010101 10000101100 10001001100 10010101100 1011100001 1101011010 1011000101 1011110100 1110100010 10000011010 10000010101 1111111110 1110011000 1101000111 21.563 45.426 1004.0 87664 18 -650 10 59 51 3 $GNGGA,,,,,,0,00,99.9,,,,,,*6F
88 Nan Nan Nan Nan Nan Nan 1101010100 1100000001 1100011111 1110110100 10000011010 10000101100 10001010011 10010100011 1011100000 1101011011 1011001001 1011110100 1110100010 10000011001 10000010111 1111111101 1110010110 1101001001 21.563 45.624 1004.0 88664 17 -650 11 58 51 3 $GNGGA,,,,,,0,00,99.9,,,,,,*6F
89 Nan Nan Nan Nan Nan Nan 1101010100 1100000110 1100100011 1110101101 10000011000 10000100100 10001000101 10010011000 1011011001 1101011011 1011000111 1011110101 1110011111 10000011000 10000001111 1111111011 1110011000 1101001100 21.563 45.586 1004.0 89664 18 -651 10 59 51 3 $GNGGA,,,,,,0,00,99.9,,,,,,*6F
90 Nan Nan Nan Nan Nan Nan 1101010100 1100000010 1100100000 1110101110 10000011011 10000100110 10001001001 10010010110 1011011011 1101011011 1011000111 1011110100 1110011100 10000011001 10000001111 1111110110 1110010010 1101001010 21.563 45.296 1004.0 90664 17 -653 11 58 51 3 $GNGGA,,,,,,0,00,99.9,,,,,,*6F
91 Nan Nan Nan Nan Nan Nan 1101010100 1100000110 1100100011 1110110001 10000011010 10000100010 10001000010 10010010110 1011100011 1101011011 1011001011 1011110101 1110100001 10000011010 10000001010 1111110110 1110010111 1101001011 21.563 45.098 1004.0 91664 17 -653 10 59 51 3 $GNGGA,,,,,,0,00,99.9,,,,,,*6F
92 Nan Nan Nan Nan Nan Nan 1101010100 1100000111 1100100101 1110110011 10000011100 10000011010 10000111010 10010010101 1011011111 1101011010 1011000011 1011110011 1110100010 10000011000 10000000101 1111110000 1110001111 1101000010 21.563 44.961 1004.1 92664 18 -654 10 58 51 3 $GNGGA,,,,,,0,00,99.9,,,,,,*6F
93 Nan Nan Nan Nan Nan Nan 1101010100 1100001000 1100100010 1110110010 10000011110 10000010110 10000111100 10010010011 1011100010 1101011011 1011000111 1011110100 1110011111 10000011001 10000000110 1111101111 1110010001 1101000010 21.563 44.892 1004.1 93664 17 -655 10 58 52 3 $GNGGA,,,,,,0,00,99.9,,,,,,*6F
94 09 11 38 Nan Nan Nan 1101010100 1100000101 1100100011 1110110100 10000011100 10000010100 10000110101 10010010101 1011011111 1101011011 1011001010 1011110101 1110100101 10000011100 10000000000 1111101101 1110010011 1101000011 21.563 44.907 1004.0 94664 18 -349 11 59 51 3 $GNGGA,091138.00,,,,,0,00,99.9,,,,,,*43
95 09 11 39 Nan Nan Nan 1101010100 1100001000 1100100011 1110101010 10000010111 10000010000 10000110110 10010001101 1011011000 1101011010 1011001000 1011110100 1110101011 10000011101 10000000010 1111101111 1110010010 1101000011 21.563 45.029 1004.0 95664 17 -350 11 58 51 4 $GNGGA,091139.00,,,,,0,00,99.9,,,,,,*42
96 09 11 40 Nan Nan Nan 1101010100 1100000101 1100100010 1110101111 10000011011 10000010000 10000110100 10010001010 1011011000 1101011010 1011001000 1011110010 1110100100 10000011010 10000000000 1111101011 1110010010 1101000110 21.563 45.037 1004.0 96664 18 -349 11 59 51 3 $GNGGA,091140.00,,,,,0,00,99.9,,,,,,*4C
97 09 11 41 Nan Nan Nan 1101010100 1100000011 1100011111 1110110011 10000011110 10000001100 10000110010 10010001001 1011011001 1101011011 1011001011 1011110100 1110101010 10000011011 1111111011 1111101011 1110010100 1101001001 21.563 45.029 1004.0 97664 17 -351 12 58 51 3 $GNGGA,091141.00,,,,,0,00,99.9,,,,,,*4D
98 09 11 42 Nan Nan Nan 1101010100 1100000101 1100100001 1110110001 10000011111 10000000100 10000101000 10010001000 1011011001 1101011011 1011000111 1011110111 1110101000 10000011011 1111110110 1111100101 1110001110 1101001000 21.563 44.945 1004.0 98664 17 -353 11 59 51 3 $GNGGA,091142.00,,,,,0,00,99.9,,,,,,*4E
99 09 11 43 Nan Nan Nan 1101010101 1100000101 1100100001 1110101011 10000011011 10000001000 10000101101 10010000010 1011011111 1101011011 1011001000 1011110110 1110101101 10000011100 1111110110 1111100100 1110001110 1101000010 21.563 45.395 1004.0 99664 16 -193 12 58 51 3 $GNGGA,091143.00,,,,,0,00,99.9,,,,,,*4F
100 09 11 44 Nan Nan Nan 1101010100 1100000110 1100100100 1110110001 10000011110 10000000101 10000101101 10001111100 1011011000 1101011010 1011000111 1011110100 1110101000 10000011100 1111110111 1111100100 1110001111 1101000001 21.563 45.495 1004.0 100664 16 -355 11 58 52 3 $GNGGA,091144.00,,,,,0,00,99.9,,,,,,*48
101 09 11 45 Nan Nan Nan 1101010100 1100000100 1100011111 1110110100 10000011111 1111111111 10000100110 10001111110 1011011000 1101011011 1011000111 1011110100 1110101010 10000011011 1111110000 1111011011 1110001010 1101000001 21.563 45.624 1004.0 101664 17 -353 11 58 51 3 $GNGGA,091145.00,,,,,0,00,99.9,,,,,,*49
102 09 11 46 Nan Nan Nan 1101010100 1100000101 1100100000 1110110110 10000011110 10000000001 10000101000 10001110110 1011100010 1101011010 1011001000 1011110101 1110110001 10000011110 1111101110 1111011100 1110001000 1101000010 21.563 45.640 1004.0 102664 17 -356 11 58 52 3 $GNGGA,091146.00,,,,,0,00,99.9,,,,,,*4A
103 09 11 47 Nan Nan Nan 1101010100 1100000100 1100011101 1110110011 10000011100 1111111011 10000100011 10001111000 1011011111 1101011010 1011001001 1011110110 1110110010 10000011110 1111101110 1111011000 1110001110 1101000110 21.563 45.624 1004.0 103664 18 -356 11 59 51 3 $GNGGA,091147.00,,,,,0,00,99.9,,,,,,*4B
104 09 11 48 Nan Nan Nan 1101010100 1100000100 1100100010 1110110101 10000100000 1111111101 10000100111 10001111000 1011011111 1101011010 1011001000 1011110101 1110110000 10000011100 1111101101 1111011101 1110000011 1100111110 21.563 45.861 1004.0 104664 16 -356 12 58 51 3 $GNGGA,091148.00,,,,,0,00,99.9,,,,,,*44
105 09 11 49 Nan Nan Nan 1101010100 1100000101 1100100001 1110110101 10000100000 1111111100 10000100100 10001110101 1011011011 1101011011 1011001011 1011110101 1110101011 10000011111 1111101001 1111010110 1110001010 1100111100 21.563 45.609 1004.0 105664 18 -198 11 59 51 3 $GNGGA,091149.00,,,,,0,00,99.9,,,,,,*45
106 09 11 50 Nan Nan Nan 1101010100 1100001010 1100100110 1110111010 10000100001 1111111110 10000100111 10001110111 1011011000 1101011011 1011001001 1011110011 1110110001 10000011100 1111100010 1111011000 1110000111 1100111110 21.625 45.319 1004.0 106664 16 -359 12 58 51 3 $GNGGA,091150.00,,,,,0,00,99.9,,,,,,*4D
107 09 11 51 Nan Nan Nan 1101010100 1100001011 1100101000 1110111101 10000100010 1111110111 10000011111 10001110110 1011100100 1101011011 1011001000 1011110101 1110101100 10000011110 1111100111 1111010010 1110001010 1101000010 21.563 45.441 1004.0 107664 16 -358 11 59 51 3 $GNGGA,091151.00,,,,,0,00,99.9,,,,,,*4C
108 09 11 52 Nan Nan Nan 1101010100 1100001000 1100100011 1110111000 10000011111 1111110001 10000011010 10001111100 1011101101 1101011010 1011000100 1011110010 1110101110 10000011110 1111100001 1111010011 1110000110 1100111111 21.563 45.708 1004.0 108664 16 -361 12 58 51 3 $GNGGA,091152.00,,,,,0,00,99.9,,,,,,*4F
109 09 11 53 Nan Nan Nan 1101010100 1100001000 1100100001 1110111001 10000100100 1111110000 10000011010 10001101111 1011100001 1101011010 1011001101 1011110111 1110101111 10000011101 1111100011 1111010010 1110000110 1101000010 21.563 45.678 1004.0 109664 16 -362 11 58 52 3 $GNGGA,091153.00,,,,,0,00,99.9,,,,,,*4E
110 09 11 54 Nan Nan Nan 1101010100 1100000100 1100100001 1110111011 10000011111 1111101100 10000010101 10001101001 1011100000 1101011011 1011001010 1011110101 1110101110 10000011100 1111100101 1111010100 1110000100 1101000001 21.563 45.441 1004.1 110664 17 -362 11 59 51 3 $GNGGA,091154.00,,,,,0,00,99.9,,,,,,*49
111 09 11 55 Nan Nan Nan 1101010100 1100001011 1100100100 1110111011 10000100010 1111100111 10000010100 10001101010 1011101010 1101011011 1011001011 1011111000 1110110000 10000011111 1111011010 1111001110 1101111111 1100111000 21.563 45.334 1004.0 111664 16 -204 11 58 51 4 $GNGGA,091155.00,,,,,0,00,99.9,,,,,,*48
112 09 11 56 Nan Nan Nan 1101010100 1100000111 1100100100 1111000000 10000100100 1111110010 10000011001 10001101110 1011101010 1101011011 1011001101 1011110101 1110110110 10000100000 1111100000 1111010010 1110000111 1101000010 21.563 45.205 1004.0 112664 17 -364 11 59 51 3 $GNGGA,091156.00,,,,,0,00,99.9,,,,,,*4B
113 09 11 57 Nan Nan Nan 1101010100 1100001010 1100100100 1110111110 10000100010 1111101010 10000010101 10001101000 1011100101 1101011011 1011001001 1011110110 1110110110 10000100000 1111011110 1111001010 1110000001 1100111110 21.563 45.121 1004.0 113664 16 -364 12 58 51 3 $GNGGA,091157.00,,,,,0,00,99.9,,,,,,*4A
114 09 11 58 Nan Nan Nan 1101010100 1100001001 1100100001 1111000001 10000100011 1111100101 10000001100 10001100010 1011100000 1101011011 1011001001 1011110100 1110111011 10000100001 1111011011 1111001000 1110000100 1100111101 21.563 45.128 1004.1 114664 17 -366 11 59 51 3 $GNGGA,091158.00,,,,,0,00,99.9,,,,,,*45
115 09 11 59 Nan Nan Nan 1101010101 1100001001 1100100101 1110111110 10000100010 1111101000 10000010101 10001100001 1011100100 1101011011 1011001100 1011110101 1110110100 10000011111 1111010111 1111001000 1110000000 1100110110 21.563 45.182 1004.1 115664 16 -366 12 58 51 3 $GNGGA,091159.00,,,,,0,00,99.9,,,,,,*44
116 09 12 00 Nan Nan Nan 1101010101 1100001000 1100100001 1110111010 10000100010 1111100000 10000001010 10001100010 1011100101 1101011011 1011000110 1011110110 1110111000 10000100010 1111011001 1111000111 1101111101 1100111001 21.563 45.212 1004.0 116664 16 -368 11 58 52 3 $GNGGA,091200.00,,,,,0,00,99.9,,,,,,*4B
117 09 12 01 Nan Nan Nan 1101010100 1100001011 1100100100 1110111111 10000011110 1111011111 10000001011 10001011111 1011100101 1101011011 1011001010 1011110110 1110110100 10000011111 1111010110 1111000110 1101111011 1100111000 21.625 45.151 1004.1 117664 17 -207 11 58 51 3 $GNGGA,091201.00,,,,,0,00,99.9,,,,,,*4A
118 09 12 02 Nan Nan Nan 1101010100 1100001011 1100100101 1111000001 10000100010 1111011110 10000001011 10001011100 1011101010 1101011011 1011000111 1011110101 1110111010 10000011111 1111010111 1111000111 1101111111 1100111100 21.563 45.136 1004.1 118664 16 -370 11 58 52 3 $GNGGA,091202.00,,,,,0,00,99.9,,,,,,*49
119 09 12 03 Nan Nan Nan 1101010100 1100001110 1100101000 1110110101 10000100000 1111011011 10000000101 10001010111 1011100011 1101011011 1011001100 1011110111 1110111010 10000100010 1111010000 1111000011 1101110111 1100111100 21.563 45.029 1004.1 119664 17 -371 11 59 51 3 $GNGGA,091203.00,,,,,0,00,99.9,,,,,,*48
120 09 12 04 Nan Nan Nan 1101010100 1100001001 1100100101 1110111011 10000100101 1111011111 10000001011 10001010100 1011011100 1101011011 1011001111 1011111001 1110111000 10000100001 1111010111 1111000101 1101110011 1100110101 21.563 45.113 1004.1 120664 16 -371 12 58 51 3 $GNGGA,091204.00,,,,,0,00,99.9,,,,,,*4F
121 09 12 05 Nan Nan Nan 1101010101 1100001000 1100100010 1110111111 10000100101 1111011011 10000001001 10001010100 1011010111 1101011010 1011001000 1011110101 1110110110 10000100001 1111001110 1111000000 1101111010 1100111011 21.563 45.006 1004.1 121664 17 -372 11 59 51 3 $GNGGA,091205.00,,,,,0,00,99.9,,,,,,*4E
122 09 12 06 Nan Nan Nan 1101010100 1100001010 1100100011 1110111000 10000100011 1111011110 10000001001 10001011011 1011011001 1101011011 1011001001 1011110101 1110111010 10000100001 1111010000 1111000100 1101111001 1100110111 21.563 44.892 1004.0 122664 16 -372 12 58 51 3 $GNGGA,091206.00,,,,,0,00,99.9,,,,,,*4D
123 09 12 07 Nan Nan Nan 1101010100 1100001101 1100100110 1110111011 10000100001 1111010010 10000000010 10001011010 1011100010 1101011011 1011001010 1011110110 1110111011 10000100011 1111001001 1110111101 1101111010 1100110101 21.563 44.999 1004.0 123664 16 -213 11 59 51 3 $GNGGA,091207.00,,,,,0,00,99.9,,,,,,*4C
124 09 12 08 Nan Nan Nan 1101010100 1100001001 1100100011 1110111100 10000100100 1111010100 1111111111 10001010001 1011010110 1101011011 1011001011 1011110111 1110111000 10000100000 1111001011 1110111010 1101111001 1100111100 21.563 45.228 1004.1 124664 16 -375 12 58 51 3 $GNGGA,091208.00,,,,,0,00,99.9,,,,,,*43
125 09 12 09 Nan Nan Nan 1101010100 1100001010 1100100001 1110111110 10000100011 1111001111 1111111101 10001010010 1011100010 1101011011 1011001101 1011111001 1111000010 10000100011 1111001001 1111000000 1101111100 1100111010 21.563 45.350 1004.1 125664 16 -374 11 58 52 3 $GNGGA,091209.00,,,,,0,00,99.9,,,,,,*42
126 09 12 10 Nan Nan Nan 1101010100 1100000110 1100100001 1111000010 10000100110 1111010001 10000000000 10001010110 1011100001 1101011011 1011001100 1011110111 1110111101 10000100011 1111001000 1110111001 1101110011 1100110100 21.563 45.487 1004.1 126664 17 -376 11 59 51 3 $GNGGA,091210.00,,,,,0,00,99.9,,,,,,*4A
127 09 12 11 Nan Nan Nan 1101010100 1100001111 1100101000 1110111110 10000100100 1111010010 10000000000 10001010000 1011011110 1101011011 1011001001 1011110111 1110111101 10000100010 1111000101 1110111110 1101101111 1100110100 21.563 45.434 1004.1 127664 16 -378 11 58 51 4 $GNGGA,091211.00,,,,,0,00,99.9,,,,,,*4B
128 09 12 12 Nan Nan Nan 1101010100 1100001010 1100100000 1111000110 10000100110 1111010001 10000000000 10001010001 1011100001 1101011010 1011001110 1011111001 1110110100 10000100100 1111000011 1110111001 1101101010 1100101101 21.625 45.418 1004.1 128664 17 -377 11 59 51 3 $GNGGA,091212.00,,,,,0,00,99.9,,,,,,*48
129 09 12 13 Nan Nan Nan 1101010100 1100001100 1100100100 1111000100 10000100100 1111010001 10000000000 10001010101 1011100110 1101011011 1011001100 1011111010 1110111011 10000100001 1111001011 1110111100 1101110011 1100111010 21.563 45.556 1004.1 129664 16 -218 12 58 51 3 $GNGGA,091213.00,,,,,0,00,99.9,,,,,,*49
130 09 12 14 Nan Nan Nan 1101010100 1100001010 1100100010 1110111111 10000100100 1111001111 1111111111 10001010001 1011100110 1101011011 1011001011 1011111000 1111000010 10000100101 1111000111 1110110110 1101110110 1100110111 21.563 45.678 1004.0 130664 17 -380 11 59 51 3 $GNGGA,091214.00,,,,,0,00,99.9,,,,,,*4E
131 09 12 15 Nan Nan Nan 1101010100 1100001000 1100100001 1111001000 10000100111 1111001010 1111110101 10001001100 1011101000 1101011011 1011001100 1011111000 1110111110 10000100011 1111000101 1110111010 1101110100 1100110101 21.563 45.800 1004.0 131664 16 -382 12 58 51 3 $GNGGA,091215.00,,,,,0,00,99.9,,,,,,*4F
132 09 12 16 Nan Nan Nan 1101010100 1100001011 1100100011 1111000110 10000101000 1111001101 1111111001 10001001111 1011100101 1101011011 1011001110 1011111000 1110111011 10000100011 1111000000 1110110011 1101110011 1100111011 21.563 45.838 1004.0 132664 16 -382 11 58 52 3 $GNGGA,091216.00,,,,,0,00,99.9,,,,,,*4C
133 09 12 17 Nan Nan Nan 1101010100 1100001011 1100100001 1111000011 10000100110 1111000111 1111110110 10001000111 1011100101 1101011010 1011001110 1011110111 1111000011 10000100101 1110111111 1110110001 1101111001 1100111101 21.563 45.739 1004.0 133664 17 -383 11 58 51 3 $GNGGA,091217.00,,,,,0,00,99.9,,,,,,*4D
134 09 12 18 Nan Nan Nan 1101010100 1100001000 1100100011 1111001000 10000101001 1111000111 1111110011 10001001000 1011101011 1101011011 1011001111 1011110110 1111000000 10000100011 1110111100 1110110001 1101110001 1100111000 21.563 45.739 1004.0 134664 16 -383 11 58 52 3 $GNGGA,091218.00,,,,,0,00,99.9,,,,,,*42
135 09 12 19 Nan Nan Nan 1101010100 1100001001 1100100001 1111001011 10000100110 1111001000 1111110101 10001000011 1011011110 1101011011 1011001100 1011110110 1110111101 10000100100 1110110110 1110101011 1101101011 1100110000 21.563 45.708 1004.0 135664 17 -223 11 59 51 3 $GNGGA,091219.00,,,,,0,00,99.9,,,,,,*43
136 09 12 20 Nan Nan Nan 1101010100 1100001011 1100100100 1111001111 10000101011 1111000011 1111110010 10001000110 1011100010 1101011011 1011001101 1011111000 1110111010 10000100011 1110110111 1110110000 1101101010 1100111000 21.563 45.617 1004.0 136664 16 -384 12 58 51 3 $GNGGA,091220.00,,,,,0,00,99.9,,,,,,*49
137 09 12 21 Nan Nan Nan 1101010100 1100001010 1100100100 1111000111 10000100011 1111001010 1111111001 10001000010 1011100101 1101011011 1011001011 1011111000 1111000100 10000100101 1110111011 1110110001 1101110001 1100110110 21.563 45.556 1004.0 137664 17 -386 11 59 51 3 $GNGGA,091221.00,,,,,0,00,99.9,,,,,,*48
138 09 12 22 Nan Nan Nan 1101010100 1100010000 1100100111 1111000011 10000100011 1111001010 1111111000 10000111111 1011100010 1101011011 1011001010 1011110111 1110111111 10000100110 1110111001 1110101110 1101101000 1100101100 21.563 45.456 1004.1 138664 16 -388 12 58 51 3 $GNGGA,091222.00,,,,,0,00,99.9,,,,,,*4B
139 09 12 23 Nan Nan Nan 1101010100 1100001010 1100100010 1111000100 10000100100 1111000101 1111110100 10000110110 1011011111 1101011011 1011010010 1011111100 1111000100 10000100110 1110110100 1110100111 1101110111 1100110111 21.563 45.395 1004.0 139664 16 -386 11 59 51 3 $GNGGA,091223.00,,,,,0,00,99.9,,,,,,*4A
140 09 12 24 Nan Nan Nan 1101010100 1100001011 1100100100 1110111110 10000100101 1110111101 1111101111 10000111000 1011100001 1101011011 1011001010 1011110111 1111000110 10000100101 1110111001 1110101110 1101101111 1100111100 21.563 45.365 1004.0 140664 16 -389 12 58 51 3 $GNGGA,091224.00,,,,,0,00,99.9,,,,,,*4D
141 09 12 25 Nan Nan Nan 1101010100 1100001101 1100100101 1110111111 10000100101 1111000001 1111110001 10000110011 1011011110 1101011011 1011001011 1011111001 1111000011 10000100101 1110110111 1110101011 1101101001 1100110010 21.563 45.334 1004.0 141664 16 -298 11 58 52 3 $GNGGA,091225.00,,,,,0,00,99.9,,,,,,*4C
142 09 12 26 Nan Nan Nan 1101010100 1100001101 1100100101 1111000011 10000100111 1110110111 1111101001 10000110100 1011100010 1101011011 1011001011 1011110111 1111000010 10000100101 1110110111 1110101011 1101110000 1100110110 21.563 45.281 1004.0 142664 17 -386 11 59 51 3 $GNGGA,091226.00,,,,,0,00,99.9,,,,,,*4F
143 09 12 27 Nan Nan Nan 1101010011 1100001011 1100100011 1111001000 10000101001 1110111011 1111101000 10000110111 1011100111 1101011011 1011001110 1011111100 1111001101 10000100111 1110111001 1110101110 1101110011 1100110111 21.563 45.205 1004.0 143664 16 -388 11 58 51 4 $GNGGA,091227.00,,,,,0,00,99.9,,,,,,*4E
144 09 12 28 Nan Nan Nan 1101010100 1100001100 1100100011 1111000101 10000101001 1110111000 1111101011 10000111010 1011100101 1101011011 1011001101 1011111000 1111000111 10000100101 1110110011 1110100101 1101110001 1100111001 21.563 45.281 1004.0 144664 17 -390 11 59 51 3 $GNGGA,091228.00,,,,,0,00,99.9,,,,,,*41
145 09 12 29 Nan Nan Nan 1101010101 1100001010 1100100001 1111000010 10000100111 1110110111 1111100110 10001000010 1011101110 1101011011 1011001010 1011111000 1111000101 10000100101 1110110010 1110100011 1101110010 1100110011 21.563 45.235 1004.0 145664 16 -388 12 58 51 3 $GNGGA,091229.00,,,,,0,00,99.9,,,,,,*40
146 09 12 30 Nan Nan Nan 1101010100 1100001100 1100100011 1111001001 10000101001 1110111001 1111101011 10000110000 1011100000 1101011011 1011010001 1011111001 1111000000 10000100101 1110110001 1110101100 1101110010 1100110010 21.563 45.105 1004.0 146664 17 -390 11 59 51 3 $GNGGA,091230.00,,,,,0,00,99.9,,,,,,*48
147 09 12 31 Nan Nan Nan 1101010100 1100001011 1100011110 1111000001 10000101001 1110111110 1111100111 10000101100 1011011111 1101011011 1011001101 1011110111 1111000101 10000100101 1110110001 1110100100 1101110001 1100110110 21.563 45.098 1004.0 147664 16 -234 12 58 51 3 $GNGGA,091231.00,,,,,0,00,99.9,,,,,,*49
148 09 12 32 Nan Nan Nan 1101010100 1100001111 1100100111 1111000011 10000101001 1110110100 1111100011 10000110000 1011101000 1101011011 1011001110 1011111001 1111000111 10000100110 1110110001 1110100011 1101100111 1100101011 21.563 45.090 1004.1 148664 16 -394 11 58 52 3 $GNGGA,091232.00,,,,,0,00,99.9,,,,,,*4A
149 09 12 33 Nan Nan Nan 1101010101 1100001110 1100100110 1111000111 10000101011 1110110001 1111011110 10000101101 1011100110 1101011011 1011010001 1011111001 1111000001 10000100101 1110101100 1110100100 1101011111 1100100110 21.563 45.151 1004.1 149664 17 -394 11 58 51 3 $GNGGA,091233.00,,,,,0,00,99.9,,,,,,*4B
150 09 12 34 Nan Nan Nan 1101010100 1100001101 1100100100 1111000100 10000100111 1110110001 1111101001 10000110110 1011101000 1101011011 1011001101 1011111010 1111001001 10000100110 1110101111 1110100111 1101100000 1100110000 21.563 45.540 1004.1 150664 16 -394 11 58 52 3 $GNGGA,091234.00,,,,,0,00,99.9,,,,,,*4C
151 09 12 35 Nan Nan Nan 1101010100 1100001101 1100100010 1111001101 10000101001 1110110101 1111100101 10000110101 1011100101 1101011011 1011001100 1011111001 1111010010 10000101000 1110101001 1110011110 1101101000 1100111011 21.563 46.105 1004.1 151664 17 -396 11 59 51 3 $GNGGA,091235.00,,,,,0,00,99.9,,,,,,*4D
152 09 12 36 Nan Nan Nan 1101010100 1100010001 1100101000 1111001000 10000100111 1110101110 1111100011 10000110011 1011101011 1101011010 1011001110 1011111010 1111000110 10000100101 1110101001 1110011111 1101100101 1100101111 21.563 46.052 1004.1 152664 16 -397 12 58 51 3 $GNGGA,091236.00,,,,,0,00,99.9,,,,,,*4E
153 09 12 37 Nan Nan Nan 1101010100 1100010000 1100100111 1111000100 10000100101 1110110101 1111100010 10000101010 1011011111 1101011011 1011001110 1011111001 1111001001 10000100110 1110100111 1110011111 1101100110 1100110011 21.563 46.097 1004.1 153664 17 -230 11 59 51 3 $GNGGA,091237.00,,,,,0,00,99.9,,,,,,*4F
154 09 12 38 Nan Nan Nan 1101010100 1100001101 1100100011 1111001010 10000101010 1110101110 1111100101 10000101010 1011100101 1101011011 1011001110 1011111000 1111000001 10000100110 1110101100 1110011110 1101101001 1100110110 21.625 46.380 1004.1 154664 16 -400 12 58 51 3 $GNGGA,091238.00,,,,,0,00,99.9,,,,,,*40
155 09 12 39 Nan Nan Nan 1101010100 1100001110 1100100011 1111001001 10000101101 1110110000 1111100010 10000101110 1011101000 1101011011 1011001111 1011111000 1111001000 10000100110 1110100111 1110011101 1101100110 1100110000 21.563 46.586 1004.1 155664 16 -401 11 59 51 3 $GNGGA,091239.00,,,,,0,00,99.9,,,,,,*41
156 09 12 40 Nan Nan Nan 1101010100 1100001101 1100100011 1111001000 10000101001 1110101001 1111011000 10000101101 1011100110 1101011011 1011001100 1011111000 1111001001 10000100111 1110101001 1110100001 1101100100 1100101110 21.563 46.303 1004.1 156664 16 -402 12 58 51 3 $GNGGA,091240.00,,,,,0,00,99.9,,,,,,*4F
157 09 12 41 Nan Nan Nan 1101010100 1100001110 1100100010 1111001011 10000100111 1110101101 1111011111 10000100111 1011101000 1101011011 1011001110 1011111001 1111001111 10000100111 1110100111 1110011110 1101100000 1100101011 21.563 45.945 1004.0 157664 16 -401 11 58 52 3 $GNGGA,091241.00,,,,,0,00,99.9,,,,,,*4E
158 09 12 42 Nan Nan Nan 1101010100 1100001110 1100100101 1111001000 10000101001 1110101010 1111011010 10000101011 1011100111 1101011011 1011001101 1011111011 1111000111 10000100110 1110101000 1110011111 1101100110 1100110010 21.563 46.189 1004.0 158664 17 -403 11 59 51 3 $GNGGA,091242.00,,,,,0,00,99.9,,,,,,*4D
159 09 12 43 Nan Nan Nan 1101010100 1100001110 1100100100 1111001001 10000101010 1110101100 1111100100 10000100110 1011100010 1101011011 1011010001 1011111100 1111001110 10000101000 1110100111 1110011011 1101100011 1100110010 21.625 45.945 1004.0 159664 16 -242 11 58 51 4 $GNGGA,091243.00,,,,,0,00,99.9,,,,,,*4C
160 09 12 44 Nan Nan Nan 1101010100 1100001101 1100100011 1111000110 10000100110 1110101010 1111100001 10000100100 1011010110 1101011011 1011010000 1011111010 1111001001 10000100111 1110100011 1110011111 1101100100 1100110101 21.563 45.762 1004.1 160664 17 -403 11 59 51 3 $GNGGA,091244.00,,,,,0,00,99.9,,,,,,*4B
161 09 12 45 Nan Nan Nan 1101010100 1100001101 1100100011 1111001000 10000101000 1110101001 1111011000 10000101010 1011011011 1101011011 1011001101 1011110111 1111001100 10000101000 1110101000 1110011110 1101100000 1100101100 21.563 45.548 1004.0 161664 16 -405 12 58 51 3 $GNGGA,091245.00,,,,,0,00,99.9,,,,,,*4A
162 09 12 46 Nan Nan Nan 1101010100 1100001100 1100100011 1111001010 10000101100 1110101000 1111011111 10000100111 1011100011 1101011011 1011010001 1011111011 1111001010 10000100110 1110100111 1110011100 1101011110 1100110001 21.563 45.350 1004.1 162664 17 -405 11 59 51 3 $GNGGA,091246.00,,,,,0,00,99.9,,,,,,*49
163 09 12 47 Nan Nan Nan 1101010100 1100001101 1100100100 1111001000 10000101000 1110100101 1111010010 10000100111 1011100100 1101011011 1011001110 1011111001 1111010010 10000101000 1110100010 1110011011 1101100111 1100110010 21.625 45.167 1004.1 163664 16 -407 12 58 51 3 $GNGGA,091247.00,,,,,0,00,99.9,,,,,,*48
164 09 12 48 Nan Nan Nan 1101010100 1100010001 1100101000 1111001010 10000101010 1110101000 1111100000 10000101000 1011100000 1101011011 1011010100 1011111100 1111010011 10000101000 1110100000 1110011010 1101011110 1100101001 21.625 45.022 1004.0 164664 16 -409 11 58 52 3 $GNGGA,091248.00,,,,,0,00,99.9,,,,,,*47
165 09 12 49 Nan Nan Nan 1101010100 1100010000 1100100110 1111010000 10000101011 1110101000 1111011101 10000100111 1011011010 1101011011 1011001110 1011111001 1111010011 10000101000 1110011011 1110011001 1101011010 1100110000 21.563 44.922 1004.0 165664 17 -250 11 58 51 3 $GNGGA,091249.00,,,,,0,00,99.9,,,,,,*46
166 09 12 50 Nan Nan Nan 1101010100 1100001100 1100100010 1111001000 10000101000 1110101001 1111011010 10000011100 1011010101 1101011011 1011001111 1011111011 1111010000 10000100110 1110100110 1110011111 1101100110 1100101111 21.625 44.884 1004.0 166664 16 -410 11 58 52 3 $GNGGA,091250.00,,,,,0,00,99.9,,,,,,*4E
167 09 12 51 Nan Nan Nan 1101010100 1100010000 1100101000 1111001100 10000101000 1110100010 1111011001 10000011101 1011100000 1101011011 1011001110 1011110110 1111010010 10000101000 1110100000 1110011010 1101011000 1100100011 21.563 45.044 1004.0 167664 17 -411 11 59 51 3 $GNGGA,091251.00,,,,,0,00,99.9,,,,,,*4F
168 09 12 52 Nan Nan Nan 1101010101 1100001100 1100100010 1111001011 10000101100 1110011110 1111010110 10000011110 1011100010 1101011011 1011001110 1011111010 1111001110 10000101000 1110011101 1110010100 1101011101 1100101101 21.563 45.304 1004.0 168664 16 -409 12 58 51 3 $GNGGA,091252.00,,,,,0,00,99.9,,,,,,*4C
169 09 12 53 Nan Nan Nan 1101010100 1100001001 1100100011 1111010011 10000101110 1110100011 1111010100 10000100010 1011100110 1101011011 1011001011 1011110110 1111010100 10000101001 1110011011 1110010010 1101011010 1100100110 21.563 45.846 1004.0 169664 17 -411 11 59 51 3 $GNGGA,091253.00,,,,,0,00,99.9,,,,,,*4D
170 09 12 54 Nan Nan Nan 1101010101 1100001110 1100100010 1111010001 10000101011 1110100001 1111011001 10000100001 1011110010 1101011011 1011010000 1011111001 1111001101 10000101000 1110100100 1110011000 1101011101 1100101010 21.563 45.693 1004.0 170664 16 -412 12 58 51 3 $GNGGA,091254.00,,,,,0,00,99.9,,,,,,*4A
171 09 12 55 Nan Nan Nan 1101010100 1100001110 1100101000 1111010000 10000101101 1110100000 1111010100 10000011001 1011100101 1101011011 1011001101 1011110111 1111001111 10000101010 1110011000 1110010101 1101011101 1100100100 21.625 45.441 1004.0 171664 16 -255 11 59 51 3 $GNGGA,091255.00,,,,,0,00,99.9,,,,,,*4B
172 09 12 56 Nan Nan Nan 1101010101 1100010001 1100100111 1111000111 10000101010 1110011110 1111010001 10000011011 1011100111 1101011011 1011001101 1011111001 1111010010 10000101010 1110010101 1110001011 1101011111 1100101111 21.625 45.205 1004.0 172664 16 -413 12 58 51 3 $GNGGA,091256.00,,,,,0,00,99.9,,,,,,*48
173 09 12 57 Nan Nan Nan 1101010101 1100001100 1100100001 1111001100 10000101001 1110011000 1111001000 10000011101 1011011101 1101011001 1011010000 1011111001 1111010010 10000101000 1110011110 1110010111 1101011100 1100110010 21.563 45.090 1004.0 173664 16 -415 11 58 52 3 $GNGGA,091257.00,,,,,0,00,99.9,,,,,,*49
174 09 12 58 Nan Nan Nan 1101010101 1100001111 1100100011 1111010001 10000101100 1110011110 1111001110 10000011000 1011010111 1101011011 1011001101 1011110110 1111010010 10000101000 1110100001 1110011010 1101011101 1100100111 21.563 45.205 1004.1 174664 17 -418 11 59 51 3 $GNGGA,091258.00,,,,,0,00,99.9,,,,,,*46
175 09 12 59 Nan Nan Nan 1101010100 1100001110 1100100110 1111001101 10000101100 1110100001 1111010111 10000011010 1011100001 1101011010 1011001100 1011110111 1111010010 10000101000 1110011100 1110010000 1101100001 1100110101 21.625 45.540 1004.0 175664 16 -418 11 58 51 4 $GNGGA,091259.00,,,,,0,00,99.9,,,,,,*47
176 09 13 00 Nan Nan Nan 1101010100 1100001110 1100100100 1111010010 10000101111 1110011001 1111001110 10000011100 1011011100 1101011011 1011010000 1011111001 1111010101 10000101010 1110010110 1110010001 1101011100 1100101110 21.563 45.861 1004.0 176664 17 -419 11 59 51 3 $GNGGA,091300.00,,,,,0,00,99.9,,,,,,*4A
177 09 13 01 Nan Nan Nan 1101010100 1100001111 1100100101 1111010011 10000101011 1110011010 1111010000 10000010110 1011011010 1101011011 1011010000 1011111011 1111010100 10000101000 1110011001 1110001100 1101011000 1100100010 21.625 45.975 1004.1 177664 16 -249 12 58 51 3 $GNGGA,091301.00,,,,,0,00,99.9,,,,,,*4B
178 09 13 02 Nan Nan Nan 1101010100 1100001110 1100100110 1111001101 10000101100 1110010111 1111001110 10000011000 1011101101 1101011011 1011010001 1011111001 1111010001 10000101000 1110011001 1110001111 1101011011 1100101000 21.563 46.273 1004.1 178664 17 -422 11 59 51 3 $GNGGA,091302.00,,,,,0,00,99.9,,,,,,*48
179 09 13 03 Nan Nan Nan 1101010100 1100010000 1100100100 1111010110 10000101100 1110011001 1111010010 10000011011 1011101010 1101011011 1011010001 1011111011 1111010100 10000101010 1110011101 1110001100 1101100010 1100101100 21.625 46.151 1004.0 179664 16 -422 12 58 51 3 $GNGGA,091303.00,,,,,0,00,99.9,,,,,,*49
180 09 13 04 Nan Nan Nan 1101010101 1100010001 1100100100 1111000101 10000101000 1110011010 1111001100 10000011101 1011100111 1101011011 1011001110 1011111001 1111011000 10000101010 1110011011 1110010011 1101100001 1100101010 21.563 45.914 1004.0 180664 16 -423 11 58 52 3 $GNGGA,091304.00,,,,,0,00,99.9,,,,,,*4E
181 09 13 05 Nan Nan Nan 1101010100 1100010010 1100100101 1111001111 10000101101 1110011010 1111001001 10000010101 1011101001 1101011011 1011001111 1011111011 1111010000 10000101000 1110010101 1110001011 1101011000 1100101011 21.625 45.662 1004.1 181664 17 -424 11 58 51 3 $GNGGA,091305.00,,,,,0,00,99.9,,,,,,*4F
182 09 13 06 Nan Nan Nan 1101010101 1100001111 1100100011 1111010101 10000101100 1110011100 1111001111 10000010111 1011100101 1101011011 1011001111 1011111010 1111010000 10000100111 1110010001 1110001011 1101010101 1100100100 21.625 45.601 1004.0 182664 16 -424 11 58 52 3 $GNGGA,091306.00,,,,,0,00,99.9,,,,,,*4C
183 09 13 07 Nan Nan Nan 1101010100 1100010010 1100100110 1111001111 10000101101 1110011011 1111001101 10000011000 1011101010 1101011011 1011010001 1011111100 1111001111 10000101010 1110010001 1110001010 1101010111 1100100111 21.563 45.685 1004.1 183664 17 -256 11 59 51 3 $GNGGA,091307.00,,,,,0,00,99.9,,,,,,*4D
184 09 13 08 Nan Nan Nan 1101010100 1100001100 1100100010 1111010010 10000101100 1110010001 1111001001 10000010101 1011100010 1101011011 1011010001 1011111001 1111010101 10000101001 1110011001 1110001101 1101010110 1100100111 21.625 46.197 1004.0 184664 16 -425 12 58 51 3 $GNGGA,091308.00,,,,,0,00,99.9,,,,,,*42
185 09 13 09 Nan Nan Nan 1101010101 1100010010 1100101000 1111010001 10000101101 1110010010 1111010000 10000010110 1011101010 1101011011 1011010000 1011111010 1111010111 10000101011 1110010001 1110001000 1101010111 1100100111 21.563 46.189 1004.0 185664 17 -427 11 59 51 3 $GNGGA,091309.00,,,,,0,00,99.9,,,,,,*43
186 09 13 10 Nan Nan Nan 1101010101 1100001111 1100100010 1111010011 10000101111 1110010001 1111001000 10000010010 1011101000 1101011011 1011010000 1011110111 1111010110 10000101011 1110011001 1110010001 1101011001 1100101010 21.625 46.036 1004.0 186664 16 -428 12 58 51 3 $GNGGA,091310.00,,,,,0,00,99.9,,,,,,*4B
187 09 13 11 Nan Nan Nan 1101010101 1100001111 1100101000 1111010100 10000101100 1110010100 1111001010 10000010010 1011100101 1101011011 1011001111 1011111011 1111010011 10000101010 1110010100 1110001110 1101011001 1100101000 21.563 46.113 1004.1 187664 16 -429 11 59 51 3 $GNGGA,091311.00,,,,,0,00,99.9,,,,,,*4A
188 09 13 12 Nan Nan Nan 1101010100 1100001110 1100100100 1111010011 10000101011 1110010111 1111001001 10000010011 1011101001 1101011010 1011001111 1011111001 1111010011 10000101001 1110010100 1110001011 1101011110 1100101010 21.625 46.120 1004.1 188664 16 -430 12 58 51 3 $GNGGA,091312.00,,,,,0,00,99.9,,,,,,*49
189 09 13 13 Nan Nan Nan 1101010101 1100010000 1100100110 1111011011 10000101111 1110010110 1111001101 10000010100 1011100110 1101011011 1011010001 1011111101 1111011010 10000101011 1110010011 1110001011 1101011001 1100101100 21.625 46.204 1004.1 189664 16 -272 11 58 52 3 $GNGGA,091313.00,,,,,0,00,99.9,,,,,,*48
190 09 13 14 Nan Nan Nan 1101010101 1100001110 1100100101 1111010110 10000101101 1110010011 1111001001 10000010011 1011101001 1101011011 1011010000 1011111010 1111010110 10000101011 1110010011 1110001000 1101011101 1100100011 21.625 46.341 1004.0 190664 17 -432 11 59 51 3 $GNGGA,091314.00,,,,,0,00,99.9,,,,,,*4F
191 09 13 15 Nan Nan Nan 1101010101 1100010000 1100100111 1111010100 10000101110 1110010100 1111001101 10000010100 1011101001 1101011011 1011001110 1011110101 1111010010 10000101010 1110010000 1110000101 1101011010 1100100111 21.625 46.410 1004.0 191664 16 -433 11 58 51 4 $GNGGA,091315.00,,,,,0,00,99.9,,,,,,*4E
192 09 13 16 Nan Nan Nan 1101010101 1100001111 1100100010 1111010111 10000101110 1110010010 1111000111 10000010010 1011100110 1101011011 1011001110 1011111000 1111010001 10000101010 1110001110 1110000111 1101011111 1100101111 21.563 46.212 1004.0 192664 17 -434 11 59 51 3 $GNGGA,091316.00,,,,,0,00,99.9,,,,,,*4D
193 09 13 17 Nan Nan Nan 1101010101 1100001101 1100100010 1111010100 10000101101 1110001101 1111000100 10000010100 1011100010 1101011011 1011010010 1011111101 1111010111 10000101010 1110001101 1110000111 1101011000 1100100010 21.625 46.219 1004.0 193664 16 -434 12 58 51 3 $GNGGA,091317.00,,,,,0,00,99.9,,,,,,*4C
194 09 13 18 Nan Nan Nan 1101010100 1100010001 1100100111 1111010111 10000110001 1110010011 1111001001 10000001101 1011100011 1101011011 1011001111 1011111010 1111010110 10000101011 1110001111 1110000111 1101001100 1100100000 21.625 46.280 1004.0 194664 17 -435 11 59 51 3 $GNGGA,091318.00,,,,,0,00,99.9,,,,,,*43
195 09 13 19 Nan Nan Nan 1101010100 1100001111 1100100100 1111010011 10000101000 1110001011 1111000100 10000001111 1011100010 1101011011 1011001111 1011111010 1111010001 10000101001 1110001111 1110000110 1101010110 1100100101 21.625 46.334 1004.0 195664 16 -267 12 58 51 3 $GNGGA,091319.00,,,,,0,00,99.9,,,,,,*42
196 09 13 20 Nan Nan Nan 1101010100 1100001100 1100100010 1111010010 10000110000 1110001111 1111000101 10000000111 1011100101 1101011010 1011010000 1011111011 1111011000 10000101010 1110001111 1110001001 1101010001 1100100101 21.563 46.235 1004.1 196664 16 -439 11 58 52 3 $GNGGA,091320.00,,,,,0,00,99.9,,,,,,*48
197 09 13 21 Nan Nan Nan 1101010100 1100010001 1100100101 1111010000 10000101010 1110001100 1111000010 10000001011 1011101011 1101011011 1011010001 1011111101 1111011010 10000101011 1110001011 1110000100 1101011010 1100100101 21.625 46.174 1004.1 197664 17 -438 11 58 51 3 $GNGGA,091321.00,,,,,0,00,99.9,,,,,,*49
198 09 13 22 Nan Nan Nan 1101010100 1100010001 1100100101 1111010001 10000101010 1110001111 1111001000 10000001001 1011100101 1101011011 1011001101 1011111001 1111011010 10000101011 1110001100 1110000010 1101010100 1100100111 21.625 46.311 1004.0 198664 16 -440 11 58 52 3 $GNGGA,091322.00,,,,,0,00,99.9,,,,,,*4A
199 09 13 23 Nan Nan Nan 1101010100 1100010000 1100100101 1111010110 10000101110 1110001100 1111000010 10000001100 1011100100 1101011011 1011001111 1011110111 1111010101 10000101011 1110010100 1110001100 1101011001 1100101001 21.625 46.074 1004.1 199664 17 -439 11 59 51 3 $GNGGA,091323.00,,,,,0,00,99.9,,,,,,*4B
200 09 13 24 Nan Nan Nan 1101010101 1100001111 1100100110 1111011011 10000110010 1110001001 1111000001 10000000111 1011100001 1101011011 1011001100 1011111010 1111011101 10000101101 1110001010 1101111111 1101010011 1100101010 21.625 46.502 1004.1 200664 16 -439 12 58 51 3 $GNGGA,091324.00,,,,,0,00,99.9,,,,,,*4C
201 09 13 25 Nan Nan Nan 1101010100 1100001101 1100100101 1111011010 10000101101 1110001010 1111000111 10000001100 1011101011 1101011011 1011001111 1011110110 1111011100 10000101101 1110001011 1110000001 1101010000 1100100011 21.625 46.608 1004.1 201664 17 -273 11 59 51 3 $GNGGA,091325.00,,,,,0,00,99.9,,,,,,*4D
202 09 13 26 Nan Nan Nan 1101010100 1100010000 1100100101 1111010100 10000101101 1110001000 1111000001 10000000110 1011100000 1101011011 1011010010 1011111010 1111011000 10000101011 1110001000 1101111110 1101001101 1100011111 21.625 46.532 1004.1 202664 16 -443 12 58 51 3 $GNGGA,091326.00,,,,,0,00,99.9,,,,,,*4E
203 09 13 27 Nan Nan Nan 1101010100 1100010010 1100101000 1111010101 10000101110 1110001010 1111000101 10000000001 1011011101 1101011011 1011010001 1011111010 1111010101 10000101011 1110001010 1110000001 1101010100 1100100100 21.625 46.166 1004.1 203664 16 -444 11 59 51 3 $GNGGA,091327.00,,,,,0,00,99.9,,,,,,*4F
204 09 13 28 Nan Nan Nan 1101010101 1100010000 1100100011 1111011011 10000101110 1110000110 1111000010 10000000110 1011101000 1101011011 1011001111 1011111001 1111011001 10000101011 1110001101 1110000010 1101010001 1100100010 21.625 46.341 1004.1 204664 16 -445 12 58 51 3 $GNGGA,091328.00,,,,,0,00,99.9,,,,,,*40
205 09 13 29 Nan Nan Nan 1101010100 1100010001 1100100111 1111001111 10000101011 1110001001 1111000011 10000001011 1011101110 1101011011 1011001110 1011111010 1111011100 10000101110 1110001101 1110000110 1101001100 1100010111 21.625 46.158 1004.0 205664 16 -446 11 58 52 3 $GNGGA,091329.00,,,,,0,00,99.9,,,,,,*41
206 09 13 30 Nan Nan Nan 1101010101 1100010010 1100100111 1111010011 10000101101 1110000001 1110110101 10000001100 1011101010 1101011011 1011001111 1011111001 1111011011 10000101101 1110001000 1110000011 1101001100 1100011110 21.625 46.677 1004.0 206664 17 -446 11 59 51 3 $GNGGA,091330.00,,,,,0,00,99.9,,,,,,*49
207 09 13 31 Nan Nan Nan 1101010100 1100010001 1100100101 1111010101 10000101110 1110000111 1110111000 10000001101 1011101000 1101011011 1011001101 1011110111 1111011000 10000101101 1110000110 1101111001 1101010100 1100101011 21.625 46.608 1004.0 207664 16 -279 11 58 51 4 $GNGGA,091331.00,,,,,0,00,99.9,,,,,,*48
208 09 13 32 Nan Nan Nan 1101010101 1100001101 1100100100 1111010001 10000101111 1110001011 1110111100 10000001010 1011101101 1101011011 1011010011 1011111011 1111010101 10000101010 1110001011 1110000000 1101010010 1100101001 21.625 46.074 1004.0 208664 17 -449 11 59 51 3 $GNGGA,091332.00,,,,,0,00,99.9,,,,,,*4B
209 09 13 33 Nan Nan Nan 1101010101 1100010010 1100101000 1111010111 10000101111 1110000110 1110111110 10000000101 1011101000 1101011011 1011001110 1011111001 1111011100 10000101011 1110001111 1110000000 1101010000 1100101010 21.563 45.861 1004.0 209664 16 -448 12 58 51 3 $GNGGA,091333.00,,,,,0,00,99.9,,,,,,*4A
210 09 13 34 Nan Nan Nan 1101010100 1100001110 1100100100 1111011010 10000101111 1110001010 1111000010 10000000010 1011011111 1101011011 1011010010 1011111011 1111011110 10000101100 1110000100 1110000000 1101010100 1100100111 21.625 45.655 1004.0 210664 17 -450 11 59 51 3 $GNGGA,091334.00,,,,,0,00,99.9,,,,,,*4D
211 09 13 35 Nan Nan Nan 1101010100 1100010000 1100100010 1111010101 10000101100 1110000011 1111000000 10000000000 1011011110 1101011011 1011001111 1011111001 1111011001 10000101010 1110001001 1101111100 1101010100 1100100111 21.625 45.540 1004.0 211664 16 -450 12 58 51 3 $GNGGA,091335.00,,,,,0,00,99.9,,,,,,*4C
212 09 13 36 Nan Nan Nan 1101010100 1100010001 1100100110 1111010111 10000101111 1110001000 1110111101 10000000101 1011100011 1101011011 1011010001 1011111010 1111011000 10000101011 1110000100 1101111011 1101010010 1100011110 21.625 45.464 1004.0 212664 16 -452 11 58 52 3 $GNGGA,091336.00,,,,,0,00,99.9,,,,,,*4F
213 09 13 37 Nan Nan Nan 1101010101 1100010000 1100100100 1111011110 10000110000 1110000010 1110111011 1111111111 1011100100 1101011011 1011010000 1011111010 1111100000 10000101101 1110000101 1101111000 1101011000 1100101101 21.625 45.304 1004.0 213664 17 -283 11 58 51 3 $GNGGA,091337.00,,,,,0,00,99.9,,,,,,*4E
214 09 13 38 Nan Nan Nan 1101010101 1100010010 1100101001 1111010011 10000110011 1110001000 1110111111 10000000010 1011101000 1101011011 1011001111 1011111001 1111011101 10000101101 1110000010 1101111110 1101010001 1100100100 21.625 45.151 1004.0 214664 16 -453 11 58 52 3 $GNGGA,091338.00,,,,,0,00,99.9,,,,,,*41
215 09 13 39 Nan Nan Nan 1101010101 1100001111 1100100011 1111010010 10000101101 1110000001 1110111101 10000000001 1011101001 1101011011 1011010010 1011111011 1111011111 10000101100 1110001000 1101111110 1101010111 1100101001 21.625 44.945 1004.0 215664 17 -455 11 59 51 3 $GNGGA,091339.00,,,,,0,00,99.9,,,,,,*40
216 09 13 40 Nan Nan Nan 1101010101 1100010010 1100100100 1111010100 10000101100 1110000001 1110111011 1111111110 1011101010 1101011011 1011001111 1011111001 1111011110 10000101111 1110000100 1101110110 1101001100 1100100100 21.625 44.800 1004.0 216664 16 -454 12 58 51 3 $GNGGA,091340.00,,,,,0,00,99.9,,,,,,*4E
217 09 13 41 Nan Nan Nan 1101010100 1100010101 1100101001 1111010010 10000101111 1110000110 1110111010 1111111001 1011110000 1101011011 1011001101 1011111000 1111011110 10000101101 1110000101 1101111100 1101010010 1100101011 21.625 44.861 1004.1 217664 17 -456 11 59 51 3 $GNGGA,091341.00,,,,,0,00,99.9,,,,,,*4F
218 09 13 42 Nan Nan Nan 1101010101 1100010000 1100100011 1111010100 10000101111 1101111111 1110111011 1111111001 1011100100 1101011011 1011001011 1011111010 1111011001 10000101100 1101111111 1101110101 1101010101 1100101100 21.625 44.777 1004.0 218664 16 -458 12 58 51 3 $GNGGA,091342.00,,,,,0,00,99.9,,,,,,*4C
219 09 13 43 Nan Nan Nan 1101010100 1100010001 1100100100 1111010100 10000101011 1101111110 1110110010 10000000100 1011110110 1101011011 1011001111 1011111101 1111011111 10000101101 1110000011 1101111000 1101001100 1100100001 21.563 44.716 1004.0 219664 16 -289 11 59 51 3 $GNGGA,091343.00,,,,,0,00,99.9,,,,,,*4D
220 09 13 44 Nan Nan Nan 1101010101 1100010000 1100100011 1111011011 10000101111 1101111111 1110111011 1111110101 1011100101 1101011011 1011010000 1011111001 1111011011 10000101011 1110000001 1101111011 1101001110 1100101000 21.625 44.953 1004.0 220664 16 -458 12 58 51 3 $GNGGA,091344.00,,,,,0,00,99.9,,,,,,*4A
221 09 13 45 Nan Nan Nan 1101010101 1100001111 1100100010 1111011001 10000101110 1110000001 1110111101 1111110110 1011101011 1101011011 1011001111 1011111100 1111100100 10000101110 1110000110 1101111011 1101001000 1100011111 21.563 45.334 1004.0 221664 16 -460 11 58 52 3 $GNGGA,091345.00,,,,,0,00,99.9,,,,,,*4B
222 09 13 46 Nan Nan Nan 1101010101 1100010001 1100100110 1111011001 10000101110 1110000000 1110110010 1111111001 1011101001 1101011011 1011010000 1011111000 1111011000 10000101010 1110000010 1101111100 1101010011 1100100100 21.625 46.143 1004.0 222664 17 -462 11 59 51 3 $GNGGA,091346.00,,,,,0,00,99.9,,,,,,*48
223 09 13 47 Nan Nan Nan 1101010100 1100010011 1100101010 1111010111 10000110001 1101111110 1110111001 1111111111 1011100011 1101011011 1011010010 1011111100 1111011001 10000101100 1101111110 1101111000 1101001101 1100011100 21.625 46.433 1004.0 223664 16 -461 11 58 51 4 $GNGGA,091347.00,,,,,0,00,99.9,,,,,,*49
224 09 13 48 Nan Nan Nan 1101010101 1100001111 1100100010 1111011001 10000101111 1101111110 1110110011 1111111011 1011101000 1101011011 1011010001 1011111100 1111011011 10000101101 1110001000 1101111001 1101001010 1100011101 21.625 46.082 1004.0 224664 17 -463 11 59 51 3 $GNGGA,091348.00,,,,,0,00,99.9,,,,,,*46
225 09 13 49 Nan Nan Nan 1101010101 1100010000 1100100101 1111011010 10000101111 1101111101 1110110101 1111111000 1011100110 1101011011 1011010000 1011111001 1111011110 10000101110 1110000010 1101111010 1101001111 1100100110 21.625 45.632 1004.0 225664 16 -294 12 58 51 3 $GNGGA,091349.00,,,,,0,00,99.9,,,,,,*47
226 09 13 50 Nan Nan Nan 1101010101 1100010010 1100100110 1111011101 10000110010 1101111100 1110110011 1111111010 1011100110 1101011011 1011010010 1011111010 1111011010 10000101110 1110000010 1101111000 1101000101 1100011101 21.625 45.350 1004.0 226664 17 -465 11 59 51 3 $GNGGA,091350.00,,,,,0,00,99.9,,,,,,*4F
227 09 13 51 Nan Nan Nan 1101010101 1100010011 1100101001 1111011100 10000110011 1101111110 1110111010 1111111011 1011101010 1101011011 1011010011 1011111001 1111100001 10000101100 1110000011 1101111010 1101001101 1100100001 21.625 45.121 1004.0 227664 16 -466 12 58 51 3 $GNGGA,091351.00,,,,,0,00,99.9,,,,,,*4E
228 09 13 52 Nan Nan Nan 1101010100 1100010001 1100100011 1111100000 10000110010 1101110111 1110110000 1111111010 1011101101 1101011011 1011010011 1011111001 1111101110 10000110001 1101111111 1101110101 1101010011 1100100111 21.625 44.968 1004.0 228664 16 -465 11 58 52 3 $GNGGA,091352.00,,,,,0,00,99.9,,,,,,*4D
229 09 13 53 Nan Nan Nan 1101010101 1100010001 1100100110 1111011011 10000110000 1101110101 1110101101 1111111101 1011101110 1101011011 1011010010 1011111010 1111011110 10000101010 1110000011 1101111010 1101000100 1100011111 21.625 44.869 1004.0 229664 17 -468 11 58 51 3 $GNGGA,091353.00,,,,,0,00,99.9,,,,,,*4C
230 09 13 54 Nan Nan Nan 1101010100 1100010010 1100100110 1111011000 10000101110 1101111010 1110110000 1111111100 1011101010 1101011011 1011010100 1011111011 1111011110 10000101101 1101111110 1101111100 1101000101 1100100000 21.625 44.777 1004.1 230664 16 -467 11 58 52 3 $GNGGA,091354.00,,,,,0,00,99.9,,,,,,*4B
231 09 13 55 Nan Nan Nan 1101010101 1100001101 1100100010 1111010110 10000101111 1101111100 1110110010 1111110100 1011100100 1101011011 1011010001 1011111100 1111100001 10000101110 1101111111 1101110110 1101001001 1100011011 21.625 44.724 1004.0 231664 17 -300 11 59 51 3 $GNGGA,091355.00,,,,,0,00,99.9,,,,,,*4A
232 09 13 56 Nan Nan Nan 1101010101 1100001111 1100100100 1111011111 10000110000 1101111010 1110110011 1111110110 1011101000 1101011011 1011001111 1011111001 1111100100 10000110000 1101111010 1101101110 1101000011 1100011001 21.625 44.694 1004.0 232664 16 -468 12 58 51 3 $GNGGA,091356.00,,,,,0,00,99.9,,,,,,*49
233 09 13 57 Nan Nan Nan 1101010101 1100010000 1100100101 1111011000 10000101111 1101110111 1110110000 1111111100 1011101001 1101011011 1011010011 1011111100 1111011111 10000101110 1110000001 1101110111 1101001100 1100011111 21.625 44.564 1004.0 233664 17 -470 11 59 51 3 $GNGGA,091357.00,,,,,0,00,99.9,,,,,,*48
234 09 13 58 Nan Nan Nan 1101010100 1100010010 1100101000 1111011010 10000110001 1101111110 1110110001 1111111001 1011100111 1101011011 1011010001 1011111011 1111011111 10000101110 1101111011 1101110000 1101000011 1100011000 21.625 44.564 1004.0 234664 16 -473 12 58 51 3 $GNGGA,091358.00,,,,,0,00,99.9,,,,,,*47
235 09 13 59 Nan Nan Nan 1101010101 1100001101 1100100011 1111010100 10000101101 1101110011 1110101011 1111110111 1011100010 1101011011 1011010001 1011111100 1111101000 10000110000 1101111011 1101110100 1101001110 1100101001 21.563 44.808 1004.0 235664 16 -472 11 59 51 3 $GNGGA,091359.00,,,,,0,00,99.9,,,,,,*46
236 09 14 00 Nan Nan Nan 1101010101 1100010101 1100101000 1111011000 10000101111 1101111000 1110110000 1111110110 1011100011 1101011011 1011010000 1011111001 1111011111 10000101100 1101110110 1101110010 1101001000 1100011101 21.625 45.060 1004.0 236664 16 -475 12 58 51 3 $GNGGA,091400.00,,,,,0,00,99.9,,,,,,*4D
237 09 14 01 Nan Nan Nan 1101010101 1100010011 1100100111 1111010111 10000110010 1101110110 1110101111 1111110100 1011100010 1101011011 1011010010 1011111100 1111011001 10000101100 1101111100 1101110110 1101001010 1100100011 21.625 45.517 1004.0 237664 16 -305 11 58 52 3 $GNGGA,091401.00,,,,,0,00,99.9,,,,,,*4C
238 09 14 02 Nan Nan Nan 1101010101 1100010010 1100100110 1111100000 10000110011 1101110100 1110101101 1111110010 1011011111 1101011011 1011010000 1011111010 1111011111 10000101100 1101111011 1101110000 1101000101 1100100010 21.625 45.311 1004.0 238664 17 -475 11 59 51 3 $GNGGA,091402.00,,,,,0,00,99.9,,,,,,*4F
239 09 14 03 Nan Nan Nan 1101010100 1100010000 1100100011 1111011100 10000110001 1101110101 1110110000 1111110010 1011100101 1101011011 1011001111 1011111011 1111100000 10000101100 1101111100 1101110110 1101000011 1100100100 21.625 45.083 1004.0 239664 16 -476 11 58 51 4 $GNGGA,091403.00,,,,,0,00,99.9,,,,,,*4E
240 09 14 04 Nan Nan Nan 1101010101 1100010011 1100100110 1111011110 10000101111 1101111011 1110110010 1111110100 1011101011 1101011011 1011001111 1011111011 1111100100 10000101111 1101111011 1101110010 1101000111 1100011100 21.625 44.961 1004.0 240664 17 -477 11 59 51 3 $GNGGA,091404.00,,,,,0,00,99.9,,,,,,*49
241 09 14 05 Nan Nan Nan 1101010101 1100010001 1100100101 1111011110 10000110010 1101110101 1110101110 1111101111 1011100001 1101011011 1011010001 1011111011 1111011101 10000101100 1101111110 1101110110 1101001001 1100100101 21.625 44.861 1004.0 241664 16 -478 12 58 51 3 $GNGGA,091405.00,,,,,0,00,99.9,,,,,,*48
242 09 14 06 Nan Nan Nan 1101010101 1100010011 1100100101 1111011011 10000101110 1101101110 1110101100 1111101101 1011011111 1101011011 1011010000 1011111101 1111011111 10000101100 1101111100 1101110101 1101000101 1100011111 21.625 44.755 1004.0 242664 17 -479 11 59 51 3 $GNGGA,091406.00,,,,,0,00,99.9,,,,,,*4B
243 09 14 07 Nan Nan Nan 1101010100 1100010011 1100100110 1111011111 10000110101 1101110110 1110110001 1111110011 1011101001 1101011011 1011010001 1011111011 1111100010 10000101011 1101111100 1101110010 1101000101 1100010101 21.625 44.709 1004.0 243664 16 -311 12 58 51 3 $GNGGA,091407.00,,,,,0,00,99.9,,,,,,*4A
244 09 14 08 Nan Nan Nan 1101010101 1100010000 1100100100 1111011010 10000110000 1101111001 1110110100 1111101110 1011100010 1101011011 1011010010 1011111011 1111101010 10000110001 1101110111 1101101110 1101000001 1100011001 21.625 44.686 1004.0 244664 16 -481 11 58 52 3 $GNGGA,091408.00,,,,,0,00,99.9,,,,,,*45
245 09 14 09 Nan Nan Nan 1101010101 1100010001 1100100100 1111011110 10000110001 1101110111 1110101111 1111110101 1011100100 1101011011 1011010001 1011111010 1111011100 10000101101 1101111101 1101101110 1100111111 1100011100 21.625 44.709 1004.0 245664 17 -482 11 58 51 3 $GNGGA,091409.00,,,,,0,00,99.9,,,,,,*44
246 09 14 10 Nan Nan Nan 1101010101 1100010011 1100100110 1111011110 10000110001 1101111011 1110110111 1111111000 1011100100 1101011011 1011010000 1011111001 1111011101 10000101100 1101111100 1101110010 1101000110 1100011101 21.625 44.739 1004.0 246664 16 -483 11 58 52 3 $GNGGA,091410.00,,,,,0,00,99.9,,,,,,*4C
247 09 14 11 Nan Nan Nan 1101010101 1100010001 1100100101 1111011001 10000101111 1101101111 1110101000 1111110100 1011101010 1101011011 1011010000 1011111011 1111100010 10000101110 1101110110 1101101001 1101000001 1100011101 21.625 44.701 1004.0 247664 17 -485 11 59 51 3 $GNGGA,091411.00,,,,,0,00,99.9,,,,,,*4D
248 09 14 12 Nan Nan Nan 1101010101 1100010011 1100101010 1111011101 10000110000 1101110000 1110100111 1111111000 1011110011 1101011011 1011010010 1011111101 1111100011 10000101111 1101110110 1101101001 1101001001 1100100001 21.563 44.701 1004.0 248664 16 -485 12 58 51 3 $GNGGA,091412.00,,,,,0,00,99.9,,,,,,*4E
249 09 14 13 Nan Nan Nan 1101010101 1100010001 1100101000 1111011010 10000110001 1101110010 1110101001 1111110110 1011110000 1101011011 1011010011 1011111100 1111011111 10000101101 1101111010 1101101101 1101000111 1100100011 21.563 44.747 1004.1 249664 17 -316 11 59 51 3 $GNGGA,091413.00,,,,,0,00,99.9,,,,,,*4F
250 09 14 14 Nan Nan Nan 1101010101 1100010010 1100100101 1111011100 10000110001 1101111000 1110110011 1111110010 1011101001 1101011011 1011010010 1011111101 1111100101 10000110000 1101110111 1101101100 1101000010 1100011010 21.625 44.755 1004.1 250664 16 -487 12 58 51 3 $GNGGA,091414.00,,,,,0,00,99.9,,,,,,*48
251 09 14 15 Nan Nan Nan 1101010101 1100010001 1100100100 1111010110 10000101100 1101111000 1110110101 1111101010 1011101001 1101011011 1011010001 1011111001 1111100101 10000101110 1101110011 1101101101 1101000011 1100011100 21.625 44.678 1004.0 251664 16 -488 11 59 51 3 $GNGGA,091415.00,,,,,0,00,99.9,,,,,,*49
252 09 14 16 Nan Nan Nan 1101010101 1100010100 1100100101 1111011101 10000110000 1101111000 1110110000 1111101110 1011100011 1101011011 1011010101 1011111010 1111100011 10000101111 1101110001 1101100110 1101000011 1100011010 21.563 44.564 1004.0 252664 16 -488 12 58 51 3 $GNGGA,091416.00,,,,,0,00,99.9,,,,,,*4A
253 09 14 17 Nan Nan Nan 1101010101 1100010010 1100100101 1111011110 10000110011 1101110011 1110101100 1111110011 1011100011 1101011011 1011010010 1011111011 1111101010 10000110000 1101110110 1101101000 1101000000 1100011111 21.563 44.594 1004.0 253664 16 -489 11 58 52 3 $GNGGA,091417.00,,,,,0,00,99.9,,,,,,*4B
254 09 14 18 Nan Nan Nan 1101010101 1100010001 1100100101 1111011010 10000110000 1101110001 1110101101 1111110001 1011110001 1101011011 1011010110 1011111101 1111101010 10000110001 1101110110 1101101100 1101010000 1100100100 21.625 45.052 1004.0 254664 17 -490 11 59 51 3 $GNGGA,091418.00,,,,,0,00,99.9,,,,,,*44
255 09 14 19 Nan Nan Nan 1101010101 1100010000 1100100100 1111011100 10000110010 1101101111 1110101110 1111101101 1011101100 1101011011 1011010001 1011111100 1111100100 10000101101 1101110110 1101101110 1101001011 1100100111 21.625 45.243 1004.0 255664 16 -322 11 58 51 4 $GNGGA,091419.00,,,,,0,00,99.9,,,,,,*45
256 09 14 20 Nan Nan Nan 1101010101 1100010100 1100101000 1111010110 10000101111 1101110111 1110101011 1111110001 1011100110 1101011011 1011001110 1011111001 1111100110 10000101101 1101110100 1101100111 1101000001 1100011101 21.625 45.235 1004.0 256664 17 -492 11 59 51 3 $GNGGA,091420.00,,,,,0,00,99.9,,,,,,*4F
257 09 14 21 Nan Nan Nan 1101010101 1100010010 1100100101 1111100010 10000110110 1101101111 1110101110 1111101011 1011011101 1101011011 1011010010 1011111101 1111100110 10000101111 1101111000 1101110000 1101000001 1100011000 21.625 45.128 1004.0 257664 16 -492 12 58 51 3 $GNGGA,091421.00,,,,,0,00,99.9,,,,,,*4E
258 09 14 22 Nan Nan Nan 1101010101 1100010010 1100100101 1111011010 10000101101 1101110001 1110101011 1111101011 1011101001 1101011011 1011001111 1011111010 1111100011 10000101110 1101110011 1101101101 1100111111 1100010101 21.563 45.037 1004.0 258664 17 -495 11 59 51 3 $GNGGA,091422.00,,,,,0,00,99.9,,,,,,*4D
259 09 14 23 Nan Nan Nan 1101010101 1100010011 1100100101 1111011010 10000110000 1101101101 1110100011 1111101110 1011101110 1101011011 1011010011 1011111100 1111011111 10000101111 1101110111 1101101111 1101001000 1100100010 21.563 44.938 1004.0 259664 16 -494 12 58 51 3 $GNGGA,091423.00,,,,,0,00,99.9,,,,,,*4C
260 09 14 24 Nan Nan Nan 1101010101 1100010011 1100101000 1111011110 10000110101 1101101100 1110100110 1111100010 1011011111 1101011011 1011010010 1011111011 1111100100 10000101111 1101111000 1101101111 1101000011 1100010100 21.563 44.869 1004.0 260664 16 -496 11 58 52 3 $GNGGA,091424.00,,,,,0,00,99.9,,,,,,*4B
261 09 14 25 Nan Nan Nan 1101010101 1100010010 1100100110 1111011101 10000101111 1101101011 1110101001 1111100011 1011100100 1101011011 1011010010 1011111010 1111101000 10000101110 1101110011 1101101010 1101000001 1100011001 21.625 44.816 1004.0 261664 17 -337 11 58 51 3 $GNGGA,091425.00,,,,,0,00,99.9,,,,,,*4A
262 09 14 26 Nan Nan Nan 1101010101 1100010011 1100101010 1111011011 10000110001 1101101010 1110100111 1111100111 1011100110 1101011011 1011010011 1011111100 1111100111 10000101111 1101110110 1101101010 1101001110 1100100010 21.563 44.701 1004.0 262664 16 -497 11 58 52 3 $GNGGA,091426.00,,,,,0,00,99.9,,,,,,*49
263 09 14 27 Nan Nan Nan 1101010100 1100010001 1100100000 1111011111 10000110110 1101101110 1110101010 1111100010 1011100101 1101011011 1011010001 1011111001 1111100111 10000101101 1101110001 1101100110 1101000110 1100100111 21.563 44.632 1004.0 263664 17 -499 11 59 51 3 $GNGGA,091427.00,,,,,0,00,99.9,,,,,,*48
264 09 14 28 Nan Nan Nan 1101010101 1100010010 1100100101 1111011001 10000110011 1101101111 1110101001 1111101000 1011101010 1101011011 1011010100 1011111101 1111100110 10000101111 1101110101 1101101100 1101000100 1100100010 21.625 44.701 1004.0 264664 16 -498 12 58 51 3 $GNGGA,091428.00,,,,,0,00,99.9,,,,,,*47
265 09 14 29 Nan Nan Nan 1101010100 1100010101 1100101010 1111011010 10000110000 1101101100 1110100101 1111101000 1011101000 1101011011 1011010001 1011111011 1111100100 10000101101 1101110100 1101101010 1101000010 1100011011 21.563 44.793 1004.0 265664 17 -502 11 59 51 3 $GNGGA,091429.00,,,,,0,00,99.9,,,,,,*46
266 09 14 30 Nan Nan Nan 1101010101 1100010011 1100100101 1111011100 10000101111 1101101000 1110010111 1111100110 1011101101 1101011011 1011010101 1011111101 1111101011 10000110001 1101101111 1101101100 1101000101 1100011111 21.563 45.189 1004.0 266664 16 -501 12 58 51 3 $GNGGA,091430.00,,,,,0,00,99.9,,,,,,*4E
267 09 14 31 Nan Nan Nan 1101010101 1100010100 1100100101 1111100000 10000110000 1101101001 1110101010 1111101000 1011110011 1101011011 1011001111 1011111010 1111101000 10000101101 1101110010 1101101101 1100111111 1100011101 21.563 45.647 1004.0 267664 16 -334 11 59 51 3 $GNGGA,091431.00,,,,,0,00,99.9,,,,,,*4F
268 09 14 32 Nan Nan Nan 1101010101 1100001110 1100100011 1111011101 10000110000 1101101011 1110101001 1111101010 1011100110 1101011011 1011010011 1011111011 1111101111 10000110001 1101101110 1101100100 1101000011 1100011100 21.625 46.052 1004.0 268664 16 -504 12 58 51 3 $GNGGA,091432.00,,,,,0,00,99.9,,,,,,*4C
269 09 14 33 Nan Nan Nan 1101010101 1100010101 1100101000 1111011110 10000110000 1101101011 1110100100 1111101100 1011101101 1101011011 1011010100 1011111011 1111101010 10000101111 1101110010 1101100011 1101000001 1100010110 21.625 45.838 1004.0 269664 16 -505 11 58 52 3 $GNGGA,091433.00,,,,,0,00,99.9,,,,,,*4D
270 09 14 34 Nan Nan Nan 1101010100 1100010100 1100101000 1111100110 10000110111 1101101010 1110101010 1111100110 1011101110 1101011011 1011010010 1011111101 1111101100 10000110001 1101111010 1101101101 1101000110 1100011110 21.625 45.716 1004.0 270664 17 -507 11 59 51 3 $GNGGA,091434.00,,,,,0,00,99.9,,,,,,*4A
271 09 14 35 Nan Nan Nan 1101010101 1100010000 1100100101 1111100000 10000110010 1101100101 1110100010 1111101011 1011101100 1101011011 1011010000 1011111001 1111100110 10000101111 1101110001 1101100110 1101000111 1100100001 21.625 45.731 1004.0 271664 16 -506 11 58 51 4 $GNGGA,091435.00,,,,,0,00,99.9,,,,,,*4B
272 09 14 36 Nan Nan Nan 1101010101 1100001111 1100100011 1111011101 10000101110 1101101011 1110100101 1111101010 1011101010 1101011011 1011010010 1011111010 1111101001 10000101111 1101110000 1101100110 1101000100 1100011101 21.625 45.807 1004.0 272664 17 -508 11 59 51 3 $GNGGA,091436.00,,,,,0,00,99.9,,,,,,*48
273 09 14 37 Nan Nan Nan 1101010101 1100010001 1100100110 1111100000 10000110010 1101101010 1110100010 1111101110 1011101011 1101011011 1011010001 1011111011 1111100010 10000101110 1101110010 1101100111 1101000000 1100011001 21.625 45.525 1004.0 273664 16 -357 12 58 51 3 $GNGGA,091437.00,,,,,0,00,99.9,,,,,,*49
274 09 14 38 Nan Nan Nan 1101010101 1100010001 1100100100 1111100110 10000101111 1101101010 1110100000 1111110001 1011101110 1101011011 1011010100 1011111101 1111101000 10000101111 1101101110 1101100011 1101000001 1100011111 21.625 45.311 1004.1 274664 17 -508 11 59 51 3 $GNGGA,091438.00,,,,,0,00,99.9,,,,,,*46
275 09 14 39 Nan Nan Nan 1101010101 1100001111 1100100011 1111100000 10000110001 1101110001 1110101001 1111100100 1011110001 1101011011 1011010011 1011111100 1111101010 10000101111 1101101111 1101100000 1100111001 1100010111 21.625 45.533 1004.1 275664 16 -510 12 58 51 3 $GNGGA,091439.00,,,,,0,00,99.9,,,,,,*47
276 09 14 40 Nan Nan Nan 1101010101 1100010010 1100100101 1111100000 10000101111 1101100110 1110100001 1111101001 1011101110 1101011011 1011010001 1011111010 1111100110 10000110000 1101110000 1101100110 1101000110 1100100000 21.625 45.952 1004.1 276664 16 -512 11 58 52 3 $GNGGA,091440.00,,,,,0,00,99.9,,,,,,*49
277 09 14 41 Nan Nan Nan 1101010101 1100010011 1100100110 1111011011 10000101110 1101100110 1110011110 1111100100 1011101011 1101011011 1011010010 1011111001 1111100110 10000110000 1101110010 1101101001 1101000010 1100011110 21.625 46.105 1004.0 277664 17 -512 11 58 51 3 $GNGGA,091441.00,,,,,0,00,99.9,,,,,,*48
278 09 14 42 Nan Nan Nan 1101010101 1100010001 1100100110 1111011101 10000110001 1101100111 1110100100 1111100001 1011100101 1101011011 1011010001 1011111010 1111101011 10000101111 1101110010 1101101001 1100111101 1100100001 21.625 46.219 1004.0 278664 16 -512 11 58 52 3 $GNGGA,091442.00,,,,,0,00,99.9,,,,,,*4B
279 09 14 43 Nan Nan Nan 1101010101 1100010010 1100100111 1111011110 10000110000 1101101010 1110100100 1111101010 1011100100 1101011011 1011010001 1011111010 1111101000 10000110001 1101110000 1101100110 1101000010 1100100101 21.625 46.486 1004.1 279664 17 -344 11 59 51 3 $GNGGA,091443.00,,,,,0,00,99.9,,,,,,*4A
280 09 14 44 Nan Nan Nan 1101010101 1100010100 1100101010 1111100001 10000110010 1101100010 1110011110 1111101001 1011101001 1101011011 1011010010 1011111010 1111100100 10000101111 1101110010 1101100110 1100111111 1100011000 21.625 46.052 1004.1 280664 16 -514 12 58 51 3 $GNGGA,091444.00,,,,,0,00,99.9,,,,,,*4D
281 09 14 45 Nan Nan Nan 1101010101 1100010001 1100100110 1111011111 10000110000 1101101000 1110100100 1111100011 1011101000 1101011011 1011010001 1011111011 1111100101 10000101111 1101101100 1101011111 1101000001 1100100001 21.625 45.395 1004.1 281664 17 -515 11 59 51 3 $GNGGA,091445.00,,,,,0,00,99.9,,,,,,*4C
282 09 14 46 Nan Nan Nan 1101010101 1100001110 1100100100 1111100010 10000110010 1101100110 1110100011 1111100001 1011100110 1101011011 1011010011 1011111011 1111101111 10000110100 1101101010 1101100011 1101000100 1100100010 21.625 44.991 1004.1 282664 16 -516 12 58 51 3 $GNGGA,091446.00,,,,,0,00,99.9,,,,,,*4F
283 09 14 47 Nan Nan Nan 1101010100 1100010011 1100100100 1111101000 10000110110 1101100111 1110011111 1111011101 1011101000 1101011011 1011010010 1011111010 1111101100 10000101111 1101101011 1101100001 1101000110 1100011110 21.625 44.838 1004.1 283664 16 -517 11 59 51 3 $GNGGA,091447.00,,,,,0,00,99.9,,,,,,*4E
284 09 14 48 Nan Nan Nan 1101010101 1100010111 1100101001 1111100100 10000110010 1101101001 1110100100 1111100001 1011101101 1101011011 1011010011 1011111100 1111101101 10000110000 1101110011 1101101001 1100111111 1100011001 21.625 44.663 1004.1 284664 16 -518 12 58 51 3 $GNGGA,091448.00,,,,,0,00,99.9,,,,,,*41
285 09 14 49 Nan Nan Nan 1101010101 1100001110 1100100100 1111100010 10000110101 1101101000 1110100011 1111100001 1011100011 1101011011 1011010010 1011111101 1111101001 10000110000 1101101110 1101100001 1100111110 1100011110 21.625 44.663 1004.0 285664 16 -359 11 58 52 3 $GNGGA,091449.00,,,,,0,00,99.9,,,,,,*40
286 09 14 50 Nan Nan Nan 1101010101 1100010000 1100100010 1111011100 10000101110 1101101000 1110100001 1111100101 1011101010 1101011011 1011010000 1011111011 1111100111 10000110001 1101101100 1101100100 1100111011 1100011000 21.625 44.732 1004.0 286664 17 -521 11 59 51 3 $GNGGA,091450.00,,,,,0,00,99.9,,,,,,*48
287 09 14 51 Nan Nan Nan 1101010101 1100010100 1100101001 1111011110 10000110000 1101100001 1110011011 1111100010 1011100111 1101011011 1011010001 1011111011 1111101000 10000110000 1101110000 1101100111 1100111110 1100011111 21.625 44.533 1004.0 287664 16 -523 11 58 51 4 $GNGGA,091451.00,,,,,0,00,99.9,,,,,,*49
288 09 14 52 Nan Nan Nan 1101010101 1100010100 1100100101 1111011100 10000110100 1101100011 1110100011 1111100101 1011101001 1101011011 1011001111 1011111010 1111101100 10000110010 1101101001 1101100011 1100111010 1100011011 21.625 44.518 1004.0 288664 17 -522 11 59 51 3 $GNGGA,091452.00,,,,,0,00,99.9,,,,,,*4A
289 09 14 53 Nan Nan Nan 1101010101 1100010001 1100100110 1111011110 10000101111 1101100010 1110011111 1111100001 1011100000 1101011011 1011010001 1011111110 1111101000 10000110001 1101101010 1101100001 1100111000 1100010100 21.625 44.526 1004.0 289664 16 -523 12 58 51 3 $GNGGA,091453.00,,,,,0,00,99.9,,,,,,*4B
290 09 14 54 Nan Nan Nan 1101010101 1100010100 1100100111 1111011011 10000110100 1101100111 1110100011 1111011110 1011011011 1101011011 1011010100 1011111100 1111100110 10000101111 1101101101 1101100110 1100111110 1100011000 21.625 44.541 1004.1 290664 17 -523 11 59 51 3 $GNGGA,091454.00,,,,,0,00,99.9,,,,,,*4C
291 09 14 55 Nan Nan Nan 1101010101 1100010011 1100100100 1111011111 10000110101 1101100101 1110100010 1111100011 1011101111 1101011011 1011010100 1011111100 1111101110 10000110001 1101101010 1101011100 1100111101 1100011101 21.625 44.449 1004.1 291664 16 -356 12 58 51 3 $GNGGA,091455.00,,,,,0,00,99.9,,,,,,*4D
292 09 14 56 Nan Nan Nan 1101010101 1100010011 1100101000 1111100000 10000110010 1101100100 1110011110 1111100001 1011101110 1101011011 1011010100 1011111100 1111101011 10000110001 1101101000 1101011111 1101000100 1100011011 21.625 44.365 1004.1 292664 16 -527 11 58 52 3 $GNGGA,091456.00,,,,,0,00,99.9,,,,,,*4E
293 09 14 57 Nan Nan Nan 1101010101 1100010110 1100100111 1111100100 10000110001 1101100101 1110011110 1111100110 1011100111 1101011011 1011010100 1011111011 1111100110 10000110010 1101101001 1101011011 1100111110 1100011010 21.625 44.282 1004.1 293664 17 -528 11 58 51 3 $GNGGA,091457.00,,,,,0,00,99.9,,,,,,*4F
294 09 14 58 Nan Nan Nan 1101010101 1100010101 1100101000 1111100011 10000110100 1101100110 1110100010 1111011111 1011100100 1101011011 1011010001 1011111100 1111101011 10000110001 1101100111 1101011101 1100111100 1100010111 21.625 44.205 1004.0 294664 16 -529 11 58 52 3 $GNGGA,091458.00,,,,,0,00,99.9,,,,,,*40
295 09 14 59 Nan Nan Nan 1101010101 1100010001 1100100101 1111011111 10000110011 1101100111 1110100101 1111011000 1011101101 1101011010 1011010001 1011111100 1111101011 10000110010 1101101010 1101011101 1101000001 1100100001 21.625 44.121 1004.0 295664 17 -528 11 59 51 3 $GNGGA,091459.00,,,,,0,00,99.9,,,,,,*41
296 09 15 00 Nan Nan Nan 1101010101 1100010011 1100101000 1111100111 10000110110 1101100010 1110011101 1111011111 1011101011 1101011011 1011010101 1011111110 1111101000 10000110001 1101101101 1101100000 1100111010 1100011001 21.625 44.114 1004.1 296664 16 -530 12 58 51 3 $GNGGA,091500.00,,,,,0,00,99.9,,,,,,*4C
297 09 15 01 Nan Nan Nan 1101010100 1100010000 1100100011 1111100111 10000110011 1101100101 1110100000 1111100001 1011101010 1101011011 1011001110 1011111010 1111101001 10000110010 1101100110 1101011110 1101000100 1100011110 21.625 44.175 1004.1 297664 17 -368 11 59 51 3 $GNGGA,091501.00,,,,,0,00,99.9,,,,,,*4D
298 09 15 02 Nan Nan Nan 1101010101 1100010001 1100100100 1111100110 10000110110 1101011011 1110010110 1111100010 1011101011 1101011011 1011010000 1011111001 1111100111 10000110001 1101101011 1101100101 1100110110 1100010101 21.625 44.785 1004.0 298664 16 -533 12 58 51 3 $GNGGA,091502.00,,,,,0,00,99.9,,,,,,*4E
299 09 15 03 Nan Nan Nan 1101010100 1100010100 1100101011 1111100000 10000110001 1101011101 1110011011 1111100000 1011101111 1101011011 1011010010 1011111011 1111100111 10000110000 1101100111 1101011111 1100111100 1100011100 21.625 44.922 1004.0 299664 16 -533 11 59 51 3 $GNGGA,091503.00,,,,,0,00,99.9,,,,,,*4F
300 09 15 04 Nan Nan Nan 1101010101 1100010001 1100100101 1111100111 10000110100 1101100001 1110011100 1111011010 1011100101 1101011011 1011010011 1011111100 1111100110 10000110000 1101101101 1101100111 1100110011 1100011011 21.625 44.892 1004.0 300664 16 -534 12 58 51 3 $GNGGA,091504.00,,,,,0,00,99.9,,,,,,*48
301 09 15 05 Nan Nan Nan 1101010101 1100010000 1100100010 1111011111 10000110001 1101100101 1110011101 1111011101 1011100110 1101011011 1011001111 1011111011 1111101010 10000110000 1101101001 1101100100 1100111100 1100011101 21.625 44.747 1004.0 301664 16 -535 11 58 52 3 $GNGGA,091505.00,,,,,0,00,99.9,,,,,,*49
302 09 15 06 Nan Nan Nan 1101010101 1100001110 1100100010 1111010101 10000110000 1101100010 1110011110 1111010101 1011100010 1101011011 1011011000 1011111110 1111101010 10000110000 1101101000 1101011001 1100110110 1100011011 21.625 44.602 1004.0 302664 17 -535 11 59 51 3 $GNGGA,091506.00,,,,,0,00,99.9,,,,,,*4A
303 09 15 07 Nan Nan Nan 1101010101 1100010010 1100100011 1111100100 10000110001 1101011111 1110011101 1111011001 1011100001 1101011011 1011010000 1011111011 1111101001 10000110000 1101100011 1101011111 1100110111 1100011010 21.625 44.465 1004.0 303664 16 -377 11 58 51 4 $GNGGA,091507.00,,,,,0,00,99.9,,,,,,*4B
304 09 15 08 Nan Nan Nan 1101010101 1100010011 1100100100 1111100010 10000110010 1101100000 1110011101 1111011110 1011101110 1101011011 1011010011 1011111011 1111110000 10000110011 1101101001 1101100000 1100111010 1100010110 21.625 44.457 1004.1 304664 17 -538 11 59 51 3 $GNGGA,091508.00,,,,,0,00,99.9,,,,,,*44
305 09 15 09 Nan Nan Nan 1101010101 1100010111 1100101000 1111100111 10000110010 1101011100 1110011000 1111011110 1011101000 1101011011 1011001111 1011111001 1111101100 10000110001 1101101001 1101011101 1100110010 1100010100 21.625 44.793 1004.1 305664 16 -538 12 58 51 3 $GNGGA,091509.00,,,,,0,00,99.9,,,,,,*45
306 09 15 10 Nan Nan Nan 1101010101 1100010101 1100100110 1111101100 10000110010 1101011101 1110011000 1111100000 1011100100 1101011011 1011010001 1011111010 1111101010 10000110001 1101101010 1101011010 1100111101 1100011001 21.625 44.968 1004.0 306664 17 -540 11 59 51 3 $GNGGA,091510.00,,,,,0,00,99.9,,,,,,*4D
307 09 15 11 Nan Nan Nan 1101010101 1100010001 1100100100 1111101010 10000110011 1101100011 1110100000 1111011011 1011100001 1101011011 1011010111 1011111111 1111101111 10000110000 1101101010 1101011110 1101000100 1100011101 21.625 44.701 1004.0 307664 16 -540 12 58 51 3 $GNGGA,091511.00,,,,,0,00,99.9,,,,,,*4C
308 09 15 12 Nan Nan Nan 1101010101 1100010100 1100100110 1111101001 10000110101 1101100010 1110100010 1111100010 1011110000 1101011011 1011010010 1011111010 1111101111 10000110010 1101100011 1101011100 1100111001 1100011010 21.625 44.404 1004.0 308664 16 -542 11 58 52 3 $GNGGA,091512.00,,,,,0,00,99.9,,,,,,*4F
309 09 15 13 Nan Nan Nan 1101010101 1100010000 1100100011 1111100011 10000110010 1101011111 1110011001 1111100011 1011110111 1101011011 1011010011 1011111101 1111101110 10000110001 1101100010 1101011010 1100110110 1100010100 21.625 44.175 1004.0 309664 17 -384 11 58 51 3 $GNGGA,091513.00,,,,,0,00,99.9,,,,,,*4E
310 09 15 14 Nan Nan Nan 1101010101 1100010011 1100101001 1111101011 10000110100 1101011010 1110010010 1111010111 1011101001 1101011011 1011001111 1011111011 1111101010 10000110000 1101101010 1101100010 1100111010 1100010100 21.625 44.022 1004.1 310664 16 -544 11 58 52 3 $GNGGA,091514.00,,,,,0,00,99.9,,,,,,*49
311 09 15 15 Nan Nan Nan 1101010101 1100010111 1100101010 1111101000 10000110001 1101011010 1110010101 1111010110 1011101100 1101011011 1011010001 1011111001 1111101111 10000110001 1101100011 1101011100 1100110101 1100010001 21.625 43.969 1004.1 311664 17 -545 11 59 51 3 $GNGGA,091515.00,,,,,0,00,99.9,,,,,,*48
312 09 15 16 Nan Nan Nan 1101010101 1100010101 1100101000 1111100111 10000110101 1101011101 1110011000 1111011001 1011101010 1101011011 1011010100 1011111100 1111101100 10000110001 1101100110 1101011100 1101000000 1100011110 21.625 44.068 1004.1 312664 16 -543 12 58 51 3 $GNGGA,091516.00,,,,,0,00,99.9,,,,,,*4B
313 09 15 17 Nan Nan Nan 1101010101 1100010100 1100101000 1111100111 10000110101 1101011100 1110011010 1111001110 1011100011 1101011011 1011010100 1011111011 1111110000 10000110011 1101101001 1101011100 1100111101 1100100001 21.625 44.213 1004.1 313664 17 -546 11 59 51 3 $GNGGA,091517.00,,,,,0,00,99.9,,,,,,*4A
314 09 15 18 Nan Nan Nan 1101010101 1100010100 1100101000 1111101000 10000110010 1101011100 1110010111 1111010101 1011100111 1101011011 1011001111 1011111011 1111101010 10000110000 1101101001 1101011101 1100111011 1100011011 21.625 44.129 1004.1 314664 16 -547 12 58 51 3 $GNGGA,091518.00,,,,,0,00,99.9,,,,,,*45
315 09 15 19 Nan Nan Nan 1101010101 1100010001 1100100011 1111100011 10000110000 1101011010 1110011000 1111010011 1011100101 1101011011 1011001111 1011111100 1111101011 10000110001 1101101010 1101011100 1101000000 1100011101 21.625 44.274 1004.1 315664 16 -379 11 59 51 3 $GNGGA,091519.00,,,,,0,00,99.9,,,,,,*44
