id HH MM SS longitude latitude altitude adc_1_ch0 adc_1_ch1 adc_1_ch2 adc_1_ch3 adc_1_ch4 adc_1_ch5 adc_1_ch6 adc_1_ch7 adc_1_ch8 adc_2_ch0 adc_2_ch1 adc_2_ch2 adc_2_ch3 adc_2_ch4 adc_2_ch5 adc_2_ch6 adc_2_ch7 adc_2_ch8 temp hum pres t_prog t_gps t_split t_adc t_temp t_hum t_pres trame_gga
1 11 58 59 Nan Nan Nan 1101011000 1100010001 1100100101 1111111001 10000110101 1100001010 1101001100 1110001010 1011110110 1101011111 1011010000 1011111100 10000001000 10000110111 1100100010 1100010101 1011111110 1011110011 22.000 43.580 795.83 1647 17 -669 11 59 51 3 $GNGGA,115859.00,,,,,0,00,99.9,,,,,,*40
2 11 59 00 Nan Nan Nan 1101011000 1100010000 1100100101 10000000000 10000110100 1100001101 1101010000 1110010000 1011110011 1101011111 1011010010 1100000000 10000001000 10000110101 1100100000 1100010001 1100001011 1100000001 22.000 43.541 1003.4 2647 16 -503 12 58 51 3 $GNGGA,115900.00,,,,,0,00,99.9,,,,,,*4D
3 11 59 01 Nan Nan Nan 1101011000 1100010100 1100101000 1111111110 10000110101 1100001010 1101001011 1110001111 1011101001 1101011111 1011010011 1011111111 10000001110 10000111010 1100100010 1100011001 1100001011 1100000000 22.000 43.496 1003.4 3647 17 -671 11 59 51 3 $GNGGA,115901.00,,,,,0,00,99.9,,,,,,*4C
4 11 59 02 Nan Nan Nan 1101011000 1100001111 1100100100 1111111111 10000110111 1100001010 1101001010 1110001110 1011101100 1101011111 1011010100 1011111101 10000010001 10000111011 1100100000 1100011000 1100001000 1011111110 22.000 43.488 1003.4 4647 16 -672 12 58 51 3 $GNGGA,115902.00,,,,,0,00,99.9,,,,,,*4F
5 11 59 03 Nan Nan Nan 1101011000 1100010010 1100100100 10000000001 10000110101 1100010000 1101010001 1110001111 1011101101 1101011111 1011010100 1100000000 10000001100 10000111000 1100100100 1100010100 1100000001 1011111011 22.000 43.450 1003.4 5647 16 -674 11 58 52 3 $GNGGA,115903.00,,,,,0,00,99.9,,,,,,*4E
6 11 59 04 Nan Nan Nan 1101011000 1100010101 1100101000 10000000011 10000110111 1100000110 1101000111 1110001011 1011101100 1101011111 1011010100 1011111110 10000001100 10000111000 1100100011 1100010110 1100000100 1011110101 22.000 43.419 1003.4 6647 17 -676 11 58 51 3 $GNGGA,115904.00,,,,,0,00,99.9,,,,,,*49
7 11 59 05 Nan Nan Nan 1101011000 1100010010 1100100111 1111111101 10000110011 1100001001 1101010000 1110001101 1011101010 1101011111 1011010010 1011111100 10000001111 10000111001 1100100010 1100010111 1100000011 1100000000 22.000 43.412 1003.4 7647 16 -675 11 58 52 3 $GNGGA,115905.00,,,,,0,00,99.9,,,,,,*48
8 11 59 06 Nan Nan Nan 1101011000 1100010001 1100100110 10000000001 10000110100 1100000110 1101000111 1110000110 1011100111 1101011111 1011010100 1100000000 10000010101 10000111000 1100100100 1100010111 1100000011 1011111110 22.000 43.458 1003.4 8647 17 -509 11 59 51 3 $GNGGA,115906.00,,,,,0,00,99.9,,,,,,*4B
9 11 59 07 Nan Nan Nan 1101011000 1100010011 1100100111 10000000100 10000110101 1100001100 1101010010 1110001100 1011110001 1101011111 1011001110 1011111100 10000001111 10000111001 1100100000 1100010010 1100001000 1011111111 22.000 43.442 1003.4 9647 16 -677 11 58 51 4 $GNGGA,115907.00,,,,,0,00,99.9,,,,,,*4A
10 11 59 08 Nan Nan Nan 1101011000 1100010010 1100100111 10000000000 10000110010 1100001001 1101001010 1110001001 1011101011 1101011111 1011010010 1100000001 10000011000 10000111010 1100100000 1100010010 1100001101 1100000001 22.000 43.686 1003.4 10647 17 -678 11 59 51 3 $GNGGA,115908.00,,,,,0,00,99.9,,,,,,*45
11 11 59 09 Nan Nan Nan 1101011000 1100010010 1100100011 10000000010 10000110100 1100000111 1101001011 1110001000 1011101111 1101011111 1011010001 1011111110 10000010011 10000111010 1100100000 1100010011 1100001100 1100001000 22.000 44.404 1003.4 11648 16 -678 12 58 51 3 $GNGGA,115909.00,,,,,0,00,99.9,,,,,,*44
12 11 59 10 Nan Nan Nan 1101011000 1100010100 1100100111 10000000100 10000110100 1100001011 1101001011 1110010000 1011110110 1101011111 1011010001 1011111110 10000010110 10000111010 1100011111 1100011000 1100001010 1011111110 22.000 44.243 1003.4 12648 17 -681 11 59 51 3 $GNGGA,115910.00,,,,,0,00,99.9,,,,,,*4C
13 11 59 11 Nan Nan Nan 1101011000 1100010100 1100100110 10000000101 10000110111 1100000000 1101000011 1110010011 1011111010 1101011111 1011001111 1011111010 10000001110 10000111001 1100011011 1100010110 1100000101 1100000010 21.938 43.915 1003.4 13648 16 -682 12 58 51 3 $GNGGA,115911.00,,,,,0,00,99.9,,,,,,*4D
14 11 59 12 Nan Nan Nan 1101011000 1100010010 1100100110 10000000000 10000110101 1100001000 1101000111 1110001011 1011110110 1101011111 1011010100 1011111110 10000010001 10000111010 1100100101 1100011110 1100001010 1100000001 22.000 43.694 1003.4 14648 16 -534 11 58 52 3 $GNGGA,115912.00,,,,,0,00,99.9,,,,,,*4E
15 11 59 13 Nan Nan Nan 1101011000 1100010000 1100100101 10000000011 10000110111 1100001000 1101001101 1110010000 1011110011 1101011111 1011010100 1011111111 10000001010 10000111001 1100100000 1100010111 1100000011 1011111111 21.938 43.557 1003.4 15648 17 -684 11 58 51 3 $GNGGA,115913.00,,,,,0,00,99.9,,,,,,*4F
16 11 59 14 Nan Nan Nan 1101011000 1100010001 1100100101 10000000000 10000110110 1100001011 1101001101 1110010001 1011110001 1101011111 1011001100 1011111010 10000001100 10000111001 1100100100 1100010110 1100000011 1011111110 21.938 43.488 1003.4 16648 16 -684 11 58 52 3 $GNGGA,115914.00,,,,,0,00,99.9,,,,,,*48
17 11 59 15 Nan Nan Nan 1101011000 1100010011 1100101001 10000000110 10000110101 1100001000 1101001101 1110010001 1011110110 1101011111 1011010101 1100000001 10000010001 10000111010 1100100100 1100011000 1100000010 1011111101 22.000 43.435 1003.4 17648 17 -688 11 59 51 3 $GNGGA,115915.00,,,,,0,00,99.9,,,,,,*49
18 11 59 16 Nan Nan Nan 1101011000 1100001101 1100100001 10000000001 10000110101 1100010011 1101010110 1110001111 1011111001 1101011111 1011010001 1011111100 10000010010 10000111000 1100100011 1100010100 1100000111 1100000100 21.938 43.381 1003.4 18648 16 -687 12 58 51 3 $GNGGA,115916.00,,,,,0,00,99.9,,,,,,*4A
19 11 59 17 Nan Nan Nan 1101011000 1100010001 1100101000 1111111110 10000110101 1100000111 1101001000 1110010010 1011111100 1101011111 1011010010 1011111101 10000010000 10000111001 1100100000 1100010111 1100000100 1100000001 21.938 43.351 1003.4 19648 17 -688 11 59 51 3 $GNGGA,115917.00,,,,,0,00,99.9,,,,,,*4B
20 11 59 18 Nan Nan Nan 1101011000 1100001111 1100100010 1111111110 10000110010 1100001001 1101001101 1110010101 1011110110 1101011111 1011010000 1011111100 10000001001 10000111000 1100101001 1100011000 1100001001 1100000011 21.938 43.335 1003.4 20648 16 -539 12 58 51 3 $GNGGA,115918.00,,,,,0,00,99.9,,,,,,*44
21 11 59 19 Nan Nan Nan 1101011000 1100010010 1100100111 10000000000 10000110100 1100001001 1101001110 1110011010 1011111000 1101011111 1011010101 1011111110 10000010001 10000111001 1100011101 1100010111 1100001010 1100000110 21.938 43.305 1003.4 21648 16 -690 11 59 51 3 $GNGGA,115919.00,,,,,0,00,99.9,,,,,,*45
22 11 59 20 Nan Nan Nan 1101011000 1100010010 1100100011 10000000011 10000110101 1100001110 1101010001 1110001110 1011110010 1101011111 1011010011 1011111111 10000010000 10000111001 1100011011 1100010100 1100000111 1100000010 21.938 43.297 1003.4 22648 16 -691 12 58 51 3 $GNGGA,115920.00,,,,,0,00,99.9,,,,,,*4F
23 11 59 21 Nan Nan Nan 1101011000 1100010000 1100100100 1111111101 10000110011 1100000111 1101001000 1110001011 1011110001 1101011111 1011010101 1011111111 10000010011 10000111011 1100011111 1100010010 1100001001 1100000101 21.938 43.328 1003.4 23648 16 -692 11 58 52 3 $GNGGA,115921.00,,,,,0,00,99.9,,,,,,*4E
24 11 59 22 Nan Nan Nan 1101011000 1100010011 1100100111 10000000011 10000110100 1100000100 1101001100 1110001001 1011110011 1101011111 1011001110 1011111101 10000001111 10000111000 1100100100 1100010110 1100001100 1100001000 21.938 43.351 1003.4 24648 17 -694 11 59 51 3 $GNGGA,115922.00,,,,,0,00,99.9,,,,,,*4D
25 11 59 23 Nan Nan Nan 1101011000 1100010001 1100101000 10000000001 10000111000 1100001010 1101001011 1110001001 1011110001 1101011111 1011010001 1011111110 10000001001 10000111000 1100011110 1100010000 1100000110 1011111111 21.938 43.305 1003.4 25648 16 -695 11 58 51 4 $GNGGA,115923.00,,,,,0,00,99.9,,,,,,*4C
26 11 59 24 Nan Nan Nan 1101011000 1100001111 1100100111 10000000000 10000110011 1100001000 1101000111 1110010011 1011110001 1101011111 1011010001 1011111110 10000010001 10000111010 1100100101 1100011010 1100001010 1100000100 21.938 43.335 1003.4 26648 17 -527 11 59 51 3 $GNGGA,115924.00,,,,,0,00,99.9,,,,,,*4B
27 11 59 25 Nan Nan Nan 1101011000 1100010010 1100101000 1111111101 10000110000 1100001011 1101001110 1110001000 1011101101 1101011111 1011010111 1011111110 10000001101 10000110111 1100100111 1100010111 1100000111 1011111010 21.938 43.427 1003.4 27648 16 -695 12 58 51 3 $GNGGA,115925.00,,,,,0,00,99.9,,,,,,*4A
28 11 59 26 Nan Nan Nan 1101011001 1100010001 1100101000 10000000000 10000110111 1100000101 1101000011 1110000110 1011100101 1101011111 1011010010 1011111110 10000010100 10000111010 1100011111 1100010110 1100000111 1100000001 21.938 43.404 1003.4 28648 17 -697 11 59 51 3 $GNGGA,115926.00,,,,,0,00,99.9,,,,,,*49
29 11 59 27 Nan Nan Nan 1101011000 1100010001 1100100101 1111111101 10000110101 1100000001 1101000010 1110001000 1011101000 1101011111 1011001111 1011111011 10000001111 10000111010 1100011101 1100010100 1100001001 1100000010 21.938 43.343 1003.4 29648 16 -699 12 58 51 3 $GNGGA,115927.00,,,,,0,00,99.9,,,,,,*48
30 11 59 28 Nan Nan Nan 1101011000 1100010110 1100101001 1111110111 10000110000 1100000100 1101000101 1110000111 1011100100 1101011111 1011010011 1011111101 10000010000 10000111001 1100100101 1100011000 1100000100 1011111011 22.000 43.320 1003.4 30648 16 -700 11 58 52 3 $GNGGA,115928.00,,,,,0,00,99.9,,,,,,*47
31 11 59 28 Nan Nan Nan 1101011000 1100011000 1100101011 10000000000 10000110111 1100001000 1101001010 1110000101 1011101000 1101011111 1011010011 1011111100 10000001111 10000111000 1100100010 1100010111 1100001101 1100000001 22.000 43.290 1003.4 31648 17 -701 11 58 51 3 $GNGGA,115928.98,,,,,0,00,99.9,,,,,,*46
32 11 59 30 Nan Nan Nan 1101011000 1100010001 1100100110 1111111110 10000110110 1100001101 1101001100 1110001000 1011101101 1101011111 1011010110 1100000001 10000001111 10000111001 1100100000 1100010110 1100000101 1100000000 22.000 43.290 1003.4 32648 16 -529 11 58 52 3 $GNGGA,115930.00,,,,,0,00,99.9,,,,,,*4E
33 11 59 31 Nan Nan Nan 1101011000 1100001111 1100100011 10000001010 10000111000 1100001001 1101001000 1110001011 1011101110 1101011111 1011001111 1011111101 10000001111 10000111000 1100100010 1100010110 1100000110 1011110111 22.000 43.297 1003.4 33648 17 -688 11 59 51 3 $GNGGA,115931.00,,,,,0,00,99.9,,,,,,*4F
34 11 59 32 Nan Nan Nan 1101011001 1100010010 1100100111 10000000010 10000110101 1100001010 1101001000 1110001110 1011110011 1101011111 1011001111 1011111101 10000000111 10000110111 1100100100 1100011100 1100001011 1100000101 22.000 43.297 1003.4 34648 16 -687 12 58 51 3 $GNGGA,115932.02,,,,,0,00,99.9,,,,,,*4E
35 11 59 33 Nan Nan Nan 1101011000 1100010001 1100100111 10000000011 10000110101 1100000111 1101001010 1110001011 1011110001 1101011111 1011010011 1011111110 10000001100 10000111001 1100011101 1100010100 1100000100 1100000010 22.000 43.290 1003.4 35648 17 -707 11 59 51 3 $GNGGA,115933.00,,,,,0,00,99.9,,,,,,*4D
36 11 59 34 Nan Nan Nan 1101011000 1100001111 1100100100 10000000001 10000110011 1100000011 1101000010 1110000100 1011101011 1101011111 1011010100 1011111110 10000001100 10000111010 1100100000 1100010001 1100000000 1100000000 22.000 43.320 1003.4 36648 16 -704 12 58 51 3 $GNGGA,115934.00,,,,,0,00,99.9,,,,,,*4A
37 11 59 35 Nan Nan Nan 1101011000 1100010001 1100100100 1111111011 10000110100 1100001010 1101001101 1110001011 1011101110 1101011111 1011010100 1011111111 10000001010 10000110111 1100100000 1100010110 1100001001 1011111100 22.000 43.335 1003.4 37648 16 -707 11 59 51 3 $GNGGA,115935.00,,,,,0,00,99.9,,,,,,*4B
38 11 59 36 Nan Nan Nan 1101011000 1100010011 1100101001 1111110110 10000101101 1100001011 1101001001 1110010010 1011110111 1101011111 1011010100 1100000000 10000010100 10000111011 1100101000 1100011001 1100000101 1011111110 22.000 43.358 1003.4 38648 16 -547 12 58 51 3 $GNGGA,115936.00,,,,,0,00,99.9,,,,,,*48
39 11 59 37 Nan Nan Nan 1101011000 1100010011 1100101001 1111111100 10000110101 1100001001 1101001100 1110001011 1011101100 1101011111 1011010011 1100000000 10000001111 10000111000 1100100011 1100010111 1100001101 1100001001 22.000 43.381 1003.4 39648 16 -707 11 58 52 3 $GNGGA,115937.00,,,,,0,00,99.9,,,,,,*49
40 11 59 38 Nan Nan Nan 1101011000 1100010000 1100100100 10000000101 10000111000 1100001011 1101001101 1110000111 1011101010 1101011111 1011010001 1011111111 10000010001 10000111000 1100100000 1100010101 1100000110 1100000001 22.000 43.503 1003.4 40648 17 -707 11 59 51 3 $GNGGA,115938.00,,,,,0,00,99.9,,,,,,*46
41 11 59 39 Nan Nan Nan 1101011000 1100010010 1100100111 10000000110 10000111001 1100001001 1101001010 1110010110 1011110100 1101011111 1011010011 1011111101 10000001111 10000111000 1100100000 1100010101 1100001001 1011111110 22.063 43.503 1003.4 41648 16 -708 11 58 51 4 $GNGGA,115939.00,,,,,0,00,99.9,,,,,,*47
42 11 59 40 Nan Nan Nan 1101011000 1100010010 1100100111 10000000101 10000110101 1100001001 1101001000 1110000100 1011110001 1101011111 1011010101 1100000000 10000010000 10000111001 1100100001 1100010111 1100001101 1100000010 22.063 43.480 1003.4 42648 17 -709 11 59 51 3 $GNGGA,115940.00,,,,,0,00,99.9,,,,,,*49
43 11 59 41 Nan Nan Nan 1101011000 1100011000 1100101011 10000000110 10000110111 1100001001 1101001100 1110010010 1011111011 1101011111 1011010001 1011111110 10000001010 10000111000 1100100011 1100010101 1100000101 1011111111 22.063 43.427 1003.4 43648 16 -711 12 58 51 3 $GNGGA,115941.00,,,,,0,00,99.9,,,,,,*48
44 11 59 42 Nan Nan Nan 1101011000 1100010111 1100100111 10000000110 10000110101 1100001011 1101010001 1110011000 1100000000 1101011111 1011011000 1100000010 10000001100 10000111000 1100100001 1100010011 1100001000 1100000000 22.063 43.397 1003.4 44648 17 -563 11 59 51 3 $GNGGA,115942.00,,,,,0,00,99.9,,,,,,*4B
45 11 59 42 Nan Nan Nan 1101011000 1100010110 1100100111 1111111100 10000110001 1100001100 1101001111 1110010010 1011111100 1101011111 1011010001 1011111110 10000001111 10000111001 1100100000 1100010111 1100000000 1011111111 22.063 43.412 1003.4 45648 16 -714 12 58 51 3 $GNGGA,115942.98,,,,,0,00,99.9,,,,,,*4A
46 11 59 44 Nan Nan Nan 1101011000 1100010010 1100100111 10000000000 10000111001 1100000011 1101000101 1110010001 1011111001 1101011111 1011010100 1011111111 10000001011 10000111001 1100100001 1100010011 1100000001 1011110111 22.063 43.404 1003.4 46648 16 -702 11 58 52 3 $GNGGA,115944.00,,,,,0,00,99.9,,,,,,*4D
47 11 59 45 Nan Nan Nan 1101011000 1100010010 1100100110 10000000000 10000110101 1100001010 1101001011 1110011000 1011111100 1101011111 1011010100 1011111111 10000001011 10000111000 1100100000 1100010011 1100001101 1100000011 22.063 43.427 1003.4 47648 17 -701 11 58 51 3 $GNGGA,115945.00,,,,,0,00,99.9,,,,,,*4C
48 11 59 46 Nan Nan Nan 1101011000 1100010000 1100100100 10000000100 10000110110 1100001010 1101001000 1110010000 1011111100 1101011111 1011010011 1011111111 10000001101 10000110111 1100100000 1100010100 1100000110 1100000011 22.063 43.419 1003.4 48648 16 -703 11 58 52 3 $GNGGA,115946.00,,,,,0,00,99.9,,,,,,*4F
49 11 59 47 Nan Nan Nan 1101011000 1100010001 1100100110 10000000000 10000110101 1100001101 1101001101 1110010001 1011110010 1101011111 1011010010 1011111111 10000010000 10000111010 1100100001 1100010011 1100000100 1011111110 22.125 43.435 1003.4 49648 17 -704 11 59 51 3 $GNGGA,115947.00,,,,,0,00,99.9,,,,,,*4E
50 11 59 48 Nan Nan Nan 1101011000 1100010000 1100100101 1111111011 10000110011 1100001000 1101000111 1110001101 1011110101 1101011111 1011010000 1011111110 10000000101 10000110111 1100100011 1100011010 1100000011 1011111100 22.063 43.465 1003.4 50648 16 -545 12 58 51 3 $GNGGA,115948.00,,,,,0,00,99.9,,,,,,*41
51 11 59 49 Nan Nan Nan 1101011000 1100001110 1100100110 10000000000 10000110110 1100001001 1101001100 1110001010 1011110100 1101011111 1011010011 1011111110 10000001111 10000111011 1100100011 1100011110 1100001000 1100000001 22.125 43.480 1003.4 51648 17 -706 11 59 51 3 $GNGGA,115949.00,,,,,0,00,99.9,,,,,,*40
52 11 59 50 Nan Nan Nan 1101011000 1100010001 1100100011 10000000010 10000110100 1100001101 1101001110 1110000101 1011110010 1101011111 1011010111 1011111111 10000001101 10000111000 1100100100 1100011000 1100001000 1011111110 22.125 43.564 1003.4 52648 16 -706 12 58 51 3 $GNGGA,115950.00,,,,,0,00,99.9,,,,,,*48
53 11 59 51 Nan Nan Nan 1101011000 1100001111 1100100100 1111111101 10000110100 1100000111 1101001011 1110001001 1011111010 1101011111 1011010110 1011111111 10000010010 10000111010 1100100000 1100011001 1100001011 1100000100 22.125 43.595 1003.4 53648 16 -708 11 59 51 3 $GNGGA,115951.00,,,,,0,00,99.9,,,,,,*49
54 11 59 52 Nan Nan Nan 1101011000 1100010011 1100100111 1111111101 10000110010 1100001100 1101001110 1110000110 1011110000 1101011111 1011011000 1100000001 10000001110 10000111001 1100011111 1100010110 1100000100 1100000000 22.125 43.603 1003.4 54648 16 -708 12 58 51 3 $GNGGA,115952.00,,,,,0,00,99.9,,,,,,*4A
55 11 59 53 Nan Nan Nan 1101011000 1100001110 1100100011 1111110110 10000110010 1100000110 1101000110 1110000010 1011100111 1101011111 1011010011 1011111101 10000001110 10000111000 1100100011 1100010111 1100001100 1011111101 22.125 43.610 1003.4 55648 16 -710 11 58 52 3 $GNGGA,115953.00,,,,,0,00,99.9,,,,,,*4B
56 11 59 54 Nan Nan Nan 1101011000 1100010011 1100101000 10000000001 10000110101 1100000110 1101001010 1110001010 1011101101 1101011111 1011010100 1011111111 10000011000 10000111011 1100011111 1100011000 1100000111 1100000000 22.125 43.633 1003.4 56648 17 -551 11 59 51 3 $GNGGA,115954.00,,,,,0,00,99.9,,,,,,*4C
57 11 59 55 Nan Nan Nan 1101011000 1100010000 1100100101 10000000001 10000110100 1100000111 1101000110 1110001011 1011101010 1101011111 1011010100 1011111101 10000001111 10000111001 1100100001 1100011000 1100000111 1011111110 22.125 43.679 1003.4 57648 16 -713 11 58 51 4 $GNGGA,115955.00,,,,,0,00,99.9,,,,,,*4D
58 11 59 56 Nan Nan Nan 1101011000 1100010010 1100100110 1111111111 10000110100 1100001100 1101000111 1110001001 1011101100 1101011111 1011010011 1100000000 10000010000 10000111011 1100011110 1100001111 1100000110 1100000001 22.125 43.702 1003.4 58648 17 -713 11 59 51 3 $GNGGA,115956.00,,,,,0,00,99.9,,,,,,*4E
59 11 59 57 Nan Nan Nan 1101011000 1100010001 1100100101 10000000000 10000110110 1100000111 1101001010 1110001011 1011111110 1101011111 1011010011 1011111101 10000001110 10000111010 1100011100 1100010000 1100001001 1011111110 22.125 43.694 1003.4 59648 16 -712 12 58 51 3 $GNGGA,115957.00,,,,,0,00,99.9,,,,,,*4F
60 11 59 58 Nan Nan Nan 1101011000 1100010001 1100100011 10000000001 10000111000 1100000111 1101000101 1110001101 1011110000 1101011111 1011010011 1011111101 10000001111 10000111001 1100100010 1100010111 1100000111 1011111010 22.125 45.014 1003.4 60648 17 -715 11 59 51 3 $GNGGA,115958.00,,,,,0,00,99.9,,,,,,*40
61 11 59 59 Nan Nan Nan 1101011000 1100010000 1100100101 10000000111 10000110111 1100001101 1101001101 1110001110 1011110011 1101011111 1011010000 1011111101 10000001101 10000111001 1100100001 1100010101 1100001010 1011111000 22.125 44.663 1003.4 61648 16 -715 12 58 51 3 $GNGGA,115959.00,,,,,0,00,99.9,,,,,,*41
62 12 00 00 Nan Nan Nan 1101011000 1100010000 1100100100 1111111100 10000110011 1100001010 1101001100 1110001010 1011101101 1101011111 1011010100 1011111101 10000010010 10000111000 1100100000 1100010010 1100001010 1011111101 22.125 44.327 1003.4 62648 16 -556 11 58 52 3 $GNGGA,120000.00,,,,,0,00,99.9,,,,,,*42
63 12 00 01 Nan Nan Nan 1101011000 1100010000 1100100110 10000000001 10000110011 1100001011 1101001110 1110001001 1011101110 1101011111 1011010000 1011111011 10000010110 10000111011 1100100101 1100010111 1100000110 1011111010 22.125 44.121 1003.4 63648 17 -718 11 58 51 3 $GNGGA,120001.00,,,,,0,00,99.9,,,,,,*43
64 12 00 02 Nan Nan Nan 1101011000 1100010010 1100100110 10000000010 10000110011 1100000110 1101000101 1110000011 1011101110 1101011111 1011010001 1011111011 10000010011 10000111010 1100011111 1100010011 1100000110 1011111100 22.125 43.992 1003.4 64648 16 -719 11 58 52 3 $GNGGA,120002.00,,,,,0,00,99.9,,,,,,*40
65 12 00 03 Nan Nan Nan 1101011000 1100010011 1100100101 1111111100 10000110100 1100000000 1101000001 1110001010 1011101110 1101011111 1011010110 1100000001 10000001110 10000110111 1100011101 1100010101 1100010000 1100000101 22.063 43.854 1003.4 65648 17 -720 11 59 51 3 $GNGGA,120003.00,,,,,0,00,99.9,,,,,,*41
66 12 00 04 Nan Nan Nan 1101011000 1100001111 1100100110 10000000011 10000110111 1100001001 1101001000 1110010000 1011110001 1101011111 1011010101 1011111110 10000001111 10000111010 1100100010 1100010011 1100000011 1100000111 22.125 43.786 1003.4 66648 16 -719 12 58 51 3 $GNGGA,120004.00,,,,,0,00,99.9,,,,,,*46
67 12 00 05 Nan Nan Nan 1101011000 1100010110 1100101010 1111111110 10000110101 1100001001 1101001101 1110001110 1011110001 1101011111 1011010100 1011111110 10000010010 10000111010 1100100011 1100011000 1100001011 1100001010 22.063 43.763 1003.4 67648 17 -721 11 59 51 3 $GNGGA,120005.00,,,,,0,00,99.9,,,,,,*47
68 12 00 06 Nan Nan Nan 1101011000 1100001111 1100100110 10000000001 10000110100 1100000101 1101001010 1110000010 1011100111 1101011111 1011010101 1100000001 10000010010 10000111001 1100011111 1100010001 1100001010 1100000000 22.125 43.747 1003.4 68648 16 -564 12 58 51 3 $GNGGA,120006.00,,,,,0,00,99.9,,,,,,*44
69 12 00 07 Nan Nan Nan 1101011000 1100010011 1100100110 10000000011 10000111001 1100001000 1101001100 1110000110 1011110010 1101011111 1011010101 1011111110 10000010010 10000111010 1100100011 1100011011 1100001100 1100000100 22.063 43.709 1003.4 69648 16 -723 11 59 51 3 $GNGGA,120007.00,,,,,0,00,99.9,,,,,,*45
70 12 00 08 Nan Nan Nan 1101011000 1100010001 1100100110 1111111101 10000110110 1100001000 1101000100 1110000111 1011111001 1101011111 1011010100 1100000001 10000001000 10000110110 1100011111 1100010101 1100001000 1100000001 22.063 43.671 1003.4 70648 16 -725 12 58 51 3 $GNGGA,120008.00,,,,,0,00,99.9,,,,,,*4A
71 12 00 09 Nan Nan Nan 1101011000 1100010011 1100101000 10000000000 10000110110 1100001000 1101000111 1110001000 1011110011 1101011111 1011010101 1100000011 10000010000 10000111010 1100011110 1100010101 1100000100 1011111110 22.063 43.656 1003.4 71648 16 -725 11 58 52 3 $GNGGA,120009.00,,,,,0,00,99.9,,,,,,*4B
72 12 00 10 Nan Nan Nan 1101011000 1100010001 1100100110 10000000100 10000111000 1100001100 1101001110 1110001000 1011110100 1101011111 1011010100 1011111111 10000001110 10000111001 1100100100 1100011010 1100001101 1100000100 22.063 43.641 1003.4 72648 17 -727 11 59 51 3 $GNGGA,120010.00,,,,,0,00,99.9,,,,,,*43
73 12 00 11 Nan Nan Nan 1101011000 1100010000 1100100101 1111111011 10000110010 1100001101 1101001110 1110001111 1011111010 1101011111 1011010011 1100000000 10000001110 10000111001 1100100100 1100010111 1100001000 1011111100 22.063 43.603 1003.4 73648 16 -727 11 58 51 4 $GNGGA,120011.00,,,,,0,00,99.9,,,,,,*42
74 12 00 12 Nan Nan Nan 1101011000 1100010001 1100100101 10000000011 10000110110 1100000110 1101001011 1110000011 1011110100 1101011111 1011010001 1011111111 10000010001 10000111000 1100100011 1100010011 1100000111 1011111110 22.063 43.572 1003.4 74648 17 -568 11 59 51 3 $GNGGA,120012.00,,,,,0,00,99.9,,,,,,*41
75 12 00 13 Nan Nan Nan 1101011000 1100001100 1100100001 10000000100 10000111000 1100000111 1101001010 1110000110 1011101100 1101011111 1011010000 1011111100 10000010010 10000111010 1100100111 1100011001 1100000010 1011111011 22.063 43.564 1003.4 75648 16 -729 12 58 51 3 $GNGGA,120013.00,,,,,0,00,99.9,,,,,,*40
76 12 00 14 Nan Nan Nan 1101011000 1100010000 1100100100 1111111111 10000110011 1100001100 1101001111 1101111101 1011110001 1101011111 1011010001 1011111110 10000001101 10000111011 1100011110 1100010110 1100001001 1011111111 22.063 43.572 1003.4 76648 17 -730 11 59 51 3 $GNGGA,120014.00,,,,,0,00,99.9,,,,,,*47
77 12 00 15 Nan Nan Nan 1101011000 1100010010 1100100110 10000000101 10000110100 1100001111 1101010001 1110001100 1011110100 1101011111 1011010000 1011111101 10000001111 10000111001 1100100000 1100010100 1100001100 1011111111 22.063 43.549 1003.4 77648 16 -731 12 58 51 3 $GNGGA,120015.00,,,,,0,00,99.9,,,,,,*46
78 12 00 16 Nan Nan Nan 1101011000 1100010001 1100101000 10000000001 10000111010 1100001001 1101001010 1110010000 1011110111 1101011111 1011010010 1011111111 10000010000 10000111100 1100011111 1100010001 1100001000 1011111101 22.000 43.587 1003.4 78648 16 -732 11 58 52 3 $GNGGA,120016.00,,,,,0,00,99.9,,,,,,*45
79 12 00 17 Nan Nan Nan 1101011000 1100001111 1100100101 10000000010 10000110100 1100001110 1101010000 1110000010 1011110010 1101011111 1011010011 1011111111 10000001011 10000111001 1100101000 1100011001 1100000100 1011111100 22.000 43.603 1003.4 79648 17 -733 11 58 51 3 $GNGGA,120017.00,,,,,0,00,99.9,,,,,,*44
80 12 00 18 Nan Nan Nan 1101011000 1100010011 1100101001 1111111101 10000110010 1100000010 1101000010 1110001000 1011110111 1101011111 1011010101 1100000000 10000001100 10000111000 1100100011 1100010111 1100001110 1100000001 22.063 43.633 1003.4 80648 16 -578 11 58 52 3 $GNGGA,120018.00,,,,,0,00,99.9,,,,,,*4B
81 12 00 19 Nan Nan Nan 1101011000 1100010011 1100100101 1111111000 10000110010 1100000111 1101000111 1110001001 1011110111 1101011111 1011001111 1011111010 10000010011 10000111010 1100100011 1100010010 1100000010 1011111111 22.000 43.763 1003.4 81648 17 -739 11 59 51 3 $GNGGA,120019.00,,,,,0,00,99.9,,,,,,*4A
82 12 00 20 Nan Nan Nan 1101011000 1100010001 1100100111 10000000010 10000111000 1100001101 1101010001 1110001011 1011110011 1101011111 1011010100 1011111101 10000010010 10000111001 1100100001 1100010111 1100001010 1100000110 22.000 43.770 1003.4 82648 16 -739 12 58 51 3 $GNGGA,120020.00,,,,,0,00,99.9,,,,,,*40
83 12 00 21 Nan Nan Nan 1101011000 1100010111 1100101011 10000001000 10000110111 1100001000 1101001000 1110000101 1011110011 1101011111 1011010101 1011111111 10000001111 10000111001 1100100110 1100010111 1100000011 1100000011 22.000 43.702 1003.4 83648 17 -741 11 59 51 3 $GNGGA,120021.00,,,,,0,00,99.9,,,,,,*41
84 12 00 22 Nan Nan Nan 1101011000 1100010001 1100100101 10000000001 10000110110 1100000111 1101001110 1110000100 1011110011 1101011111 1011010011 1011111111 10000010010 10000111010 1100100010 1100010101 1100000101 1011111101 22.000 43.625 1003.4 84648 16 -742 12 58 51 3 $GNGGA,120022.00,,,,,0,00,99.9,,,,,,*42
85 12 00 23 Nan Nan Nan 1101011000 1100001111 1100100010 1111111110 10000110010 1100000100 1101001000 1110010000 1011110000 1101011111 1011010000 1011111110 10000001111 10000111011 1100011111 1100010010 1100000101 1011111101 22.000 43.564 1003.4 85648 16 -744 11 59 51 3 $GNGGA,120023.00,,,,,0,00,99.9,,,,,,*43
86 12 00 24 Nan Nan Nan 1101011000 1100010010 1100100110 1111111000 10000110001 1100001000 1101001100 1110010000 1011110011 1101011111 1011010101 1011111110 10000001001 10000110111 1100011101 1100010011 1100000010 1011111011 22.000 43.541 1003.4 86648 16 -584 12 58 51 3 $GNGGA,120024.00,,,,,0,00,99.9,,,,,,*44
87 12 00 25 Nan Nan Nan 1101011000 1100001111 1100100011 10000000011 10000110110 1100000110 1101000111 1110001101 1011110001 1101011111 1011010001 1011111110 10000001101 10000111001 1100100000 1100010101 1100000110 1100000000 22.000 43.549 1003.4 87648 16 -745 11 58 52 3 $GNGGA,120025.00,,,,,0,00,99.9,,,,,,*45
88 12 00 26 Nan Nan Nan 1101011000 1100010000 1100100100 10000000000 10000110101 1100001110 1101001011 1110001000 1011101111 1101011111 1011010000 1011111110 10000001111 10000111000 1100100011 1100010111 1100000111 1100000100 22.000 43.572 1003.4 88648 17 -746 11 59 51 3 $GNGGA,120026.00,,,,,0,00,99.9,,,,,,*46
89 12 00 27 Nan Nan Nan 1101011000 1100010011 1100101010 10000000011 10000110110 1100001001 1101001010 1110001100 1011110011 1101011111 1011001101 1011111010 10000001110 10000111001 1100100010 1100010101 1100000110 1011111110 22.000 43.580 1003.4 89648 16 -747 11 58 51 4 $GNGGA,120027.00,,,,,0,00,99.9,,,,,,*47
90 12 00 28 Nan Nan Nan 1101011000 1100010001 1100100101 10000001000 10000111000 1100001001 1101001001 1110001101 1011110100 1101011111 1011010101 1100000001 10000011000 10000111001 1100011100 1100010010 1100000011 1100000001 22.000 43.610 1003.4 90648 17 -748 11 59 51 3 $GNGGA,120028.00,,,,,0,00,99.9,,,,,,*48
91 12 00 29 Nan Nan Nan 1101011000 1100010010 1100101000 10000000110 10000110111 1100001011 1101001101 1110001000 1011110110 1101011111 1011010100 1100000000 10000010101 10000111010 1100100000 1100010011 1100001000 1011111111 22.000 43.641 1003.4 91648 16 -748 12 58 51 3 $GNGGA,120029.00,,,,,0,00,99.9,,,,,,*49
92 12 00 30 Nan Nan Nan 1101011000 1100001111 1100100100 10000000111 10000110101 1100000110 1101001100 1110000011 1011101111 1101011111 1011010100 1011111111 10000010001 10000111011 1100100011 1100010100 1100001010 1100000100 22.000 43.671 1003.4 92648 17 -662 11 59 51 3 $GNGGA,120030.00,,,,,0,00,99.9,,,,,,*41
93 12 00 31 Nan Nan Nan 1101011000 1100010100 1100100101 10000000111 10000110110 1100001000 1101001001 1110000111 1011110010 1101011111 1011010011 1011111111 10000001100 10000111000 1100100000 1100010100 1011111111 1011111100 22.000 43.679 1003.4 93648 16 -751 12 58 51 3 $GNGGA,120031.00,,,,,0,00,99.9,,,,,,*40
94 12 00 32 Nan Nan Nan 1101011000 1100010011 1100100111 10000000001 10000110100 1100001111 1101010001 1110000111 1011101111 1101011111 1011010010 1011111110 10000001110 10000111000 1100100001 1100010101 1100001101 1100000011 22.000 43.702 1003.4 94648 16 -752 11 58 52 3 $GNGGA,120032.00,,,,,0,00,99.9,,,,,,*43
95 12 00 33 Nan Nan Nan 1101011000 1100010011 1100101000 10000000010 10000111000 1100001110 1101001010 1110001000 1011110000 1101011111 1011010010 1100000001 10000010110 10000111101 1100011111 1100010110 1100001111 1100000110 22.000 43.709 1003.4 95648 17 -753 11 58 51 3 $GNGGA,120033.00,,,,,0,00,99.9,,,,,,*42
96 12 00 34 Nan Nan Nan 1101011000 1100010001 1100100110 10000000011 10000110110 1100001000 1101001000 1110010000 1011110111 1101011111 1011001110 1011111100 10000001111 10000111000 1100011111 1100010111 1100001011 1100000010 22.000 43.709 1003.4 96648 16 -754 11 58 52 3 $GNGGA,120034.00,,,,,0,00,99.9,,,,,,*45
97 12 00 35 Nan Nan Nan 1101011000 1100010000 1100100011 10000000000 10000110100 1100001000 1101010001 1110001010 1011110000 1101011111 1011001111 1011111110 10000010000 10000111011 1100100011 1100010110 1100001010 1011111101 22.000 43.709 1003.4 97648 17 -755 11 59 51 3 $GNGGA,120035.00,,,,,0,00,99.9,,,,,,*44
98 12 00 36 Nan Nan Nan 1101011000 1100001111 1100100100 10000000000 10000110110 1100001001 1101010011 1110001010 1011110011 1101011111 1011010100 1100000000 10000010100 10000111001 1100100111 1100011000 1100001101 1100000011 21.938 43.732 1003.4 98648 16 -587 12 58 51 3 $GNGGA,120036.00,,,,,0,00,99.9,,,,,,*47
99 12 00 37 Nan Nan Nan 1101011000 1100010000 1100100011 10000000011 10000111000 1100001000 1101001100 1110010000 1011111000 1101011111 1011001111 1011111100 10000001101 10000111010 1100011011 1100010010 1100001001 1100000100 22.000 43.839 1003.4 99648 17 -757 11 59 51 3 $GNGGA,120037.00,,,,,0,00,99.9,,,,,,*46
100 12 00 38 Nan Nan Nan 1101011000 1100010011 1100100101 1111111111 10000110100 1100001000 1101000111 1110001111 1011111000 1101011111 1011010101 1011111111 10000010100 10000111010 1100100001 1100010100 1011111101 1011111101 22.000 43.839 1003.4 100648 16 -757 12 58 51 3 $GNGGA,120038.00,,,,,0,00,99.9,,,,,,*49
101 12 00 39 Nan Nan Nan 1101011000 1100010001 1100100011 10000000001 10000110110 1100001000 1101001010 1110001010 1011101000 1101011111 1011010001 1011111100 10000001111 10000111010 1100100001 1100010110 1100000111 1100000000 21.938 43.847 1003.4 101648 16 -759 11 59 51 3 $GNGGA,120039.00,,,,,0,00,99.9,,,,,,*48
102 12 00 40 Nan Nan Nan 1101011000 1100010011 1100100110 10000000000 10000110011 1100001000 1101001011 1110000011 1011101100 1101011111 1011010000 1011111100 10000001100 10000110110 1100011111 1100010011 1100000101 1011111110 21.938 43.786 1003.4 102648 16 -760 12 58 51 3 $GNGGA,120040.00,,,,,0,00,99.9,,,,,,*46
103 12 00 41 Nan Nan Nan 1101011000 1100010000 1100100101 10000000001 10000110100 1100000110 1101000111 1110001001 1011101111 1101011111 1011010010 1011111100 10000010111 10000111010 1100100001 1100010100 1100010000 1100000110 21.938 43.740 1003.4 103648 16 -760 11 58 52 3 $GNGGA,120041.00,,,,,0,00,99.9,,,,,,*47
104 12 00 42 Nan Nan Nan 1101011000 1100010000 1100100111 10000000011 10000110111 1100000111 1101001001 1110000110 1011101000 1101011111 1011010010 1011111100 10000010011 10000111100 1100011111 1100010101 1100000010 1011111000 21.938 43.709 1003.4 104648 17 -594 11 59 51 3 $GNGGA,120042.00,,,,,0,00,99.9,,,,,,*44
105 12 00 43 Nan Nan Nan 1101011000 1100010001 1100100110 10000000001 10000110101 1100000111 1101000101 1110001111 1011111010 1101011111 1011010000 1011111101 10000001011 10000110111 1100011110 1100010000 1100000111 1011111010 21.938 43.664 1003.4 105648 16 -763 11 58 51 4 $GNGGA,120043.00,,,,,0,00,99.9,,,,,,*45
106 12 00 44 Nan Nan Nan 1101011000 1100001111 1100100100 10000000111 10000110101 1100000011 1101000100 1110001010 1011101101 1101011111 1011010010 1011111110 10000001000 10000110111 1100100011 1100010111 1100000100 1011111111 21.938 43.641 1003.4 106648 17 -764 11 59 51 3 $GNGGA,120044.00,,,,,0,00,99.9,,,,,,*42
107 12 00 45 Nan Nan Nan 1101011000 1100010000 1100100011 1111111101 10000110001 1100000001 1100111111 1110010001 1011110100 1101011111 1011010010 1011111101 10000001101 10000111001 1100011101 1100010101 1100000010 1011111101 21.938 43.686 1003.4 107648 16 -763 12 58 51 3 $GNGGA,120045.00,,,,,0,00,99.9,,,,,,*43
108 12 00 46 Nan Nan Nan 1101011000 1100010101 1100101010 10000000110 10000110111 1100000100 1101000011 1110001011 1011110000 1101011111 1011010011 1011111101 10000001011 10000111000 1100100100 1100010001 1100001000 1100000000 21.938 43.755 1003.4 108648 17 -766 11 59 51 3 $GNGGA,120046.00,,,,,0,00,99.9,,,,,,*40
109 12 00 47 Nan Nan Nan 1101011000 1100001111 1100100100 10000000001 10000111000 1100000001 1101000100 1110001101 1011101111 1101011111 1011010100 1100000000 10000000111 10000110111 1100100011 1100010111 1100000100 1100000000 21.938 43.793 1003.4 109648 16 -767 12 58 51 3 $GNGGA,120047.00,,,,,0,00,99.9,,,,,,*41
110 12 00 48 Nan Nan Nan 1101011000 1100010001 1100100101 10000000011 10000110110 1100001111 1101001110 1110001010 1011110001 1101011111 1011010100 1011111110 10000001101 10000111010 1100011111 1100010011 1100000110 1100000000 21.938 43.747 1003.4 110648 16 -600 11 58 52 3 $GNGGA,120048.00,,,,,0,00,99.9,,,,,,*4E
111 12 00 49 Nan Nan Nan 1101011000 1100010011 1100101000 1111111111 10000110101 1100000111 1101001000 1110001100 1011101001 1101011111 1011010010 1011111101 10000010001 10000111000 1100100110 1100010111 1100000110 1100000111 21.875 43.702 1003.4 111648 17 -769 11 58 51 3 $GNGGA,120049.00,,,,,0,00,99.9,,,,,,*4F
112 12 00 50 Nan Nan Nan 1101011000 1100010011 1100101001 10000000110 10000110111 1100001010 1101001001 1110000111 1011101100 1101011111 1011010010 1011111101 10000010101 10000111001 1100011110 1100010010 1100000100 1011111111 21.938 43.671 1003.4 112648 16 -769 11 58 52 3 $GNGGA,120050.00,,,,,0,00,99.9,,,,,,*47
113 12 00 51 Nan Nan Nan 1101011000 1100010010 1100100011 10000000011 10000110101 1100000101 1101000011 1110000101 1011101011 1101011111 1011010111 1100000010 10000001110 10000110111 1100011011 1100010001 1100001011 1011111101 21.938 43.641 1003.4 113648 17 -771 11 59 51 3 $GNGGA,120051.00,,,,,0,00,99.9,,,,,,*46
114 12 00 52 Nan Nan Nan 1101011000 1100010001 1100100101 10000000100 10000110110 1100000110 1101001001 1110001011 1011110010 1101011111 1011010111 1100000000 10000010010 10000111001 1100011111 1100010100 1100000101 1100000011 21.938 43.641 1003.4 114648 16 -771 12 58 51 3 $GNGGA,120052.00,,,,,0,00,99.9,,,,,,*45
115 12 00 53 Nan Nan Nan 1101011000 1100010100 1100101010 10000000001 10000110011 1100000111 1101001011 1110001101 1011110001 1101011111 1011010001 1011111100 10000010101 10000111011 1100100011 1100011000 1100001011 1100000000 21.938 43.633 1003.4 115648 17 -773 11 59 51 3 $GNGGA,120053.00,,,,,0,00,99.9,,,,,,*44
116 12 00 54 Nan Nan Nan 1101011000 1100010001 1100100100 10000000010 10000110101 1100000110 1101001001 1110001100 1011110110 1101011111 1011010000 1011111101 10000010000 10000111000 1100100001 1100011001 1100000001 1011110111 21.875 43.786 1003.4 116648 16 -613 12 58 51 3 $GNGGA,120054.00,,,,,0,00,99.9,,,,,,*43
117 12 00 55 Nan Nan Nan 1101011000 1100010011 1100100101 1111111111 10000110110 1100001010 1101000101 1110000111 1011111011 1101011111 1011010001 1011111101 10000010001 10000111010 1100100111 1100011000 1100000111 1100001000 21.938 43.946 1003.4 117648 16 -775 11 59 51 3 $GNGGA,120055.00,,,,,0,00,99.9,,,,,,*42
118 12 00 56 Nan Nan Nan 1101011000 1100010010 1100100111 10000000101 10000110110 1100000110 1101001100 1110000110 1011111010 1101011111 1011010011 1011111110 10000001110 10000111001 1100100100 1100010011 1100000111 1011111101 21.938 43.908 1003.4 118648 16 -776 12 58 51 3 $GNGGA,120056.00,,,,,0,00,99.9,,,,,,*41
119 12 00 57 Nan Nan Nan 1101011000 1100010100 1100100101 1111111111 10000110100 1100001011 1101001101 1110000011 1011110100 1101011111 1011010001 1011111111 10000010011 10000111010 1100011101 1100010101 1100001000 1011111101 21.938 43.831 1003.4 119648 16 -777 11 58 52 3 $GNGGA,120057.00,,,,,0,00,99.9,,,,,,*40
120 12 00 58 Nan Nan Nan 1101011000 1100001111 1100100100 10000000010 10000110101 1100000111 1101001000 1110000110 1011111001 1101011111 1011010011 1011111111 10000010010 10000110111 1100100110 1100011001 1100000100 1011110111 21.938 43.763 1003.4 120648 17 -777 11 59 51 3 $GNGGA,120058.00,,,,,0,00,99.9,,,,,,*4F
121 12 00 59 Nan Nan Nan 1101011000 1100010000 1100100011 1111111110 10000110100 1100000110 1101001000 1110000111 1011111001 1101011111 1011010011 1011111101 10000010000 10000111000 1100011111 1100010111 1100000001 1011111010 21.875 43.755 1003.4 121648 16 -779 11 58 51 4 $GNGGA,120059.00,,,,,0,00,99.9,,,,,,*4E
122 12 01 00 Nan Nan Nan 1101011000 1100010100 1100101001 10000000000 10000110011 1100000011 1101000100 1110001001 1011111001 1101011111 1011010000 1011111100 10000001100 10000111000 1100011010 1100010011 1100001010 1100001001 21.938 43.763 1003.4 122648 17 -618 11 59 51 3 $GNGGA,120100.00,,,,,0,00,99.9,,,,,,*43
123 12 01 01 Nan Nan Nan 1101011000 1100010001 1100100101 10000000010 10000110101 1100001100 1101001100 1110000111 1011110101 1101011111 1011010100 1100000000 10000010111 10000111010 1100100001 1100001111 1100001000 1100001001 21.875 43.732 1003.4 123648 16 -780 12 58 51 3 $GNGGA,120101.00,,,,,0,00,99.9,,,,,,*42
124 12 01 02 Nan Nan Nan 1101011000 1100010100 1100100110 10000001000 10000110111 1100000111 1101001000 1110000011 1011111010 1101011111 1011010001 1011111011 10000001111 10000111010 1100100001 1100010111 1100000011 1100000000 21.875 43.702 1003.4 124648 17 -781 11 59 51 3 $GNGGA,120102.00,,,,,0,00,99.9,,,,,,*41
125 12 01 03 Nan Nan Nan 1101011001 1100010001 1100101000 10000000010 10000110111 1100000011 1101000011 1110000001 1011110101 1101011111 1011001110 1011111011 10000010010 10000111100 1100100110 1100010110 1100001000 1011111100 21.875 43.671 1003.4 125648 16 -783 12 58 51 3 $GNGGA,120103.00,,,,,0,00,99.9,,,,,,*40
126 12 01 04 Nan Nan Nan 1101011000 1100010100 1100100111 10000000010 10000110110 1100001101 1101001100 1110010100 1011111101 1101011111 1011010000 1011111110 10000010101 10000111000 1100100001 1100010011 1100000110 1100000100 21.875 43.801 1003.4 126648 16 -785 11 58 52 3 $GNGGA,120104.00,,,,,0,00,99.9,,,,,,*47
127 12 01 05 Nan Nan Nan 1101011000 1100001101 1100100001 10000000000 10000110011 1100001000 1101001011 1110001100 1011101101 1101011111 1011010011 1100000000 10000010000 10000111000 1100011101 1100001110 1100001010 1100000000 21.875 43.732 1003.4 127648 17 -785 11 58 51 3 $GNGGA,120105.00,,,,,0,00,99.9,,,,,,*46
128 12 01 06 Nan Nan Nan 1101011000 1100010100 1100101010 10000001000 10000110110 1100000100 1101000101 1110001101 1011101101 1101011111 1011010010 1011111100 10000010011 10000111001 1100100001 1100011000 1100000111 1011111111 21.875 43.671 1003.4 128648 16 -624 11 58 52 3 $GNGGA,120106.00,,,,,0,00,99.9,,,,,,*45
129 12 01 07 Nan Nan Nan 1101011000 1100010100 1100100111 10000000101 10000110101 1100001010 1101001100 1110001111 1011110101 1101011111 1011010001 1011111101 10000001100 10000111000 1100100101 1100011110 1100000111 1011111100 21.875 43.625 1003.4 129648 17 -786 11 59 51 3 $GNGGA,120107.00,,,,,0,00,99.9,,,,,,*44
130 12 01 08 Nan Nan Nan 1101011000 1100010001 1100100101 10000000011 10000111000 1100001111 1101000110 1110000111 1011110101 1101011111 1011010011 1100000000 10000010001 10000111100 1100100110 1100010110 1100001101 1100000011 21.875 43.580 1003.4 130648 16 -787 12 58 51 3 $GNGGA,120108.00,,,,,0,00,99.9,,,,,,*4B
131 12 01 09 Nan Nan Nan 1101011001 1100010010 1100101000 1111111000 10000110010 1100001111 1101001000 1110001001 1011110001 1101011111 1011010110 1011111111 10000010000 10000111001 1100011111 1100010101 1100000011 1100000010 21.875 43.564 1003.4 131648 17 -789 11 59 51 3 $GNGGA,120109.00,,,,,0,00,99.9,,,,,,*4A
132 12 01 10 Nan Nan Nan 1101011000 1100001111 1100100000 10000000001 10000111000 1100001000 1101001000 1110001000 1011101010 1101011111 1011010011 1011111100 10000010000 10000111000 1100100001 1100010010 1100001011 1011111111 21.875 43.557 1003.4 132648 16 -790 12 58 51 3 $GNGGA,120110.00,,,,,0,00,99.9,,,,,,*42
133 12 01 11 Nan Nan Nan 1101011000 1100010010 1100100100 10000000110 10000111000 1100000100 1101001001 1110010010 1011110100 1101011111 1011001111 1011111101 10000010001 10000111001 1100100000 1100010101 1100001101 1011111001 21.875 43.564 1003.4 133648 16 -791 11 59 51 3 $GNGGA,120111.00,,,,,0,00,99.9,,,,,,*43
134 12 01 12 Nan Nan Nan 1101011000 1100010011 1100101001 10000000011 10000110110 1100001010 1101001011 1110010011 1011110101 1101011111 1011010011 1100000000 10000010010 10000111000 1100011010 1100010010 1100001010 1100000000 21.875 43.603 1003.4 134648 16 -628 12 58 51 3 $GNGGA,120112.00,,,,,0,00,99.9,,,,,,*40
135 12 01 13 Nan Nan Nan 1101011000 1100010010 1100100110 1111111110 10000110011 1100000110 1101000101 1110001100 1011110000 1101011111 1011010110 1100000000 10000010011 10000111010 1100100001 1100011000 1100001001 1100000010 21.875 43.633 1003.4 135648 16 -792 11 58 52 3 $GNGGA,120113.00,,,,,0,00,99.9,,,,,,*41
136 12 01 14 Nan Nan Nan 1101011000 1100010010 1100100111 10000000010 10000110111 1100000001 1101000010 1110000101 1011101110 1101011111 1011010100 1011111111 10000001111 10000111000 1100011111 1100010011 1100001011 1011111110 21.875 43.656 1003.4 136648 17 -793 11 59 51 3 $GNGGA,120114.00,,,,,0,00,99.9,,,,,,*46
137 12 01 15 Nan Nan Nan 1101011000 1100010000 1100100101 1111111111 10000110011 1100001101 1101001100 1110001001 1011101101 1101011111 1011010001 1011111110 10000010110 10000111010 1100100011 1100010100 1100000110 1011111100 21.875 43.641 1003.4 137648 16 -794 11 58 51 4 $GNGGA,120115.00,,,,,0,00,99.9,,,,,,*47
138 12 01 16 Nan Nan Nan 1101011000 1100001110 1100100010 1111111111 10000110101 1100000101 1101000011 1110001100 1011101110 1101011111 1011010011 1011111111 10000001100 10000111000 1100100010 1100011001 1100000011 1011111100 21.875 43.633 1003.4 138648 17 -793 11 59 51 3 $GNGGA,120116.00,,,,,0,00,99.9,,,,,,*44
139 12 01 17 Nan Nan Nan 1101011000 1100010110 1100101001 10000000101 10000110111 1100000110 1101000011 1110010100 1011111011 1101011111 1011010001 1011111101 10000010011 10000111000 1100100100 1100010101 1100001001 1100000001 21.875 43.580 1003.4 139648 16 -793 12 58 51 3 $GNGGA,120117.00,,,,,0,00,99.9,,,,,,*45
140 12 01 18 Nan Nan Nan 1101011000 1100010101 1100101010 1111111111 10000110111 1100000011 1101000001 1110001100 1011110001 1101011111 1011010011 1011111111 10000010100 10000111001 1100011111 1100010101 1100000111 1100000010 21.875 43.549 1003.4 140648 17 -635 11 59 51 3 $GNGGA,120118.00,,,,,0,00,99.9,,,,,,*4A
141 Nan Nan Nan Nan Nan Nan 1101011000 1100001111 1100100100 1111111011 10000110010 1100001000 1101001000 1110001101 1011111011 1101011111 1011010000 1011111110 10000001111 10000111011 1100100011 1100011010 1100001010 1011111111 21.875 43.557 1003.4 141648 16 -791 12 58 51 3 $GNGGA119.00,,,,,0,00,99.9,,,,,,*4B
142 12 01 20 Nan Nan Nan 1101011000 1100010001 1100100100 1111111110 10000110010 1100001001 1101001010 1110000010 1011111101 1101011111 1011010101 1100000000 10000010101 10000111100 1100100010 1100010100 1100001001 1011111111 21.875 43.603 1003.4 142648 16 -795 11 58 52 3 $GNGGA,120120.00,,,,,0,00,99.9,,,,,,*41
143 12 01 21 Nan 0           Nan 1101011000 1100010001 1100100100 10000000011 10000111001 1100000000 1101000000 1110000100 1011110001 1101011111 1011010100 1100000001 10000010001 10000111000 1100100000 1100010101 1100000111 1100000011 21.813 43.587 1003.4 143648 17 -793 11 58 51 3 $GNGGA,120121.,,,0,00,99.9,,,,,,*40
144 12 01 23 Nan Nan Nan 1101011000 1100010010 1100100110 10000000001 10000110101 1100000110 1101000100 1110001000 1011101010 1101011111 1011010011 1011111110 10000010110 10000111000 1100011101 1100010000 1100001001 1100000100 21.875 43.587 1003.4 144971 17 -125 11 59 51 3 $GNGGA,120123.00,,,,,0,00,99.9,,,,,,*42
145 12 01 23 Nan Nan Nan 1101011000 1100010001 1100100100 10000000101 10000110110 1100001001 1101001011 1110000100 1011110000 1101011111 1011010000 1011111110 10000010001 10000111010 1100100101 1100010111 1100000110 1100000011 21.875 43.587 1003.4 146063 16 -126 10 59 51 4 $GNGGA,120123.99,,,,,0,00,99.9,,,,,,*42
146 12 01 25 Nan Nan Nan 1101011000 1100010010 1100100101 10000000010 10000110001 1100001011 1101010001 1110001011 1011110111 1101011111 1011010011 1011111111 10000010001 10000111010 1100011011 1100010001 1100000111 1100000011 21.813 43.610 1003.4 147056 17 -205 11 59 51 3 $GNGGA,120125.00,,,,,0,00,99.9,,,,,,*44
147 12 01 26 Nan Nan Nan 1101011000 1100010101 1100101100 10000000010 10000110101 1100000101 1101000111 1110000111 1011101101 1101011111 1011010000 1011111100 10000001100 10000111001 1100011101 1100010100 1100001000 1100001000 21.813 43.648 1003.4 148056 16 -205 12 58 51 3 $GNGGA,120126.00,,,,,0,00,99.9,,,,,,*47
148 12 01 27 Nan Nan Nan 1101011000 1100010101 1100101001 10000000011 10000110110 1100001000 1101001011 1110000100 1011100100 1101011111 1011010100 1011111110 10000010000 10000111010 1100011111 1100010010 1100000110 1100000010 21.813 43.664 1003.4 149056 17 -207 11 59 51 3 $GNGGA,120127.00,,,,,0,00,99.9,,,,,,*46
149 12 01 28 Nan Nan Nan 1101011000 1100010001 1100100110 10000000010 10000110110 1100001001 1101001110 1110000011 1011101100 1101011111 1011010010 1011111111 10000001111 10000110111 1100011110 1100010000 1100000100 1100000000 21.813 43.656 1003.4 150056 16 -207 12 58 51 3 $GNGGA,120128.00,,,,,0,00,99.9,,,,,,*49
150 12 01 29 Nan Nan Nan 1101011000 1100010010 1100100101 10000000010 10000110001 1100000111 1101000100 1110000101 1011110000 1101011111 1011010101 1100000000 10000001011 10000110111 1100100010 1100010101 1100000100 1100000110 21.813 43.648 1003.4 151056 16 -209 11 59 51 3 $GNGGA,120129.00,,,,,0,00,99.9,,,,,,*48
151 12 01 30 Nan Nan Nan 1101011001 1100010001 1100100101 10000000111 10000111000 1100001011 1101001011 1110001011 1011110010 1101011111 1011010000 1011111100 10000010101 10000111011 1100011110 1100010111 1100000011 1100000111 21.813 43.770 1003.4 152135 17 -126 11 60 51 3 $GNGGA,120130.00,,,,,0,00,99.9,,,,,,*40
152 12 01 31 Nan Nan Nan 1101011000 1100010000 1100100110 10000000001 10000110011 1100000111 1101001000 1110000110 1011101011 1101011111 1011010000 1011111100 10000010011 10000111001 1100100010 1100010100 1100000010 1011111110 21.813 44.060 1003.4 153128 16 -283 12 58 51 3 $GNGGA,120131.00,,,,,0,00,99.9,,,,,,*41
153 12 01 32 Nan Nan Nan 1101011000 1100010010 1100100111 10000000011 10000111000 1100001000 1101001001 1101111101 1011100111 1101011111 1011010100 1011111111 10000001110 10000111000 1100011100 1100010000 1100000100 1100000001 21.813 44.205 1003.4 154128 16 -283 11 59 51 3 $GNGGA,120132.00,,,,,0,00,99.9,,,,,,*42
154 12 01 33 Nan Nan Nan 1101011000 1100001111 1100100101 1111111110 10000110011 1100001010 1101010010 1110000001 1011101010 1101011111 1011001110 1011111011 10000001101 10000111010 1100100001 1100010101 1100001101 1100000010 21.813 44.053 1003.4 155128 16 -286 12 58 51 3 $GNGGA,120133.00,,,,,0,00,99.9,,,,,,*43
155 12 01 34 Nan Nan Nan 1101011000 1100010011 1100100111 1111111111 10000110011 1100000111 1101001100 1101111110 1011101001 1101011111 1011010010 1011111111 10000010110 10000111011 1100100010 1100010110 1100000100 1011111000 21.813 43.900 1003.4 156128 16 -286 11 58 52 3 $GNGGA,120134.00,,,,,0,00,99.9,,,,,,*44
156 12 01 35 Nan Nan Nan 1101011000 1100010000 1100100011 1111110111 10000110111 1100000100 1101000011 1110000100 1011110000 1101011111 1011010100 1100000000 10000001101 10000111001 1100100001 1100010111 1100000100 1011111101 21.813 43.862 1003.4 157128 17 -288 11 59 51 3 $GNGGA,120135.00,,,,,0,00,99.9,,,,,,*45
157 12 01 36 Nan Nan Nan 1101011000 1100001111 1100100011 10000000111 10000110111 1100001100 1101001100 1110001011 1011110101 1101011111 1011010011 1011111110 10000001010 10000110110 1100011101 1100010011 1011111110 1011110111 21.813 43.816 1003.4 158129 17 -126 10 59 51 4 $GNGGA,120136.00,,,,,0,00,99.9,,,,,,*46
158 12 01 37 Nan Nan Nan 1101011000 1100010011 1100100111 10000000000 10000110110 1100001010 1101001011 1110000110 1011110111 1101011111 1011010011 1011111110 10000001011 10000111000 1100011110 1100010010 1100000101 1011111111 21.813 43.831 1003.4 159129 17 -290 11 59 51 3 $GNGGA,120137.00,,,,,0,00,99.9,,,,,,*47
159 12 01 38 Nan Nan Nan 1101011000 1100001101 1100100010 1111111100 10000110010 1100001111 1101010000 1110001100 1011110101 1101011111 1011010100 1011111110 10000010001 10000111010 1100011101 1100010111 1100001000 1100000110 21.813 43.816 1003.4 160129 16 -289 12 58 51 3 $GNGGA,120138.00,,,,,0,00,99.9,,,,,,*48
160 12 01 39 Nan Nan Nan 1101011000 1100010010 1100100110 1111111110 10000110110 1100001000 1101001100 1110010000 1011110100 1101011111 1011010000 1011111111 10000001010 10000111000 1100011111 1100010011 1100001000 1011111100 21.813 43.770 1003.4 161129 17 -291 11 59 51 3 $GNGGA,120139.00,,,,,0,00,99.9,,,,,,*49
161 12 01 40 Nan Nan Nan 1101011000 1100010010 1100100101 10000000101 10000110100 1100001000 1101001010 1110001010 1011110100 1101011111 1011001111 1011111101 10000010000 10000111100 1100100010 1100010100 1100000111 1011111101 21.813 43.732 1003.4 162129 16 -294 12 58 51 3 $GNGGA,120140.00,,,,,0,00,99.9,,,,,,*47
162 12 01 41 Nan Nan Nan 1101011000 1100010011 1100101001 1111111111 10000110100 1100001010 1101001010 1110000101 1011111000 1101011111 1011010001 1011111111 10000001101 10000111001 1100100101 1100010110 1100000001 1011111011 21.813 43.702 1003.4 163129 16 -293 11 58 52 3 $GNGGA,120141.00,,,,,0,00,99.9,,,,,,*46
163 12 01 42 Nan Nan Nan 1101011000 1100010001 1100100110 10000000100 10000110110 1100001000 1101000110 1110000111 1011110011 1101011111 1011010001 1011111100 10000001011 10000110111 1100011101 1100010101 1100000111 1011111110 21.813 43.747 1003.4 164129 17 -131 10 58 51 4 $GNGGA,120142.00,,,,,0,00,99.9,,,,,,*45
164 12 01 43 Nan Nan Nan 1101011000 1100001110 1100100100 10000000110 10000110111 1100001011 1101001100 1110000001 1011110101 1101011111 1011010001 1100000000 10000010000 10000111001 1100100010 1100010111 1100001001 1100000011 21.813 43.717 1003.4 165129 16 -295 11 58 52 3 $GNGGA,120143.00,,,,,0,00,99.9,,,,,,*44
165 12 01 44 Nan Nan Nan 1101011000 1100010001 1100100011 10000000010 10000111000 1100000100 1101001010 1110000111 1011110010 1101011111 1011010100 1011111111 10000010010 10000111001 1100011011 1100010000 1100000101 1100000001 21.813 43.679 1003.4 166129 17 -298 11 59 51 3 $GNGGA,120144.00,,,,,0,00,99.9,,,,,,*43
166 12 01 45 Nan Nan Nan 1101011000 1100010001 1100100100 1111111101 10000110100 1100000100 1101001001 1101111100 1011100110 1101011111 1011001111 1011111111 10000001011 10000110110 1100011011 1100010100 1100000100 1011111100 21.813 43.725 1003.4 167129 16 -297 12 58 51 3 $GNGGA,120145.00,,,,,0,00,99.9,,,,,,*42
167 12 01 46 Nan Nan Nan 1101011000 1100010011 1100100111 1111111010 10000110101 1100000010 1101000010 1110001110 1011110101 1101011111 1011001111 1011111110 10000010010 10000111010 1100100011 1100010111 1100001010 1100000101 21.813 43.793 1003.4 168129 17 -299 11 59 51 3 $GNGGA,120146.00,,,,,0,00,99.9,,,,,,*41
168 12 01 47 Nan Nan Nan 1101011000 1100001111 1100100101 1111111011 10000110101 1100000111 1101000110 1110000011 1011101111 1101011111 1011010100 1011111110 10000001110 10000111001 1100011100 1100010110 1100001001 1011111110 21.813 43.847 1003.4 169129 16 -299 12 58 51 3 $GNGGA,120147.00,,,,,0,00,99.9,,,,,,*40
169 12 01 48 Nan Nan Nan 1101011000 1100010001 1100100110 1111111010 10000110011 1100000100 1101000100 1110001101 1011101111 1101011111 1011010101 1011111110 10000010000 10000111011 1100011111 1100010101 1100001000 1100000000 21.813 43.892 1003.4 170129 16 -137 11 59 51 3 $GNGGA,120148.00,,,,,0,00,99.9,,,,,,*4F
170 12 01 49 Nan Nan Nan 1101011000 1100010011 1100100111 10000000001 10000111000 1100000111 1101001000 1110001010 1011101001 1101011111 1011010011 1011111100 10000001001 10000110110 1100100010 1100010101 1100000110 1100000011 21.813 43.885 1003.4 171129 16 -302 12 58 51 3 $GNGGA,120149.00,,,,,0,00,99.9,,,,,,*4E
171 12 01 50 Nan Nan Nan 1101011000 1100010010 1100100111 1111111010 10000110100 1100001000 1101001111 1110000111 1011101001 1101011111 1011010010 1011111110 10000001110 10000111010 1100011100 1100010010 1100000110 1100001000 21.813 43.809 1003.4 172129 16 -302 11 58 52 3 $GNGGA,120150.00,,,,,0,00,99.9,,,,,,*46
172 12 01 51 Nan Nan Nan 1101011000 1100010000 1100100011 10000000111 10000111001 1100001110 1101010001 1110000101 1011110011 1101011111 1011010101 1011111110 10000010000 10000111010 1100100010 1100010111 1100000110 1100000100 21.813 43.740 1003.4 173129 17 -304 11 59 51 3 $GNGGA,120151.00,,,,,0,00,99.9,,,,,,*47
173 12 01 52 Nan Nan Nan 1101011000 1100010100 1100101001 10000000100 10000110101 1100000101 1101000111 1110001100 1011110001 1101011111 1011010001 1011111110 10000010100 10000111010 1100100001 1100010111 1100000110 1011111001 21.813 43.686 1003.4 174129 16 -305 11 58 51 4 $GNGGA,120152.00,,,,,0,00,99.9,,,,,,*44
174 12 01 53 Nan Nan Nan 1101011000 1100010001 1100100101 10000000101 10000110101 1100001000 1101001010 1110001001 1011101111 1101011111 1011010000 1011111001 10000001110 10000111010 1100100011 1100010110 1100000110 1100000000 21.813 43.709 1003.4 175129 17 -305 11 59 51 3 $GNGGA,120153.00,,,,,0,00,99.9,,,,,,*45
175 12 01 54 Nan Nan Nan 1101011000 1100010011 1100100111 1111111100 10000110100 1100001011 1101001010 1110000011 1011101110 1101011111 1011010011 1011111110 10000010000 10000111000 1100011110 1100010100 1100000111 1011111111 21.750 43.770 1003.4 176129 16 -142 12 58 51 3 $GNGGA,120154.00,,,,,0,00,99.9,,,,,,*42
176 12 01 55 Nan Nan Nan 1101011000 1100010000 1100100101 10000000101 10000110100 1100000101 1100111101 1110000001 1011101010 1101011111 1011010001 1011111110 10000001111 10000111000 1100100000 1100010111 1100000001 1011111100 21.750 43.877 1003.4 177129 17 -308 11 59 51 3 $GNGGA,120155.00,,,,,0,00,99.9,,,,,,*43
177 12 01 56 Nan Nan Nan 1101011000 1100010000 1100100101 10000000111 10000110100 1100001011 1101001110 1110001011 1011110001 1101011111 1011010000 1011111110 10000010010 10000111001 1100100001 1100010001 1100001001 1100000011 21.750 43.847 1003.4 178129 16 -308 12 58 51 3 $GNGGA,120156.00,,,,,0,00,99.9,,,,,,*40
178 12 01 57 Nan Nan Nan 1101011000 1100010011 1100100111 10000000100 10000110100 1100000100 1101000110 1110001000 1011101111 1101011111 1011010100 1011111111 10000001100 10000111000 1100100000 1100010110 1100000110 1100000011 21.813 43.809 1003.4 179129 16 -308 11 58 52 3 $GNGGA,120157.00,,,,,0,00,99.9,,,,,,*41
179 12 01 58 Nan Nan Nan 1101011001 1100010010 1100100101 1111111111 10000110101 1100001000 1101000111 1110000110 1011110011 1101011111 1011010010 1011111110 10000001100 10000111001 1100011100 1100010000 1100000010 1011111010 21.750 43.786 1003.4 180129 17 -311 11 58 51 3 $GNGGA,120158.00,,,,,0,00,99.9,,,,,,*4E
180 12 01 59 Nan Nan Nan 1101011001 1100010100 1100100110 10000000011 10000110101 1100001001 1101001111 1110001111 1011111000 1101011111 1011010001 1011111110 10000001100 10000111000 1100011110 1100010110 1100001000 1100000110 21.750 43.755 1003.4 181129 16 -312 11 58 52 3 $GNGGA,120159.00,,,,,0,00,99.9,,,,,,*4F
181 12 02 00 Nan Nan Nan 1101011000 1100010011 1100100101 1111111111 10000110101 1100000110 1101000011 1110001100 1011101110 1101011111 1011010010 1011111111 10000010011 10000111011 1100100001 1100010111 1100001010 1100000011 21.750 43.854 1003.4 182129 17 -148 11 59 51 3 $GNGGA,120200.00,,,,,0,00,99.9,,,,,,*40
182 12 02 01 Nan Nan Nan 1101011000 1100010011 1100100111 1111111100 10000110011 1100000110 1101001001 1110010001 1011101110 1101011111 1011010010 1011111110 10000001001 10000111000 1100100011 1100010001 1100000111 1011111111 21.750 43.923 1003.4 183129 16 -313 12 58 51 3 $GNGGA,120201.00,,,,,0,00,99.9,,,,,,*41
183 12 02 02 Nan Nan Nan 1101011000 1100010100 1100101010 10000000100 10000111010 1100000100 1101000110 1110001000 1011101001 1101011111 1011010011 1011111100 10000001011 10000111000 1100011111 1100010101 1011111111 1011110101 21.750 44.022 1003.4 184129 17 -315 11 59 51 3 $GNGGA,120202.00,,,,,0,00,99.9,,,,,,*42
184 12 02 03 Nan Nan Nan 1101011000 1100010001 1100100111 1111111101 10000110110 1100000010 1101000110 1110001010 1011100110 1101011111 1011010001 1011111110 10000010011 10000111001 1100100001 1100010101 1011111111 1100000001 21.750 44.037 1003.4 185129 16 -315 12 58 51 3 $GNGGA,120203.00,,,,,0,00,99.9,,,,,,*43
185 12 02 04 Nan Nan Nan 1101011000 1100010001 1100100110 10000000000 10000110101 1100000101 1101000110 1110001000 1011101100 1101011111 1011010101 1011111101 10000010000 10000111001 1100011011 1100010011 1100001001 1100000001 21.813 43.946 1003.4 186129 16 -317 11 59 51 3 $GNGGA,120204.00,,,,,0,00,99.9,,,,,,*44
186 12 02 05 Nan Nan Nan 1101011001 1100010000 1100100100 1111111011 10000110100 1100001000 1101000111 1110001100 1011101111 1101011111 1011010010 1011111110 10000001110 10000111000 1100100111 1100011001 1100000010 1100000100 21.750 43.885 1003.4 187129 16 -318 12 58 51 3 $GNGGA,120205.00,,,,,0,00,99.9,,,,,,*45
187 12 02 06 Nan Nan Nan 1101011000 1100010010 1100101001 10000000001 10000111000 1100001000 1101000101 1110001101 1011110100 1101011111 1011010111 1011111111 10000001110 10000111000 1100100001 1100010011 1100000100 1100000101 21.750 43.824 1003.4 188129 16 -155 11 58 52 3 $GNGGA,120206.00,,,,,0,00,99.9,,,,,,*46
188 12 02 07 Nan Nan Nan 1101011000 1100001111 1100100101 10000000001 10000110101 1100000101 1101000111 1110010110 1011110100 1101011111 1011010100 1100000010 10000001011 10000111000 1100100010 1100010101 1100000101 1011110111 21.750 43.816 1003.4 189129 17 -319 11 59 51 3 $GNGGA,120207.00,,,,,0,00,99.9,,,,,,*47
189 12 02 08 Nan Nan Nan 1101011000 1100010001 1100100100 1111111000 10000110101 1100001000 1101001010 1110001011 1011110110 1101011111 1011010011 1011111111 10000010001 10000111010 1100011100 1100010001 1100000110 1100000010 21.750 43.854 1003.4 190129 16 -320 11 58 51 4 $GNGGA,120208.00,,,,,0,00,99.9,,,,,,*48
190 12 02 09 Nan Nan Nan 1101011000 1100010000 1100100010 1111111111 10000110110 1100001001 1101000011 1110001010 1011110010 1101011111 1011001111 1011111010 10000010010 10000111010 1100010110 1100010000 1100001010 1100000001 21.750 43.870 1003.4 191129 17 -322 11 59 51 3 $GNGGA,120209.00,,,,,0,00,99.9,,,,,,*49
191 12 02 10 Nan Nan Nan 1101011000 1100001111 1100100011 10000000010 10000110111 1100000100 1101001000 1110001011 1011110011 1101011111 1011010000 1011111100 10000010110 10000111010 1100011010 1100010101 1100000001 1100000101 21.750 43.877 1003.4 192129 16 -321 12 58 51 3 $GNGGA,120210.00,,,,,0,00,99.9,,,,,,*41
192 12 02 11 Nan Nan Nan 1101011000 1100001111 1100100100 10000000101 10000110111 1100000101 1101001001 1110001111 1011110010 1101011111 1011010100 1011111110 10000010001 10000110111 1100100000 1100010111 1100001000 1100000110 21.750 43.908 1003.4 193129 17 -324 11 59 51 3 $GNGGA,120211.00,,,,,0,00,99.9,,,,,,*40
193 12 02 12 Nan Nan Nan 1101011000 1100010110 1100101010 10000001101 10000110110 1100001101 1101001101 1110001111 1011111010 1101011111 1011010010 1011111101 10000010010 10000111011 1100100000 1100010101 1100001000 1100000101 21.750 43.824 1003.4 194129 16 -165 12 58 51 3 $GNGGA,120212.00,,,,,0,00,99.9,,,,,,*43
194 12 02 13 Nan Nan Nan 1101011000 1100010000 1100100110 10000000100 10000110110 1100000100 1101000100 1110001011 1011110001 1101011111 1011010101 1011111111 10000010100 10000111010 1100011110 1100010100 1100000011 1011110101 21.750 43.778 1003.4 195129 16 -326 11 58 52 3 $GNGGA,120213.00,,,,,0,00,99.9,,,,,,*42
195 12 02 14 Nan Nan Nan 1101011000 1100010010 1100100011 10000000011 10000110101 1100001000 1101001010 1110000100 1011101000 1101011111 1011010010 1011111110 10000010001 10000111010 1100100010 1100010111 1100000110 1100000001 21.750 43.770 1003.4 196129 17 -325 11 58 51 3 $GNGGA,120214.00,,,,,0,00,99.9,,,,,,*45
196 12 02 15 Nan Nan Nan 1101011000 1100010010 1100100111 10000001000 10000110101 1100001010 1101001010 1110000110 1011110110 1101011111 1011010011 1011111111 10000010010 10000111011 1100100010 1100010110 1100000100 1011111011 21.750 43.862 1003.4 197129 16 -328 11 58 52 3 $GNGGA,120215.01,,,,,0,00,99.9,,,,,,*45
197 12 02 16 Nan Nan Nan 1101011000 1100001111 1100100010 10000000100 10000111001 1100001110 1101001100 1110000011 1011101011 1101011111 1011010011 1011111101 10000011000 10000111010 1100100000 1100010011 1100000100 1011111010 21.750 43.908 1003.4 198129 17 -336 11 59 51 3 $GNGGA,120216.00,,,,,0,00,99.9,,,,,,*47
198 12 02 17 Nan Nan Nan 1101011000 1100010100 1100101001 10000000010 10000110110 1100000011 1101001000 1110000101 1011101001 1101011111 1011010001 1011111011 10000010011 10000111010 1100011111 1100010101 1100000011 1011111101 21.750 43.885 1003.4 199129 16 -336 12 58 51 3 $GNGGA,120217.00,,,,,0,00,99.9,,,,,,*46
199 12 02 18 Nan Nan Nan 1101011001 1100010100 1100101000 10000000110 10000110110 1100000000 1101000110 1110001001 1011110001 1101011111 1011010111 1100000000 10000001110 10000111000 1100011110 1100010001 1100001110 1100001000 21.750 43.862 1003.4 200129 17 -169 11 59 51 3 $GNGGA,120218.00,,,,,0,00,99.9,,,,,,*49
200 12 02 19 Nan Nan Nan 1101011000 1100010011 1100101001 10000000001 10000110101 1100000101 1101001000 1110000110 1011101110 1101011111 1011010101 1011111111 10000001101 10000110110 1100011100 1100010010 1100001101 1100000110 21.750 43.854 1003.4 201129 16 -339 12 58 51 3 $GNGGA,120219.00,,,,,0,00,99.9,,,,,,*48
201 12 02 19 Nan Nan Nan 1101011000 1100001101 1100100010 1111111011 10000110100 1100000110 1101001001 1110001000 1011110010 1101011111 1011001110 1011111110 10000010011 10000111010 1100100010 1100010110 1100001001 1100000011 21.750 43.824 1003.4 202129 16 -340 11 59 51 3 $GNGGA,120219.99,,,,,0,00,99.9,,,,,,*48
202 12 02 21 Nan Nan Nan 1101011000 1100010011 1100100110 1111111111 10000110011 1100001100 1101001101 1110000101 1011110001 1101011111 1011010011 1100000000 10000010011 10000111001 1100100100 1100011000 1100001001 1011111010 21.750 43.801 1003.4 203129 16 -333 12 58 51 3 $GNGGA,120221.00,,,,,0,00,99.9,,,,,,*43
203 12 02 22 Nan Nan Nan 1101011000 1100010010 1100100111 1111111010 10000110001 1100000011 1101000101 1110001001 1011110111 1101011111 1011010000 1011111101 10000000111 10000110111 1100011111 1100011000 1100000101 1011111010 21.750 43.793 1003.4 204129 16 -334 11 58 52 3 $GNGGA,120222.00,,,,,0,00,99.9,,,,,,*40
204 12 02 23 Nan Nan Nan 1101011000 1100010000 1100100100 1111111111 10000110011 1100000110 1101000011 1110000010 1011101100 1101011111 1011010111 1011111110 10000010010 10000111001 1100011101 1100010011 1100000011 1100000000 21.750 43.809 1003.4 205129 17 -334 11 59 51 3 $GNGGA,120223.00,,,,,0,00,99.9,,,,,,*41
205 12 02 24 Nan Nan Nan 1101011000 1100010000 1100100011 10000000010 10000110010 1100001000 1101001001 1110001100 1011111010 1101011111 1011010100 1011111111 10000001011 10000111000 1100100000 1100010111 1100000110 1100000111 21.750 43.885 1003.4 206129 16 -178 11 58 51 4 $GNGGA,120224.00,,,,,0,00,99.9,,,,,,*46
206 12 02 25 Nan Nan Nan 1101011000 1100010000 1100100101 1111111101 10000110000 1100000011 1101000101 1110001010 1011110001 1101011111 1011010100 1011111111 10000010010 10000111011 1100100000 1100010100 1100000101 1011111111 21.750 43.870 1003.4 207129 17 -338 11 59 51 3 $GNGGA,120225.00,,,,,0,00,99.9,,,,,,*47
207 12 02 26 Nan Nan Nan 1101011000 1100010100 1100101010 10000000000 10000110110 1100001110 1101000110 1110001001 1011101100 1101011111 1011010000 1011111100 10000010001 10000111001 1100100011 1100010101 1100000010 1011111010 21.750 43.885 1003.4 208129 16 -346 12 58 51 3 $GNGGA,120226.00,,,,,0,00,99.9,,,,,,*44
208 12 02 27 Nan Nan Nan 1101011000 1100010010 1100101000 10000000000 10000110110 1100001011 1101001100 1110000111 1011100100 1101011111 1011010010 1011111111 10000001110 10000111001 1100011011 1100010001 1100000101 1011111010 21.750 43.915 1003.4 209129 17 -346 11 59 51 3 $GNGGA,120227.00,,,,,0,00,99.9,,,,,,*45
209 12 02 27 Nan Nan Nan 1101011000 1100010101 1100101011 10000001000 10000111001 1100000101 1101001011 1110001110 1011110001 1101011111 1011001111 1011111100 10000001111 10000111001 1100011111 1100010101 1100000110 1011111111 21.750 43.915 1003.4 210129 16 -348 12 58 51 3 $GNGGA,120227.99,,,,,0,00,99.9,,,,,,*45
