id HH MM SS longitude latitude altitude adc_1_ch0 adc_1_ch1 adc_1_ch2 adc_1_ch3 adc_1_ch4 adc_1_ch5 adc_1_ch6 adc_1_ch7 adc_1_ch8 adc_2_ch0 adc_2_ch1 adc_2_ch2 adc_2_ch3 adc_2_ch4 adc_2_ch5 adc_2_ch6 adc_2_ch7 adc_2_ch8 temp hum pres t_prog t_gps t_split t_adc t_temp t_hum t_pres trame_gga
0 Nan Nan Nan Nan Nan Nan 1101010110 111111111111 111111111111 111 1101111 111111111111 111111111111 111111111111 111010100111 1101011100 100 101001101001 101 1101111 111111111111 111111111111 111111111111 111111111111 21.313 57.015 795.83 761 16 0 11 59 50 4 $GNGGA,,,,,,0,00,99.9,,,,,,*6F
0 Nan Nan Nan Nan Nan Nan 1101010110 111111111111 111111111111 111 1101101 111111111111 111111111111 111111111111 110111110011 1101011100 100 100101101000 101 1101111 111111111111 111111111111 111111111111 111111111111 21.313 57.145 1006.8 1312 17 0 10 59 50 4 $GNGGA,,,,,,0,00,99.9,,,,,,*6F
1 Nan Nan Nan Nan Nan Nan 1101010110 111111111111 111111111111 111 1101100 111111111111 111111111111 111111111111 110011011010 1101011100 100 11111111111 101 1101110 111111111111 111111111111 111111111111 111111111111 21.313 57.076 1006.8 2312 17 0 9 58 52 4 $GNGGA,,,,,,0,00,99.9,,,,,,*6F
1 Nan Nan Nan Nan Nan Nan 1101010110 111111111111 111111111111 111 1101100 111111111111 111111111111 111111111111 101111001110 1101011100 1110110 11011110100 101 1101110 111111111111 111111111111 111111111111 111111111111 21.313 57.091 1006.8 3310 18 0 10 60 51 3 $GNGGA,,,,,,0,00,99.9,,,,,,*6F
1 Nan Nan Nan Nan Nan Nan 1101010110 111111111111 111111111111 111 1101100 111111111111 111111111111 111111111111 101011101010 1101011100 11111000 11000101110 101 1101110 111111111111 111111111111 111111111111 111111111111 21.313 57.290 1006.8 4310 16 0 11 58 51 4 $GNGGA,,,,,,0,00,99.9,,,,,,*6F
2 Nan Nan Nan Nan Nan Nan 1101010110 111111111111 111111111111 111 1101100 111111111111 111111111111 111111111111 101000010111 1101011100 101001111 10110010100 101 1101110 111111111111 111111111111 111111111111 111111111111 21.313 57.206 1006.8 5309 18 0 10 59 51 3 $GNGGA,,,,,,0,00,99.9,,,,,,*6F
2 Nan Nan Nan Nan Nan Nan 1101010110 111111111111 111111111111 1000 1101011 111111111111 111111111111 111111111111 100101100100 1101011100 110010011 10100100101 101 1101110 111111111111 111111111111 111111111111 111111111111 21.313 57.000 1006.8 6307 16 0 11 59 50 4 $GNGGA,,,,,,0,00,99.9,,,,,,*6F
3 Nan Nan Nan Nan Nan Nan 1101010110 111111111111 111111111111 111 1101011 111111111111 111111111111 111111111111 100011000101 1101011100 110111110 10011001011 101 1101110 111111111111 111111111111 111111111111 111111111111 21.313 56.740 1006.7 7307 17 0 9 58 52 4 $GNGGA,,,,,,0,00,99.9,,,,,,*6F
3 Nan Nan Nan Nan Nan Nan 1101010110 111111111111 111111111111 111 1101011 111111111111 111111111111 111111111111 100000101111 1101011100 111100011 10010001000 101 1101110 111111111111 111111111111 111111111111 111111111111 21.313 56.572 1006.7 8307 17 -1 10 60 50 4 $GNGGA,,,,,,0,00,99.9,,,,,,*6F
4 Nan Nan Nan Nan Nan Nan 1101010110 111111111111 111111111111 111 1101010 111111111111 111111111111 111111111111 11110100110 1101011100 111111111 10001010100 101 1101101 111111111111 111111111111 111111111111 111111111111 21.313 56.412 1006.8 9306 17 0 10 58 51 4 $GNGGA,,,,,,0,00,99.9,,,,,,*6F
4 Nan Nan Nan Nan Nan Nan 1101010110 111111111111 111111111111 111 1101001 111111111111 111111111111 111111111111 11100101010 1101011100 1000010100 10000100111 101 1101011 111111111111 111111111111 111111111111 111111111111 21.313 56.283 1006.7 10304 17 0 10 59 51 4 $GNGGA,,,,,,0,00,99.9,,,,,,*6F
5 Nan Nan Nan Nan Nan Nan 1101010110 111111111111 111111111111 111 1101001 111111111111 111111111111 111111111111 11011001011 1101011100 1000101000 10000000110 101 1101010 111111111111 111111111111 111111111111 111111111111 21.313 56.176 1006.8 11304 17 0 11 58 51 3 $GNGGA,,,,,,0,00,99.9,,,,,,*6F
6 Nan Nan Nan Nan Nan Nan 1101010110 111111111111 111111111111 111 1101001 111111111111 111111111111 111111111111 11001101100 1101011100 1000111010 1111101100 101 1101010 111111111111 111111111111 111111111111 111111111111 21.313 56.099 1006.7 12304 17 0 10 60 51 3 $GNGGA,,,,,,0,00,99.9,,,,,,*6F
6 Nan Nan Nan Nan Nan Nan 1101010110 111111111111 111111111111 111 1101000 111111111111 111111111111 111111111111 11000011111 1101011100 1001000101 1111010110 101 1101010 111111111111 111111111111 111111111111 111111111111 21.313 56.046 1006.7 13302 17 0 10 59 50 4 $GNGGA,,,,,,0,00,99.9,,,,,,*6F
7 Nan Nan Nan Nan Nan Nan 1101010110 111111111111 111111111111 111 1100111 111111111111 111111111111 111111111111 10111010111 1101011100 1001001100 1111000001 101 1101010 111111111111 111111111111 111111111111 111111111111 21.313 56.016 1006.7 14302 16 0 10 59 52 3 $GNGGA,,,,,,0,00,99.9,,,,,,*6F
