id HH MM SS longitude latitude altitude adc_1_ch0 adc_1_ch1 adc_1_ch2 adc_1_ch3 adc_1_ch4 adc_1_ch5 adc_1_ch6 adc_1_ch7 adc_1_ch8 adc_2_ch0 adc_2_ch1 adc_2_ch2 adc_2_ch3 adc_2_ch4 adc_2_ch5 adc_2_ch6 adc_2_ch7 adc_2_ch8 temp hum pres t_prog t_gps t_split t_adc t_temp t_hum t_pres trame_gga
0 Nan Nan Nan Nan Nan Nan 1101010110 111111111111 111111111111 111 1100100 111111111111 111111111111 111111111111 1111101101 1101011100 1010001010 1101011000 101 1101000 111111111111 111111111111 111111111111 111111111111 21.313 56.702 795.83 756 17 -126 10 59 51 3 $GNGGA,,,,,,0,00,99.9,,,,,,*6F
0 Nan Nan Nan Nan Nan Nan 1101010110 111111111111 111111111111 111 1100101 111111111111 111111111111 111111111111 1111100110 1101011100 1010001101 1101011010 101 1101000 111111111111 111111111111 111111111111 111111111111 21.313 56.679 1006.7 1546 17 -126 9 58 52 4 $GNGGA,,,,,,0,00,99.9,,,,,,*6F
0 Nan Nan Nan Nan Nan Nan 1101010110 111111111111 111111111111 111 1101001 111111111111 111111111111 111111111111 1111001101 1101011100 1010001101 1101010001 101 1100111 111111111111 111111111111 111111111111 111111111111 21.313 56.733 1006.7 2545 17 -126 10 60 50 4 $GNGGA,,,,,,0,00,99.9,,,,,,*6F
0 Nan Nan Nan Nan Nan Nan 1101010110 111111111111 111111111111 110 1101110 111111111111 111111111111 111111111111 1111000111 1101011100 1010001111 1101001110 101 1100111 111111111111 111111111111 111111111111 111111111111 21.313 56.611 1006.7 3545 17 -126 9 58 51 5 $GNGGA,,,,,,0,00,99.9,,,,,,*6F
1 Nan Nan Nan Nan Nan Nan 1101010110 111111111111 111111111111 111 1110110 111111111111 111111111111 111111111111 1110110001 1101011100 1010010010 1101001101 101 1100111 111111111111 111111111111 111111111111 111111111111 21.313 56.466 1006.7 4544 18 -126 10 60 51 3 $GNGGA,,,,,,0,00,99.9,,,,,,*6F
1 Nan Nan Nan Nan Nan Nan 1101010110 111111111111 111111111111 111 10000100 111111111111 111111111111 111111111111 1110011101 1101011100 1010010101 1101001001 101 1100110 111111111111 111111111111 111111111111 111111111111 21.313 56.351 1006.7 5543 16 -126 11 59 51 3 $GNGGA,,,,,,0,00,99.9,,,,,,*6F
2 Nan Nan Nan Nan Nan Nan 1101010110 111111111111 111111111111 111 10001111 111111111111 111111111111 111111111111 1110000100 1101011100 1010010110 1101000111 101 1100110 111111111111 111111111111 111111111111 111111111111 21.313 56.267 1006.7 6542 17 -126 9 58 52 4 $GNGGA,,,,,,0,00,99.9,,,,,,*6F
2 Nan Nan Nan Nan Nan Nan 1101010110 111111111111 111111111111 110 10011110 111111111111 111111111111 111111111111 1100101000 1101011100 1010011001 1101000111 101 1100110 111111111111 111111111111 111111111111 111111111111 21.313 56.214 1006.7 7541 17 -126 10 58 51 4 $GNGGA,,,,,,0,00,99.9,,,,,,*6F
3 Nan Nan Nan Nan Nan Nan 1101010110 111101111010 111111111111 110 10101010 111111111111 111111111111 111111111111 1011110110 1101011100 1010010111 1101000011 101 1100110 111111111111 111111111111 111111111111 111111111111 21.313 56.222 1006.7 8541 16 -126 10 59 51 4 $GNGGA,,,,,,0,00,99.9,,,,,,*6F
3 Nan Nan Nan Nan Nan Nan 1101010110 111010111111 111010111100 110 10111011 111111111111 111111111111 111111111111 1011000111 1101011100 1010011110 1101000100 101 1100101 111111111111 111111111111 111111111111 111111111111 21.313 56.229 1006.7 9540 17 -125 10 60 50 4 $GNGGA,,,,,,0,00,99.9,,,,,,*6F
3 Nan Nan Nan Nan Nan Nan 1101010110 111000100101 110110101010 110 11001010 111111111111 111111111111 111111111111 1010100111 1101011100 1010011100 1101000000 101 1100101 111111111111 111111111111 111111111111 111111111111 21.313 56.206 1006.7 10539 16 -125 11 59 50 4 $GNGGA,,,,,,0,00,99.9,,,,,,*6F
4 Nan Nan Nan Nan Nan Nan 1101010110 110110011111 110011001001 110 11011000 111111111111 111111111111 111111111111 1010001101 1101011100 1010011111 1100111111 101 1100100 111111111111 111111111111 111111111111 111111111111 21.313 56.206 1006.7 11538 18 -126 9 59 51 4 $GNGGA,,,,,,0,00,99.9,,,,,,*6F
4 Nan Nan Nan Nan Nan Nan 1101010110 110100101011 110000001111 110 11101000 111111111111 111111111111 111111111111 1001101110 1101011100 1010100000 1100111111 101 1100100 111111111111 111111111111 111111111111 111111111111 21.375 56.222 1006.7 12537 16 -126 11 59 50 4 $GNGGA,,,,,,0,00,99.9,,,,,,*6F
4 Nan Nan Nan Nan Nan Nan 1101010110 110011000101 101101110100 110 11111011 111111111111 111111111111 111111111111 1001101001 1101011100 1010100010 1100111111 101 1100100 111111111111 111111111111 111111111111 111111111111 21.313 56.199 1006.7 13537 16 -125 10 59 51 4 $GNGGA,,,,,,0,00,99.9,,,,,,*6F
4 Nan Nan Nan Nan Nan Nan 1101010110 110001101000 101011101010 110 100000110 111111111111 111111111111 111111111111 1001010110 1101011100 1010100100 1100111100 101 1100011 111111111111 111111111111 111111111111 111111111111 21.313 56.153 1006.7 14536 17 -125 10 60 50 4 $GNGGA,,,,,,0,00,99.9,,,,,,*6F
5 Nan Nan Nan Nan Nan Nan 1101010110 110000010101 101001111011 110 100010011 111111111111 111111111111 111111111111 1001010100 1101011100 1010100110 1100111010 101 1100011 111111111111 111111111111 111111111111 111111111111 21.313 56.122 1006.7 15535 17 -126 9 58 51 5 $GNGGA,,,,,,0,00,99.9,,,,,,*6F
5 Nan Nan Nan Nan Nan Nan 1101010110 101111001010 101000011001 110 100100011 111111111111 111111111111 111111111111 1001010011 1101011100 1010100010 1100111000 101 1100011 111111111111 111111111111 111111111111 111111111111 21.313 56.122 1006.7 16534 17 -126 10 59 51 4 $GNGGA,,,,,,0,00,99.9,,,,,,*6F
5 Nan Nan Nan Nan Nan Nan 1101010110 101110000100 100110111110 110 100101111 111111111111 111111111111 111111111111 1001001010 1101011100 1010100110 1100111000 101 1100011 111111111111 111111111111 111111111111 111111111111 21.313 56.115 1006.7 17532 17 -126 11 58 51 3 $GNGGA,,,,,,0,00,99.9,,,,,,*6F
6 Nan Nan Nan Nan Nan Nan 1101010110 101101001010 100101110100 110 100111100 111111111111 111111111111 111111111111 1001001111 1101011100 1010101011 1100111010 101 1100010 111111111111 111111111111 111111111111 111111111111 21.313 56.115 1006.7 18533 16 -126 10 60 50 4 $GNGGA,,,,,,0,00,99.9,,,,,,*6F
6 Nan Nan Nan Nan Nan Nan 1101010110 101100001010 100100101011 110 101001010 111111111111 111111111111 111111111111 1001010010 1101011100 1010100111 1100110001 101 1100011 111111111111 111111111111 111111111111 111111111111 21.313 56.115 1006.7 19531 17 -126 10 59 50 4 $GNGGA,,,,,,0,00,99.9,,,,,,*6F
6 Nan Nan Nan Nan Nan Nan 1101010110 101011011010 100011110100 110 101010111 111111111111 111111111111 111111111111 1001011010 1101011100 1010101010 1100110101 101 1100011 111111111111 111111111111 111111111111 111111111111 21.313 56.122 1006.7 20531 16 -126 10 59 52 3 $GNGGA,,,,,,0,00,99.9,,,,,,*6F
