id HH MM SS longitude latitude altitude adc_1_ch0 adc_1_ch1 adc_1_ch2 adc_1_ch3 adc_1_ch4 adc_1_ch5 adc_1_ch6 adc_1_ch7 adc_1_ch8 adc_2_ch0 adc_2_ch1 adc_2_ch2 adc_2_ch3 adc_2_ch4 adc_2_ch5 adc_2_ch6 adc_2_ch7 adc_2_ch8 temp hum pres t_prog t_gps t_split t_adc t_temp t_hum t_pres trame_gga
0 Nan Nan Nan Nan Nan Nan 1101010111 1000 1110010 1000 1110010 111111111111 111111111111 111111111111 111111111111 1101011101 110 1110001 110 1110000 111111111111 111111111111 111111111111 111111111111 21.625 54.894 795.83 838 17 -126 9 59 51 4 $GNGGA,,,,,,0,00,99.9,,,,,,*6F
0 Nan Nan Nan Nan Nan Nan 1101010111 1000 1110011 1000 1110010 111111111111 111111111111 111111111111 111111111111 1101011101 110 1110000 110 1110000 111111111111 111111111111 111111111111 111111111111 21.625 54.848 1006.7 1838 16 -126 10 59 51 4 $GNGGA,,,,,,0,00,99.9,,,,,,*6F
0 Nan Nan Nan Nan Nan Nan 1101010111 1000 1110011 1000 1110010 111111111111 111111111111 111111111111 111111111111 1101011101 110 1110001 110 1110000 111111111111 111111111111 111111111111 111111111111 21.625 54.871 1006.7 2837 17 -126 10 60 51 3 $GNGGA,,,,,,0,00,99.9,,,,,,*6F
0 Nan Nan Nan Nan Nan Nan 1101010111 1000 1110011 1000 1110010 111111111111 111111111111 111111111111 111111111111 1101011101 110 1110001 110 1110000 111111111111 111111111111 111111111111 111111111111 21.625 54.909 1006.7 3835 16 -126 11 59 51 3 $GNGGA,,,,,,0,00,99.9,,,,,,*6F
1 Nan Nan Nan Nan Nan Nan 1101010111 1000 1110010 1000 1110010 111111111111 111111111111 111111111111 111111111111 1101011101 110 1110001 110 1110000 111111111111 111111111111 111111111111 111111111111 21.625 54.917 1006.7 4835 15 -126 10 58 52 4 $GNGGA,,,,,,0,00,99.9,,,,,,*6F
1 Nan Nan Nan Nan Nan Nan 1101010111 1000 1110011 1000 1110010 111111111111 111111111111 111111111111 111111111111 1101011100 101 1110001 110 1110000 111111111111 111111111111 111111111111 111111111111 21.625 54.863 1006.7 5834 17 -126 9 58 51 4 $GNGGA,,,,,,0,00,99.9,,,,,,*6F
1 Nan Nan Nan Nan Nan Nan 1101010111 1000 1110011 1000 1110010 111111111111 111111111111 111111111111 111111111111 1101011101 110 1110001 110 1101111 111111111111 111111111111 111111111111 111111111111 21.625 54.818 1006.7 6834 16 -126 10 59 52 3 $GNGGA,,,,,,0,00,99.9,,,,,,*6F
1 Nan Nan Nan Nan Nan Nan 1101010111 1000 1110011 1000 1110010 111111111111 111111111111 111111111111 111111111111 1101011101 110 1110001 110 1110000 111111111111 111111111111 111111111111 111111111111 21.625 54.856 1006.7 7832 17 -126 10 60 51 3 $GNGGA,,,,,,0,00,99.9,,,,,,*6F
1 Nan Nan Nan Nan Nan Nan 1101010111 1000 1110011 1000 1110010 111111111111 111111111111 111111111111 111111111111 1101011101 110 1110001 110 1110000 111111111111 111111111111 111111111111 111111111111 21.625 54.879 1006.7 8832 16 -125 11 58 51 4 $GNGGA,,,,,,0,00,99.9,,,,,,*6F
2 Nan Nan Nan Nan Nan Nan 1101010111 1000 1110011 1000 1110010 111111111111 111111111111 111111111111 111111111111 1101011100 110 1110001 110 1110000 111111111111 111111111111 111111111111 111111111111 21.625 54.955 1006.7 9831 16 -126 10 59 51 3 $GNGGA,,,,,,0,00,99.9,,,,,,*6F
2 Nan Nan Nan Nan Nan Nan 1101010111 1000 1110011 1000 1110010 111111111111 111111111111 111111111111 111111111111 1101011101 110 1110001 110 1110000 111111111111 111111111111 111111111111 111111111111 21.625 55.108 1006.7 10830 16 -125 11 59 50 4 $GNGGA,,,,,,0,00,99.9,,,,,,*6F
3 Nan Nan Nan Nan Nan Nan 1101010111 1000 1110011 1000 1110010 111111111111 111111111111 111111111111 111111111111 1101011101 101 1110000 110 1110000 111111111111 111111111111 111111111111 111111111111 21.625 55.100 1006.7 11829 16 -126 10 59 51 4 $GNGGA,,,,,,0,00,99.9,,,,,,*6F
3 Nan Nan Nan Nan Nan Nan 1101010111 1000 1110011 1000 1110010 111111111111 111111111111 111111111111 111111111111 1101011101 110 1110001 110 1110000 111111111111 111111111111 111111111111 111111111111 21.625 55.268 1006.7 12828 17 -126 10 59 51 3 $GNGGA,,,,,,0,00,99.9,,,,,,*6F
3 Nan Nan Nan Nan Nan Nan 1101010111 1000 1110011 1000 1110010 111111111111 111111111111 111111111111 111111111111 1101011101 110 1110001 110 1110000 111111111111 111111111111 111111111111 111111111111 21.625 55.214 1006.7 13828 16 -125 10 59 51 4 $GNGGA,,,,,,0,00,99.9,,,,,,*6F
4 Nan Nan Nan Nan Nan Nan 1101010111 1000 1110011 1000 1110010 111111111111 111111111111 111111111111 111111111111 1101011101 101 1110001 110 1110000 111111111111 111111111111 111111111111 111111111111 21.625 55.314 1006.7 14826 17 -126 10 60 51 3 $GNGGA,,,,,,0,00,99.9,,,,,,*6F
4 Nan Nan Nan Nan Nan Nan 1101010111 1000 1110011 1000 1110010 111111111111 111111111111 111111111111 111111111111 1101011101 101 1110001 110 1110000 111111111111 111111111111 111111111111 111111111111 21.625 55.405 1006.7 15825 16 -126 11 58 51 4 $GNGGA,,,,,,0,00,99.9,,,,,,*6F
5 Nan Nan Nan Nan Nan Nan 1101010111 1000 1110010 1000 1110010 111111111111 111111111111 111111111111 111111111111 1101011101 110 1110001 110 1110000 111111111111 111111111111 111111111111 111111111111 21.625 55.680 1006.7 16825 16 -126 10 59 51 3 $GNGGA,,,,,,0,00,99.9,,,,,,*6F
5 Nan Nan Nan Nan Nan Nan 1101010111 1000 1110010 1000 1110010 111111111111 111111111111 111111111111 111111111111 1101011101 110 1110001 110 1110000 111111111111 111111111111 111111111111 111111111111 21.625 55.863 1006.7 17824 17 -126 10 59 51 3 $GNGGA,,,,,,0,00,99.9,,,,,,*6F
5 Nan Nan Nan Nan Nan Nan 1101010111 1000 1110010 1000 1110010 111111111111 111111111111 111111111111 111111111111 1101011101 110 1110001 110 1101111 111111111111 111111111111 111111111111 111111111111 21.625 56.321 1006.7 18824 16 -125 10 59 51 4 $GNGGA,,,,,,0,00,99.9,,,,,,*6F
5 Nan Nan Nan Nan Nan Nan 1101010111 1000 1110010 1000 1110010 111111111111 111111111111 111111111111 111111111111 1101011101 101 1110001 110 1110000 111111111111 111111111111 111111111111 111111111111 21.625 56.969 1006.7 19822 17 -126 10 60 51 3 $GNGGA,,,,,,0,00,99.9,,,,,,*6F
5 Nan Nan Nan Nan Nan Nan 1101010111 1000 1110010 1000 1110001 111111111111 111111111111 111111111111 111111111111 1101011101 110 1110001 110 1110000 111111111111 111111111111 111111111111 111111111111 21.625 57.221 1006.7 20822 16 -125 11 58 51 3 $GNGGA,,,,,,0,00,99.9,,,,,,*6F
6 Nan Nan Nan Nan Nan Nan 1101010111 1000 1110011 1000 1110001 111111111111 111111111111 111111111111 111111111111 1101011101 110 1110000 110 1110000 111111111111 111111111111 111111111111 111111111111 21.625 57.107 1006.7 21821 16 -126 10 59 51 3 $GNGGA,,,,,,0,00,99.9,,,,,,*6F
6 Nan Nan Nan Nan Nan Nan 1101010111 1000 1110010 1000 1110001 111111111111 111111111111 111111111111 111111111111 1101011101 110 1110001 110 1110000 111111111111 111111111111 111111111111 111111111111 21.625 57.015 1006.7 22819 16 -126 10 58 51 4 $GNGGA,,,,,,0,00,99.9,,,,,,*6F
7 Nan Nan Nan Nan Nan Nan 1101010111 1000 1110010 1000 1110001 111111111111 111111111111 111111111111 111111111111 1101011101 110 1110001 110 1110000 111111111111 111111111111 111111111111 111111111111 21.625 56.862 1006.7 23819 15 -126 10 58 52 4 $GNGGA,,,,,,0,00,99.9,,,,,,*6F
7 Nan Nan Nan Nan Nan Nan 1101010111 1000 1110011 1000 1110010 111111111111 111111111111 111111111111 111111111111 1101011101 110 1110001 110 1110000 111111111111 111111111111 111111111111 111111111111 21.625 56.588 1006.7 24818 17 -126 10 60 51 3 $GNGGA,,,,,,0,00,99.9,,,,,,*6F
8 Nan Nan Nan Nan Nan Nan 1101010111 1000 1110010 1000 1110001 111111111111 111111111111 111111111111 111111111111 1101011101 101 1110001 110 1110000 111111111111 111111111111 111111111111 111111111111 21.688 56.374 1006.7 25818 16 -126 10 59 51 4 $GNGGA,,,,,,0,00,99.9,,,,,,*6F
8 Nan Nan Nan Nan Nan Nan 1101010111 1000 1110010 1000 1110001 111111111111 111111111111 111111111111 111111111111 1101011101 110 1110001 110 1110000 111111111111 111111111111 111111111111 111111111111 21.688 56.183 1006.7 26816 17 -126 9 59 51 4 $GNGGA,,,,,,0,00,99.9,,,,,,*6F
8 Nan Nan Nan Nan Nan Nan 1101010111 1000 1110010 1000 1110001 111111111111 111111111111 111111111111 111111111111 1101011101 110 1110000 110 1110000 111111111111 111111111111 111111111111 111111111111 21.688 56.191 1006.7 27815 16 -126 11 59 50 4 $GNGGA,,,,,,0,00,99.9,,,,,,*6F
9 Nan Nan Nan Nan Nan Nan 1101010111 1000 1110011 1000 1110001 111111111111 111111111111 111111111111 111111111111 1101011101 101 1110001 110 1101111 111111111111 111111111111 111111111111 111111111111 21.688 56.145 1006.7 28815 16 -126 10 60 51 3 $GNGGA,,,,,,0,00,99.9,,,,,,*6F
9 Nan Nan Nan Nan Nan Nan 1101010111 111 1110010 1000 1110001 111111111111 111111111111 111111111111 111111111111 1101011101 110 1110000 110 1110000 111111111111 111111111111 111111111111 111111111111 21.688 56.069 1006.7 29814 17 -126 10 59 51 3 $GNGGA,,,,,,0,00,99.9,,,,,,*6F
9 Nan Nan Nan Nan Nan Nan 1101010111 1000 1110010 1000 1110001 111111111111 111111111111 111111111111 111111111111 1101011100 110 1110000 110 1110000 111111111111 111111111111 111111111111 111111111111 21.688 56.000 1006.7 30813 16 -126 10 59 52 3 $GNGGA,,,,,,0,00,99.9,,,,,,*6F
9 Nan Nan Nan Nan Nan Nan 1101010111 1000 1110010 1000 1110001 111111111111 111111111111 111111111111 111111111111 1101011101 110 1110000 110 1110000 111111111111 111111111111 111111111111 111111111111 21.688 55.871 1006.7 31812 17 -126 9 59 51 4 $GNGGA,,,,,,0,00,99.9,,,,,,*6F
9 Nan Nan Nan Nan Nan Nan 1101010111 1000 1110010 1000 1110001 111111111111 111111111111 111111111111 111111111111 1101011101 110 1110001 110 1110000 111111111111 111111111111 111111111111 111111111111 21.688 55.840 1006.7 32812 16 -125 11 58 51 3 $GNGGA,,,,,,0,00,99.9,,,,,,*6F
9 Nan Nan Nan Nan Nan Nan 1101010111 1000 1110010 1000 1110001 111111111111 111111111111 111111111111 111111111111 1101011101 101 1110001 110 1101111 111111111111 111111111111 111111111111 111111111111 21.688 55.787 1006.7 33810 17 -126 10 60 50 4 $GNGGA,,,,,,0,00,99.9,,,,,,*6F
9 Nan Nan Nan Nan Nan Nan 1101010111 1000 1110010 1000 1110001 111111111111 111111111111 111111111111 111111111111 1101011101 110 1110001 110 1101111 111111111111 111111111111 111111111111 111111111111 21.688 55.855 1006.7 34809 16 -126 11 59 50 4 $GNGGA,,,,,,0,00,99.9,,,,,,*6F
10 Nan Nan Nan Nan Nan Nan 1101010111 1000 1110010 1000 1110001 111111111111 111111111111 111111111111 111111111111 1101011101 110 1110000 110 1101111 111111111111 111111111111 111111111111 111111111111 21.688 55.741 1006.7 35809 16 -126 10 59 52 3 $GNGGA,,,,,,0,00,99.9,,,,,,*6F
10 Nan Nan Nan Nan Nan Nan 1101010111 111 1110010 1000 1110001 111111111111 111111111111 111111111111 111111111111 1101011101 101 1110000 110 1110000 111111111111 111111111111 111111111111 111111111111 21.688 55.687 1006.7 36808 17 -126 10 60 51 3 $GNGGA,,,,,,0,00,99.9,,,,,,*6F
10 Nan Nan Nan Nan Nan Nan 1101010111 111 1110010 1000 1110001 111111111111 111111111111 111111111111 111111111111 1101011101 110 1110001 110 1101111 111111111111 111111111111 111111111111 111111111111 21.688 55.504 1006.7 37807 16 -126 10 59 51 4 $GNGGA,,,,,,0,00,99.9,,,,,,*6F
10 Nan Nan Nan Nan Nan Nan 1101010111 111 1110010 1000 1110001 111111111111 111111111111 111111111111 111111111111 1101011101 101 1110001 110 1101111 111111111111 111111111111 111111111111 111111111111 21.688 55.367 1006.7 38806 17 -126 10 59 51 4 $GNGGA,,,,,,0,00,99.9,,,,,,*6F
10 Nan Nan Nan Nan Nan Nan 1101010111 1000 1110010 1000 1110001 111111111111 111111111111 111111111111 111111111111 1101011101 101 1110000 110 1101111 111111111111 111111111111 111111111111 111111111111 21.688 55.314 1006.7 39805 16 -126 10 58 51 4 $GNGGA,,,,,,0,00,99.9,,,,,,*6F
10 Nan Nan Nan Nan Nan Nan 1101010111 1000 1110010 1000 1110001 111111111111 111111111111 111111111111 111111111111 1101011101 110 1110001 110 1101111 111111111111 111111111111 111111111111 111111111111 21.688 55.344 1006.7 40805 16 -125 10 60 51 3 $GNGGA,,,,,,0,00,99.9,,,,,,*6F
10 Nan Nan Nan Nan Nan Nan 1101010111 111 1110010 1000 1110001 111111111111 111111111111 111111111111 111111111111 1101011101 110 1110001 101 1101111 111111111111 111111111111 111111111111 111111111111 21.688 55.298 1006.7 41804 17 -126 10 59 50 4 $GNGGA,,,,,,0,00,99.9,,,,,,*6F
11 Nan Nan Nan Nan Nan Nan 1101010111 1000 1110010 1000 1110001 111111111111 111111111111 111111111111 111111111111 1101011101 110 1110001 110 1101111 111111111111 111111111111 111111111111 111111111111 21.688 55.390 1006.7 42803 15 -126 10 58 52 4 $GNGGA,,,,,,0,00,99.9,,,,,,*6F
11 Nan Nan Nan Nan Nan Nan 1101010111 1000 1110010 1000 1110001 111111111111 111111111111 111111111111 111111111111 1101011101 110 1110000 110 1101111 111111111111 111111111111 111111111111 111111111111 21.688 55.405 1006.7 43802 17 -125 10 60 51 3 $GNGGA,,,,,,0,00,99.9,,,,,,*6F
11 Nan Nan Nan Nan Nan Nan 1101010111 111 1110010 1000 1110001 111111111111 111111111111 111111111111 111111111111 1101011101 101 1110000 101 1101111 111111111111 111111111111 111111111111 111111111111 21.688 55.459 1006.7 44802 16 -124 11 59 50 4 $GNGGA,,,,,,0,00,99.9,,,,,,*6F
