id HH MM SS longitude latitude altitude adc_1_ch0 adc_1_ch1 adc_1_ch2 adc_1_ch3 adc_1_ch4 adc_1_ch5 adc_1_ch6 adc_1_ch7 adc_1_ch8 adc_2_ch0 adc_2_ch1 adc_2_ch2 adc_2_ch3 adc_2_ch4 adc_2_ch5 adc_2_ch6 adc_2_ch7 adc_2_ch8 temp hum pres t_prog t_gps t_split t_adc t_temp t_hum t_pres trame_gga
0 Nan Nan Nan Nan Nan Nan 1101010111 1000 1110010 1000 1110001 111111111111 111111111111 111111111111 111111111111 1101011101 101 1110001 101 1101111 111111111111 111111111111 111111111111 111111111111 21.750 55.443 795.83 792 17 -125 9 59 51 4 $GNGGA,,,,,,0,00,99.9,,,,,,*6F
0 Nan Nan Nan Nan Nan Nan 1101010111 1000 1110010 1000 1110000 111111111111 111111111111 111111111111 111111111111 1101011101 101 1110000 110 1101111 111111111111 111111111111 111111111111 111111111111 21.688 55.390 1006.8 1721 16 -126 10 60 51 3 $GNGGA,,,,,,0,00,99.9,,,,,,*6F
0 Nan Nan Nan Nan Nan Nan 1101010111 111 1110010 1000 1110000 111111111111 111111111111 111111111111 111111111111 1101011101 101 1110000 110 1101111 111111111111 111111111111 111111111111 111111111111 21.688 55.367 1006.7 2719 17 -126 10 59 51 3 $GNGGA,,,,,,0,00,99.9,,,,,,*6F
1 Nan Nan Nan Nan Nan Nan 1101010111 111 1110010 1000 1110000 111111111111 111111111111 111111111111 111111111111 1101011101 101 1110000 110 1101111 111111111111 111111111111 111111111111 111111111111 21.750 55.306 1006.7 3719 15 -126 10 58 52 4 $GNGGA,,,,,,0,00,99.9,,,,,,*6F
1 Nan Nan Nan Nan Nan Nan 1101010111 111 1110010 111 1110000 111111111111 111111111111 111111111111 111111111111 1101011101 101 1101111 110 1101111 111111111111 111111111111 111111111111 111111111111 21.750 55.275 1006.7 4718 17 -126 9 59 51 4 $GNGGA,,,,,,0,00,99.9,,,,,,*6F
1 Nan Nan Nan Nan Nan Nan 1101010111 1000 1110010 111 1110000 111111111111 111111111111 111111111111 111111111111 1101011101 101 1110000 110 1101111 111111111111 111111111111 111111111111 111111111111 21.688 55.382 1006.7 5718 16 -124 11 59 50 4 $GNGGA,,,,,,0,00,99.9,,,,,,*6F
2 Nan Nan Nan Nan Nan Nan 1101010111 111 1110010 1000 1110000 111111111111 111111111111 111111111111 111111111111 1101011101 101 1110000 101 1101110 111111111111 111111111111 111111111111 111111111111 21.750 55.359 1006.7 6716 15 -126 10 59 51 4 $GNGGA,,,,,,0,00,99.9,,,,,,*6F
2 Nan Nan Nan Nan Nan Nan 1101010111 1000 1110010 111 1101111 111111111111 111111111111 111111111111 111111111111 1101011101 110 1110000 101 1101111 111111111111 111111111111 111111111111 111111111111 21.750 55.337 1006.7 7715 15 -126 11 58 51 4 $GNGGA,,,,,,0,00,99.9,,,,,,*6F
2 Nan Nan Nan Nan Nan Nan 1101010111 111 1110010 1000 1101100 111111111111 111111111111 111111111111 111111111111 1101011101 101 1110000 101 1101111 111111111111 111111111111 111111111111 111111111111 21.750 55.230 1006.7 8714 15 -126 10 58 52 4 $GNGGA,,,,,,0,00,99.9,,,,,,*6F
3 Nan Nan Nan Nan Nan Nan 1101010111 111 1110010 111 1101100 111111111111 111111111111 111111111111 111111111111 1101011101 101 1110000 101 1101111 111111111111 111111111111 111111111111 111111111111 21.750 55.169 1006.7 9714 17 -126 10 60 51 3 $GNGGA,,,,,,0,00,99.9,,,,,,*6F
3 Nan Nan Nan Nan Nan Nan 1101010111 111 1110001 1000 1101100 111111111111 111111111111 111111111111 111111111111 1101011101 101 1110000 110 1101111 111111111111 111111111111 111111111111 111111111111 21.750 55.108 1006.7 10713 15 -126 10 58 51 5 $GNGGA,,,,,,0,00,99.9,,,,,,*6F
4 Nan Nan Nan Nan Nan Nan 1101010111 111 1110001 111 1101100 111111111111 111111111111 111111111111 111111111111 1101011101 101 1110000 110 1101111 111111111111 111111111111 111111111111 111111111111 21.750 55.008 1006.7 11712 17 -126 9 59 51 4 $GNGGA,,,,,,0,00,99.9,,,,,,*6F
4 Nan Nan Nan Nan Nan Nan 1101010111 111 1110001 111 1101100 111111111111 111111111111 111111111111 111111111111 1101011101 101 1110000 110 1101111 111111111111 111111111111 111111111111 111111111111 21.750 54.932 1006.7 12710 16 -126 10 58 51 4 $GNGGA,,,,,,0,00,99.9,,,,,,*6F
5 Nan Nan Nan Nan Nan Nan 1101010111 111 1110001 111 1101100 111111111111 111111111111 111111111111 111111111111 1101011101 101 1110000 101 1101111 111111111111 111111111111 111111111111 111111111111 21.750 54.856 1006.7 13710 16 -126 10 60 50 4 $GNGGA,,,,,,0,00,99.9,,,,,,*6F
5 Nan Nan Nan Nan Nan Nan 1101010111 111 1110001 111 1101100 111111111111 111111111111 111111111111 111111111111 1101011101 101 1110000 101 1101111 111111111111 111111111111 111111111111 111111111111 21.750 54.802 1006.7 14709 16 -126 10 58 51 4 $GNGGA,,,,,,0,00,99.9,,,,,,*6F
6 Nan Nan Nan Nan Nan Nan 1101010111 111 1110001 111 1101011 111111111111 111111111111 111111111111 111111111111 1101011101 101 1110000 101 1101111 111111111111 111111111111 111111111111 111111111111 21.750 54.879 1006.7 15709 16 -126 10 59 52 3 $GNGGA,,,,,,0,00,99.9,,,,,,*6F
6 Nan Nan Nan Nan Nan Nan 1101010111 111 1110001 111 1101011 111111111111 111111111111 111111111111 111111111111 1101011101 110 1110000 101 1101111 111111111111 111111111111 111111111111 111111111111 21.750 54.848 1006.7 16707 17 -126 10 60 50 4 $GNGGA,,,,,,0,00,99.9,,,,,,*6F
6 Nan Nan Nan Nan Nan Nan 1101010111 111 1110001 111 1101011 111111111111 111111111111 111111111111 111111111111 1101011101 101 1110000 101 1101111 111111111111 111111111111 111111111111 111111111111 21.813 54.780 1006.7 17707 16 -125 11 59 50 4 $GNGGA,,,,,,0,00,99.9,,,,,,*6F
6 Nan Nan Nan Nan Nan Nan 1101010110 111 1110000 111 1101011 111111111111 111111111111 111111111111 111111111111 1101011101 101 1110000 101 1101111 111111111111 111111111111 111111111111 111111111111 21.750 54.841 1006.7 18705 16 -126 10 60 50 4 $GNGGA,,,,,,0,00,99.9,,,,,,*6F
6 Nan Nan Nan Nan Nan Nan 1101010111 111 1110000 111 1101011 111111111111 111111111111 111111111111 111111111111 1101011101 101 1110000 101 1101111 111111111111 111111111111 111111111111 111111111111 21.750 54.795 1006.7 19705 16 -126 11 59 51 3 $GNGGA,,,,,,0,00,99.9,,,,,,*6F
7 Nan Nan Nan Nan Nan Nan 1101010111 110 1110000 111 1101011 111111111111 111111111111 111111111111 111111111111 1101011101 101 1110000 101 1101111 111110011100 111111111111 111111111111 111111111111 21.750 54.772 1006.7 20705 16 -126 10 59 51 4 $GNGGA,,,,,,0,00,99.9,,,,,,*6F
7 Nan Nan Nan Nan Nan Nan 1101010111 111 1110000 110 1101011 111111111111 111111110001 111111111111 111111111111 1101011101 101 1110000 101 1101110 111100101011 111111111111 111111111111 111111111111 21.813 54.688 1006.7 21703 17 -126 10 60 51 3 $GNGGA,,,,,,0,00,99.9,,,,,,*6F
7 Nan Nan Nan Nan Nan Nan 1101010111 110 1110000 111 1101011 111111111111 111100111111 111111111111 111111111111 1101011101 101 1110000 101 1101110 111010101110 111111111111 111111111111 111111111111 21.750 54.627 1006.7 22702 16 -126 9 58 51 5 $GNGGA,,,,,,0,00,99.9,,,,,,*6F
8 Nan Nan Nan Nan Nan Nan 1101010111 110 1110000 110 1101011 111111111111 111011001110 111111111111 111111111111 1101011100 101 1110000 101 1101110 111000111110 111111111111 111111111111 111111111111 21.750 54.574 1006.7 23702 17 -126 10 60 50 4 $GNGGA,,,,,,0,00,99.9,,,,,,*6F
8 Nan Nan Nan Nan Nan Nan 1101010111 110 1110000 111 1101011 111111111111 111010111111 111111111111 111111111111 1101011101 101 1110000 101 1101110 110111010011 111111111111 111111111111 111111111111 21.813 54.635 1006.7 24700 15 -126 11 58 51 4 $GNGGA,,,,,,0,00,99.9,,,,,,*6F
9 Nan Nan Nan Nan Nan Nan 1101010111 110 1101111 111 1101011 111111111111 111010000011 111111111111 111111111111 1101011101 100 1110000 101 1101111 110101100011 111110011101 111111111111 111111111111 21.750 54.650 1006.7 25700 16 -126 10 60 51 3 $GNGGA,,,,,,0,00,99.9,,,,,,*6F
9 Nan Nan Nan Nan Nan Nan 1101010111 110 1101101 111 1101011 111111111111 111001010111 111111111111 111111111111 1101011101 101 1110000 101 1101110 110100001001 111011110111 111111111111 111111111111 21.750 54.658 1006.7 26698 17 -126 10 59 50 4 $GNGGA,,,,,,0,00,99.9,,,,,,*6F
10 Nan Nan Nan Nan Nan Nan 1101010111 110 1101100 111 1101011 111111111111 111000100100 111111111111 111111111111 1101011101 100 1101111 101 1101110 110010101001 111001011000 111111111111 111111111111 21.750 54.627 1006.7 27698 16 -126 10 59 52 3 $GNGGA,,,,,,0,00,99.9,,,,,,*6F
10 Nan Nan Nan Nan Nan Nan 1101010111 110 1101100 110 1101010 111111111111 110111100011 111111111111 111111111111 1101011101 101 1110000 101 1101110 110001001101 110111000111 111111111111 111111111111 21.750 54.596 1006.7 28697 17 -126 10 60 51 3 $GNGGA,,,,,,0,00,99.9,,,,,,*6F
10 Nan Nan Nan Nan Nan Nan 1101010111 110 1101100 110 1101011 111111111111 110110011111 111111111111 111111111111 1101011101 110 1101111 101 1101110 101111111110 110101001001 111111111111 111111111111 21.750 54.612 1006.7 29697 16 -125 11 59 51 3 $GNGGA,,,,,,0,00,99.9,,,,,,*6F
11 Nan Nan Nan Nan Nan Nan 1101010111 110 1101100 111 1101011 111111111111 110101010011 111111111111 111111111111 1101011101 101 1110000 101 1101110 101110110101 110011010101 111111111111 111111111111 21.750 54.627 1006.7 30696 17 -126 10 60 51 3 $GNGGA,,,,,,0,00,99.9,,,,,,*6F
11 Nan Nan Nan Nan Nan Nan 1101010111 110 1101100 110 1101011 111111111111 110100001110 111111111111 111111111111 1101011101 101 1110000 101 1101110 101101101110 110001101000 111111111111 111111111111 21.750 54.574 1006.7 31694 16 -126 10 58 51 4 $GNGGA,,,,,,0,00,99.9,,,,,,*6F
12 Nan Nan Nan Nan Nan Nan 1101010110 110 1101100 110 1101011 111111111111 110011000100 111111111111 111111111111 1101011101 101 1101111 101 1101101 101100101101 110000001110 111111111111 111111111111 21.750 54.642 1006.7 32694 16 -126 10 59 52 3 $GNGGA,,,,,,0,00,99.9,,,,,,*6F
12 Nan Nan Nan Nan Nan Nan 1101010111 110 1101100 110 1101011 111111111111 110010000101 111111111111 111111111111 1101011100 101 1110000 101 1101011 101100010001 101111011111 111111111111 111111111111 21.750 54.711 1006.7 33693 17 -126 10 60 51 3 $GNGGA,,,,,,0,00,99.9,,,,,,*6F
12 Nan Nan Nan Nan Nan Nan 1101010111 110 1101011 110 1101011 111111111111 110001110110 111111111111 111111111111 1101011101 101 1110000 101 1101010 101100000001 101110111101 111111111111 111111111111 21.750 54.741 1006.7 34693 16 -126 10 59 50 5 $GNGGA,,,,,,0,00,99.9,,,,,,*6F
12 Nan Nan Nan Nan Nan Nan 1101010111 101 1101011 110 1101011 111111111011 110001011001 111111111111 111111111111 1101011101 101 1110000 101 1101010 101011100100 101110001110 111111111111 111111111111 21.750 54.719 1006.7 35691 17 -126 10 60 50 4 $GNGGA,,,,,,0,00,99.9,,,,,,*6F
12 Nan Nan Nan Nan Nan Nan 1101010111 110 1101100 110 1101011 111110101001 110000111011 111111111111 111111111111 1101011101 101 1101111 101 1101010 101010111110 101101010010 111111111111 111111111111 21.750 54.696 1006.7 36689 15 -126 11 58 51 4 $GNGGA,,,,,,0,00,99.9,,,,,,*6F
13 Nan Nan Nan Nan Nan Nan 1101010111 101 1101100 110 1101010 111101000011 101111111111 111111111111 111111111111 1101011101 101 1110000 101 1101010 101010001100 101100011010 111111111111 111111111111 21.750 54.711 1006.7 37690 16 -125 10 60 50 4 $GNGGA,,,,,,0,00,99.9,,,,,,*6F
13 Nan Nan Nan Nan Nan Nan 1101010111 101 1101100 110 1101011 111011110001 101111011011 111111111111 111111111111 1101011101 101 1110000 101 1101010 101001011111 101011011011 111111111111 111111111111 21.750 54.772 1006.7 38688 16 -126 10 58 51 4 $GNGGA,,,,,,0,00,99.9,,,,,,*6F
14 Nan Nan Nan Nan Nan Nan 1101010111 101 1101011 110 1101011 111010011101 101110101001 111111111111 111111111111 1101011101 101 1101111 101 1101010 101000111000 101010101011 111111111111 111111111111 21.750 54.795 1006.7 39688 16 -126 10 58 52 3 $GNGGA,,,,,,0,00,99.9,,,,,,*6F
14 Nan Nan Nan Nan Nan Nan 1101010110 101 1101011 110 1101011 111001010010 101110000000 111111111111 111111111111 1101011101 101 1101111 101 1101010 101000001100 101001101011 111111111111 111111111111 21.750 54.757 1006.7 40687 17 -125 10 60 50 4 $GNGGA,,,,,,0,00,99.9,,,,,,*6F
14 Nan Nan Nan Nan Nan Nan 1101010111 101 1101011 110 1101011 111000000111 101101010010 111111111111 111111111111 1101011101 101 1101111 101 1101010 100111011111 101000111001 111111111111 111111111111 21.750 54.665 1006.7 41686 15 -125 11 58 51 4 $GNGGA,,,,,,0,00,99.9,,,,,,*6F
15 Nan Nan Nan Nan Nan Nan 1101010111 101 1101011 111 1101011 110110111110 101100101001 111111111111 111111111111 1101011101 101 1101111 101 1101010 100110111110 101000001011 111111111111 111111111111 21.750 54.635 1006.7 42685 16 -126 10 60 51 3 $GNGGA,,,,,,0,00,99.9,,,,,,*6F
15 Nan Nan Nan Nan Nan Nan 1101010111 101 1101100 110 1101011 110101111001 101011111111 111111111111 111111111111 1101011101 101 1101111 101 1101010 100110010101 100111100000 111111111111 111111111111 21.750 54.650 1006.7 43684 16 -125 11 59 50 4 $GNGGA,,,,,,0,00,99.9,,,,,,*6F
16 Nan Nan Nan Nan Nan Nan 1101010111 101 1101011 110 1101011 110101000001 101011011111 111111111111 111111111111 1101011101 101 1101111 101 1101010 100101101000 100110110000 111111111111 111111111111 21.750 54.658 1006.7 44684 16 -125 10 59 51 4 $GNGGA,,,,,,0,00,99.9,,,,,,*6F
16 Nan Nan Nan Nan Nan Nan 1101010111 101 1101011 110 1101011 110011111101 101010110010 111111111111 111111111111 1101011101 101 1101111 101 1101010 100101000110 100110000001 111111111111 111111111111 21.688 54.711 1006.7 45681 17 -126 10 60 50 4 $GNGGA,,,,,,0,00,99.9,,,,,,*6F
16 Nan Nan Nan Nan Nan Nan 1101010111 101 1101011 110 1101011 110011001010 101010010110 111111111111 111111111111 1101011101 101 1101111 101 1101001 100100100101 100101011100 111111111111 111111111111 21.750 54.917 1006.7 46681 15 -126 10 58 51 5 $GNGGA,,,,,,0,00,99.9,,,,,,*6F
17 Nan Nan Nan Nan Nan Nan 1101010110 101 1101011 110 1101010 110010010101 101001101111 111111111111 111111111111 1101011101 101 1101111 101 1101010 100100000011 100100110001 111111111111 111111111111 21.750 55.306 1006.7 47680 17 -126 10 60 51 3 $GNGGA,,,,,,0,00,99.9,,,,,,*6F
17 Nan Nan Nan Nan Nan Nan 1101010111 101 1101011 110 1101011 110001011111 101001010010 111111111111 111111111111 1101011101 101 1101111 101 1101001 100011100011 100100001001 111111111111 111111111111 21.688 55.398 1006.7 48679 16 -125 11 59 50 4 $GNGGA,,,,,,0,00,99.9,,,,,,*6F
18 Nan Nan Nan Nan Nan Nan 1101010111 101 1101011 110 1101011 110000101011 101000110000 111111111111 111111111111 1101011101 101 1101111 101 1101010 100011000101 100011100111 111111111111 111111111111 21.750 55.352 1006.7 49678 15 -126 10 58 52 4 $GNGGA,,,,,,0,00,99.9,,,,,,*6F
18 Nan Nan Nan Nan Nan Nan 1101010111 101 1101011 110 1101011 110000000000 101000010100 111111111111 111111111111 1101011101 101 1101111 101 1101010 100010100100 100011000100 111111111111 111111111111 21.750 55.398 1006.7 50677 17 -126 10 59 51 3 $GNGGA,,,,,,0,00,99.9,,,,,,*6F
19 Nan Nan Nan Nan Nan Nan 1101010111 101 1101011 110 1101011 101111010101 100111110100 111111111111 111111111111 1101011101 101 1101111 101 1101010 100010001111 100010100101 111111111111 111111111111 21.750 55.367 1006.7 51677 16 -126 10 59 52 3 $GNGGA,,,,,,0,00,99.9,,,,,,*6F
