id HH MM SS longitude latitude altitude adc_1_ch0 adc_1_ch1 adc_1_ch2 adc_1_ch3 adc_1_ch4 adc_1_ch5 adc_1_ch6 adc_1_ch7 adc_1_ch8 adc_2_ch0 adc_2_ch1 adc_2_ch2 adc_2_ch3 adc_2_ch4 adc_2_ch5 adc_2_ch6 adc_2_ch7 adc_2_ch8 temp hum pres t_prog t_gps t_split t_adc t_temp t_hum t_pres trame_gga
0 Nan Nan Nan Nan Nan Nan 1101010110 101 1101010 110 1101010 100111110000 100010101110 111111111111 111111111111 1101011101 101 1101011 101 1101001 11111000001 11111001000 111111111111 111111111111 21.750 55.169 795.83 805 16 -126 11 59 51 3 $GNGGA,,,,,,0,00,99.9,,,,,,*6F
0 Nan Nan Nan Nan Nan Nan 1101010111 101 1101010 110 1101010 100111100111 100010100001 111111111111 111111111111 1101011101 101 1101010 101 1101010 11110111101 11111000010 111111111111 111111111111 21.750 55.184 1006.7 1475 17 -126 10 60 51 3 $GNGGA,,,,,,0,00,99.9,,,,,,*6F
0 Nan Nan Nan Nan Nan Nan 1101010111 100 1101010 110 1101010 100111010001 100010010100 111111111111 111111111111 1101011101 101 1101010 101 1101010 11110101000 11110101011 111111111111 111111111111 21.750 55.207 1006.7 2475 16 -124 11 59 51 3 $GNGGA,,,,,,0,00,99.9,,,,,,*6F
1 Nan Nan Nan Nan Nan Nan 1101010111 101 1101010 110 1101010 100110110101 100010000110 111111111111 111111111111 1101011101 101 1101011 101 1101001 11110011001 11110011101 111111111111 111111111111 21.750 55.184 1006.7 3473 16 -126 10 60 50 4 $GNGGA,,,,,,0,00,99.9,,,,,,*6F
1 Nan Nan Nan Nan Nan Nan 1101010111 101 1101010 110 1101010 100110100100 100001111011 111111111111 111111111111 1101011101 101 1101010 101 1101001 11110010001 11110001110 111111111111 111111111111 21.750 55.184 1006.7 4472 16 -126 11 59 51 3 $GNGGA,,,,,,0,00,99.9,,,,,,*6F
2 Nan Nan Nan Nan Nan Nan 1101010111 101 1101010 110 1101010 100110001100 100001100100 111111111111 111111111111 1101011101 101 1101010 101 1101001 11101111110 11101111100 111111111111 111111111111 21.750 55.192 1006.7 5472 16 -126 10 59 52 3 $GNGGA,,,,,,0,00,99.9,,,,,,*6F
2 Nan Nan Nan Nan Nan Nan 1101010110 101 1101001 110 1101010 100101110100 100001010101 111111111111 111111111111 1101011101 101 1101011 101 1101001 11101110001 11101101101 111111111111 111111111111 21.750 55.214 1006.7 6470 17 -126 10 59 51 3 $GNGGA,,,,,,0,00,99.9,,,,,,*6F
2 Nan Nan Nan Nan Nan Nan 1101010111 101 1101010 110 1101010 100101100000 100001000110 111111111111 111111111111 1101011101 101 1101010 101 1101001 11101100000 11101011101 111111111111 111111111111 21.750 55.222 1006.7 7470 16 -126 10 58 51 4 $GNGGA,,,,,,0,00,99.9,,,,,,*6F
3 Nan Nan Nan Nan Nan Nan 1101010111 101 1101001 110 1101010 100101000111 100000110100 111111111111 111111111111 1101011101 101 1101010 101 1101001 11101001000 11101001001 111111111111 111111111111 21.750 55.283 1006.7 8469 17 -126 10 60 51 3 $GNGGA,,,,,,0,00,99.9,,,,,,*6F
3 Nan Nan Nan Nan Nan Nan 1101010111 101 1101001 110 1101010 100100110111 100000101001 111111111111 111111111111 1101011101 100 1101011 101 1101001 11101010010 11101010000 111111111111 111111111111 21.750 55.253 1006.7 9468 16 -125 11 59 50 4 $GNGGA,,,,,,0,00,99.9,,,,,,*6F
4 Nan Nan Nan Nan Nan Nan 1101010111 101 1101001 110 1101010 100100100010 100000010110 111111111111 111111111111 1101011101 100 1101010 101 1101001 11101100110 11101101001 111111111111 111111111111 21.813 55.260 1006.7 10467 15 -126 10 58 52 4 $GNGGA,,,,,,0,00,99.9,,,,,,*6F
4 Nan Nan Nan Nan Nan Nan 1101010111 101 1101001 110 1101010 100100001010 100000001010 111111111111 111111111111 1101011101 100 1101010 101 1101001 11101110010 11101110111 111111111111 111111111111 21.750 55.275 1006.7 11466 17 -125 10 59 50 4 $GNGGA,,,,,,0,00,99.9,,,,,,*6F
4 Nan Nan Nan Nan Nan Nan 1101010111 100 1101001 110 1101010 100011111111 11111111100 111111111111 111111111111 1101011101 100 1101010 101 1101001 11101110011 11101110110 111111111111 111111111111 21.750 55.283 1006.7 12465 16 -126 10 59 50 5 $GNGGA,,,,,,0,00,99.9,,,,,,*6F
5 Nan Nan Nan Nan Nan Nan 1101010110 101 1101000 110 1101010 100011110000 11111110110 111111111111 111111111111 1101011101 100 1101011 101 1101001 11101101000 11101101101 111111111111 111111111111 21.750 55.237 1006.7 13464 17 -126 10 59 51 3 $GNGGA,,,,,,0,00,99.9,,,,,,*6F
5 Nan Nan Nan Nan Nan Nan 1101010111 101 1101000 110 1101010 100011100011 11111101110 111111111111 111111111111 1101011101 100 1101010 101 1101001 11101100110 11101101001 111111111111 111111111111 21.750 55.138 1006.7 14464 16 -124 11 59 50 4 $GNGGA,,,,,,0,00,99.9,,,,,,*6F
6 Nan Nan Nan Nan Nan Nan 1101010111 101 1101001 110 1101010 100011010111 11111100111 111111111111 111111111111 1101011101 100 1101010 101 1101001 11101011001 11101011001 111111111111 111111111111 21.750 55.085 1006.7 15463 16 -126 10 60 50 4 $GNGGA,,,,,,0,00,99.9,,,,,,*6F
6 Nan Nan Nan Nan Nan Nan 1101010110 101 1101000 110 1101010 100011001001 11111010111 111111111111 111111111111 1101011101 100 1101010 101 1101001 11101010110 11101010010 111111111111 111111111111 21.750 55.108 1006.7 16461 17 -126 10 59 51 3 $GNGGA,,,,,,0,00,99.9,,,,,,*6F
6 Nan Nan Nan Nan Nan Nan 1101010111 101 1101000 110 1101010 100010110010 11111000110 111111111111 111111111111 1101011101 100 1101010 101 1101001 11101000010 11101001000 111111111111 111111111111 21.750 55.100 1006.7 17460 16 -126 10 59 51 4 $GNGGA,,,,,,0,00,99.9,,,,,,*6F
6 Nan Nan Nan Nan Nan Nan 1101010111 101 1101000 110 1101001 100010100110 11111000001 111111111111 111111111111 1101011101 100 1101010 101 1101001 11100111100 11100111000 111111111111 111111111111 21.750 55.024 1006.7 18459 17 -126 10 60 51 3 $GNGGA,,,,,,0,00,99.9,,,,,,*6F
6 Nan Nan Nan Nan Nan Nan 1101010111 101 1101000 110 1101010 100010010111 11110111001 111111111111 111111111111 1101011101 100 1101010 101 1101001 11100110011 11100110101 111111111111 111111111111 21.750 55.016 1006.7 19459 16 -126 10 59 51 4 $GNGGA,,,,,,0,00,99.9,,,,,,*6F
7 Nan Nan Nan Nan Nan Nan 1101010111 101 1101000 110 1101001 100010001001 11110011100 111111111111 111111111111 1101011101 100 1101010 101 1101001 11100100101 11100100011 111111111111 111111111111 21.750 55.001 1006.7 20458 17 -126 10 60 51 3 $GNGGA,,,,,,0,00,99.9,,,,,,*6F
7 Nan Nan Nan Nan Nan Nan 1101010111 101 1100111 110 1101010 100001111101 11110100001 111111111111 111111111111 1101011101 100 1101010 101 1101001 11100100100 11100100011 111111111111 111111111111 21.750 54.978 1006.7 21457 16 -125 11 59 50 4 $GNGGA,,,,,,0,00,99.9,,,,,,*6F
8 Nan Nan Nan Nan Nan Nan 1101010111 101 1100111 110 1101010 100001101111 11110010001 111111111111 111111111111 1101011101 100 1101010 101 1101001 11100011010 11100010111 111111111111 111111111111 21.750 54.970 1006.7 22456 15 -126 10 58 52 4 $GNGGA,,,,,,0,00,99.9,,,,,,*6F
8 Nan Nan Nan Nan Nan Nan 1101010111 101 1100111 110 1101001 100001011110 11110001110 111111111111 111111111111 1101011101 100 1101010 101 1101001 11100001000 11100001000 111111111111 111111111111 21.750 54.970 1006.7 23455 17 -126 10 58 51 3 $GNGGA,,,,,,0,00,99.9,,,,,,*6F
8 Nan Nan Nan Nan Nan Nan 1101010111 100 1100111 110 1101001 100001010100 11110000011 111111111111 111111111111 1101011101 11 1101010 101 1101001 11100001000 11100000010 111111111111 111111111111 21.750 55.001 1006.7 24454 16 -126 10 59 52 3 $GNGGA,,,,,,0,00,99.9,,,,,,*6F
8 Nan Nan Nan Nan Nan Nan 1101010111 100 1100111 110 1101001 100001000111 11101111010 111111111111 111111111111 1101011101 11 1101010 100 1101001 11011111100 11011101111 111111111111 111111111111 21.750 54.993 1006.7 25453 17 -126 10 60 50 4 $GNGGA,,,,,,0,00,99.9,,,,,,*6F
8 Nan Nan Nan Nan Nan Nan 1101010110 100 1100111 110 1101001 100000110111 11101101111 111111111111 111111111111 1101011101 100 1101010 101 1101001 11011101111 11011101010 111111111111 111111111111 21.750 54.940 1006.7 26452 16 -125 11 59 51 3 $GNGGA,,,,,,0,00,99.9,,,,,,*6F
9 Nan Nan Nan Nan Nan Nan 1101010111 100 1100110 110 1101001 100000110010 11101101100 111111111111 111111111111 1101011101 100 1101010 101 1101001 11011101010 11011100011 111111111111 111111111111 21.750 54.909 1006.7 27452 16 -125 10 60 50 4 $GNGGA,,,,,,0,00,99.9,,,,,,*6F
9 Nan Nan Nan Nan Nan Nan 1101010111 100 1100110 110 1101001 100000100111 11101100101 111111111111 111111111111 1101011101 11 1101010 101 1101001 11011011000 11011010100 111111111111 111111111111 21.750 54.970 1006.7 28450 16 -126 11 59 50 4 $GNGGA,,,,,,0,00,99.9,,,,,,*6F
10 Nan Nan Nan Nan Nan Nan 1101010111 100 1100110 110 1101001 100000011011 11101011100 111111111111 111111111111 1101011101 100 1101010 101 1101001 11011011011 11011010110 111111111111 111111111111 21.750 55.016 1006.7 29450 16 -126 10 59 52 3 $GNGGA,,,,,,0,00,99.9,,,,,,*6F
10 Nan Nan Nan Nan Nan Nan 1101010111 100 1100110 110 1101001 100000010101 11101011000 111111111111 111111111111 1101011101 100 1101010 101 1101001 11011001010 11011000001 111111111111 111111111111 21.750 54.963 1006.7 30449 17 -126 10 60 51 3 $GNGGA,,,,,,0,00,99.9,,,,,,*6F
10 Nan Nan Nan Nan Nan Nan 1101010111 100 1100110 110 1101001 100000001011 11101010000 111111111111 111111111111 1101011101 100 1101010 101 1101001 11011000111 11010111011 111111111111 111111111111 21.750 54.902 1006.7 31448 16 -126 10 59 50 5 $GNGGA,,,,,,0,00,99.9,,,,,,*6F
11 Nan Nan Nan Nan Nan Nan 1101010111 100 1100110 110 1101000 11111110101 11100111011 111111111111 111111111111 1101011101 100 1101010 101 1101001 11011000110 11010111000 111111111111 111111111111 21.750 54.871 1006.7 32447 17 -126 10 59 51 3 $GNGGA,,,,,,0,00,99.9,,,,,,*6F
11 Nan Nan Nan Nan Nan Nan 1101010111 100 1100110 110 1101000 11111110000 11100110111 111111111111 111111111111 1101011101 100 1101010 101 1101000 11010111101 11010110110 111111111111 111111111111 21.750 54.917 1006.7 33446 16 -126 11 59 51 3 $GNGGA,,,,,,0,00,99.9,,,,,,*6F
11 Nan Nan Nan Nan Nan Nan 1101010111 100 1100110 110 1101000 11111100111 11100110011 111111111111 111111111111 1101011101 11 1101001 101 1101000 11010110101 11010100111 111111111111 111111111111 21.750 54.986 1006.7 34445 16 -126 10 59 51 4 $GNGGA,,,,,,0,00,99.9,,,,,,*6F
11 Nan Nan Nan Nan Nan Nan 1101010111 100 1100101 110 1101000 11111100001 11100101111 111111111111 111111111111 1101011101 100 1101010 101 1101001 11010101100 11010100000 111111111111 111111111111 21.750 55.024 1006.7 35444 17 -126 10 59 51 3 $GNGGA,,,,,,0,00,99.9,,,,,,*6F
11 Nan Nan Nan Nan Nan Nan 1101010111 100 1100101 110 1101000 11111010111 11100100000 111111111111 111111111111 1101011101 11 1101010 101 1101001 11010100101 11010011011 111111111111 111111111111 21.750 55.153 1006.7 36443 16 -126 10 59 50 5 $GNGGA,,,,,,0,00,99.9,,,,,,*6F
11 Nan Nan Nan Nan Nan Nan 1101010111 100 1100101 110 1101000 11111000110 11100011000 111111111111 111111111111 1101011101 11 1101010 101 1101001 11010011010 11010001110 111111111111 111111111111 21.750 55.253 1006.7 37442 17 -126 10 60 51 3 $GNGGA,,,,,,0,00,99.9,,,,,,*6F
11 Nan Nan Nan Nan Nan Nan 1101010110 100 1100101 110 1101000 11110111011 11100010000 111111111111 111111111111 1101011101 100 1101010 101 1101000 11010010001 11010000010 111111111111 111111111111 21.750 55.367 1006.7 38440 16 -126 11 59 50 4 $GNGGA,,,,,,0,00,99.9,,,,,,*6F
12 Nan Nan Nan Nan Nan Nan 1101010111 100 1100101 110 1101000 11110101111 11100001011 111111111111 111111111111 1101011101 11 1101000 101 1101001 11010001000 11010000001 111111111111 111111111111 21.750 55.344 1006.7 39440 16 -126 9 59 51 4 $GNGGA,,,,,,0,00,99.9,,,,,,*6F
12 Nan Nan Nan Nan Nan Nan 1101010111 100 1100100 101 1101000 11110100010 11011111100 111111111111 111111111111 1101011101 11 1101010 101 1101000 11001111111 11001110010 111111111111 111111111111 21.750 55.337 1006.7 40439 15 -126 11 58 51 4 $GNGGA,,,,,,0,00,99.9,,,,,,*6F
12 Nan Nan Nan Nan Nan Nan 1101010111 100 1100101 110 1101000 11110100001 11011111010 111111111111 111111111111 1101011101 100 1101010 101 1101001 11010000001 11001110101 111111111111 111111111111 21.750 55.268 1006.7 41439 16 -125 10 59 51 4 $GNGGA,,,,,,0,00,99.9,,,,,,*6F
12 Nan Nan Nan Nan Nan Nan 1101010111 100 1100101 110 1100111 11110010101 11011110101 111111111111 111111111111 1101011101 11 1101010 101 1101001 11001110000 11001100100 111111111111 111111111111 21.750 55.268 1006.7 42437 17 -126 10 59 51 4 $GNGGA,,,,,,0,00,99.9,,,,,,*6F
12 Nan Nan Nan Nan Nan Nan 1101010110 100 1100101 110 1100111 11110000101 11011101000 111111111111 111111111111 1101011101 11 1101010 101 1101000 11001110001 11001100011 111111111111 111111111111 21.750 55.237 1006.7 43438 16 -125 10 59 50 5 $GNGGA,,,,,,0,00,99.9,,,,,,*6F
12 Nan Nan Nan Nan Nan Nan 1101010111 100 1100100 110 1100111 11110000110 11011100111 111111111111 111111111111 1101011101 100 1101010 101 1101000 11001100101 11001011100 111111111111 111111111111 21.750 55.146 1006.7 44436 17 -126 10 60 51 3 $GNGGA,,,,,,0,00,99.9,,,,,,*6F
12 Nan Nan Nan Nan Nan Nan 1101010111 100 1100100 101 1100111 11101111100 11011011110 111111111111 111111111111 1101011101 11 1101010 101 1101001 11001011111 11001010100 111111111111 111111111111 21.750 55.062 1006.7 45435 16 -126 11 59 51 3 $GNGGA,,,,,,0,00,99.9,,,,,,*6F
13 Nan Nan Nan Nan Nan Nan 1101010110 100 1100100 101 1100111 11110000100 11011101000 111111111111 111111111111 1101011101 100 1101001 101 1101000 11001011100 11001001011 111111111111 111111111111 21.750 55.008 1006.7 46435 16 -125 10 59 51 4 $GNGGA,,,,,,0,00,99.9,,,,,,*6F
13 Nan Nan Nan Nan Nan Nan 1101010111 100 1100100 101 1100111 11101111111 11011100111 111111111111 111111111111 1101011101 100 1101010 101 1101000 11001010011 11001000011 111111111111 111111111111 21.750 54.970 1006.7 47433 17 -126 10 58 51 3 $GNGGA,,,,,,0,00,99.9,,,,,,*6F
13 Nan Nan Nan Nan Nan Nan 1101010111 110 1100100 101 1100111 11101111011 11011100010 111111111111 111111111111 1101011101 100 1101001 101 1101000 11001001111 11000111010 111111111111 111111111111 21.750 54.947 1006.7 48433 16 -126 10 59 52 3 $GNGGA,,,,,,0,00,99.9,,,,,,*6F
13 Nan Nan Nan Nan Nan Nan 1101010111 100 1100100 101 1100110 11101110100 11011011100 111111111111 111111111111 1101011101 11 1101001 101 1101000 11001001011 11000111000 111111111111 111111111111 21.750 55.092 1006.7 49431 17 -126 9 59 51 4 $GNGGA,,,,,,0,00,99.9,,,,,,*6F
13 Nan Nan Nan Nan Nan Nan 1101010111 100 1100100 101 1100110 11101100101 11011010101 111111111111 111111111111 1101011101 11 1101001 101 1101000 11001000111 11000110110 111111111111 111111111111 21.750 55.176 1006.7 50430 16 -125 11 59 50 4 $GNGGA,,,,,,0,00,99.9,,,,,,*6F
14 Nan Nan Nan Nan Nan Nan 1101010111 100 1100100 101 1100110 11101100100 11011001101 111111111111 111111111111 1101011101 100 1101001 101 1101000 11001000000 11000101111 111111111111 111111111111 21.750 55.207 1006.7 51430 16 -126 10 60 50 4 $GNGGA,,,,,,0,00,99.9,,,,,,*6F
14 Nan Nan Nan Nan Nan Nan 1101010111 100 1100100 101 1100101 11101100000 11011001010 111111111111 111111111111 1101011101 11 1101001 101 1101000 11000110010 11000100011 111111111111 111111111111 21.750 55.337 1006.7 52428 16 -126 10 58 51 4 $GNGGA,,,,,,0,00,99.9,,,,,,*6F
14 Nan Nan Nan Nan Nan Nan 1101010111 100 1100100 101 1100110 11101010010 11011000001 111111111111 111111111111 1101011101 100 1101001 101 1101000 11000110010 11000011111 111111111111 111111111111 21.750 55.306 1006.7 53428 16 -125 10 59 51 4 $GNGGA,,,,,,0,00,99.9,,,,,,*6F
15 Nan Nan Nan Nan Nan Nan 1101010111 100 1100100 100 1100110 11101001101 11010111110 111111111111 111111111111 1101011101 11 1101001 101 1101000 11000101110 11000011100 111111111111 111111111111 21.750 55.245 1006.7 54427 17 -126 10 60 51 3 $GNGGA,,,,,,0,00,99.9,,,,,,*6F
15 Nan Nan Nan Nan Nan Nan 1101010110 100 1100100 101 1100110 11101001011 11010111010 111111111111 111111111111 1101011101 10 1101001 101 1101000 11000100011 11000010100 111111111111 111111111111 21.750 55.214 1006.7 55426 15 -126 10 58 51 5 $GNGGA,,,,,,0,00,99.9,,,,,,*6F
16 Nan Nan Nan Nan Nan Nan 1101010111 100 1100011 100 1100110 11101000001 11010110110 111111111111 111111111111 1101011101 11 1101001 101 1101000 11000100000 11000010000 111111111111 111111111111 21.750 55.146 1006.7 56425 17 -126 10 60 51 3 $GNGGA,,,,,,0,00,99.9,,,,,,*6F
16 Nan Nan Nan Nan Nan Nan 1101010111 100 1100100 100 1100110 11100111100 11010101111 111111111111 111111111111 1101011101 11 1101001 101 1101000 11000011011 11000001010 111111111111 111111111111 21.750 55.085 1006.7 57424 16 -126 11 59 51 3 $GNGGA,,,,,,0,00,99.9,,,,,,*6F
17 Nan Nan Nan Nan Nan Nan 1101010110 100 1100011 100 1100110 11100111001 11010101101 111111111111 111111111111 1101011101 11 1101000 101 1101000 11000011000 11000000011 111111111111 111111111111 21.750 55.077 1006.7 58423 15 -126 10 59 51 4 $GNGGA,,,,,,0,00,99.9,,,,,,*6F
17 Nan Nan Nan Nan Nan Nan 1101010111 100 1100011 100 1100101 11100110010 11010100101 111111111111 111111111111 1101011101 11 1101000 101 1101000 11000010100 11000000000 111111111111 111111111111 21.750 55.069 1006.7 59422 17 -126 10 60 51 3 $GNGGA,,,,,,0,00,99.9,,,,,,*6F
17 Nan Nan Nan Nan Nan Nan 1101010111 100 1100011 100 1100101 11100101000 11010100000 111111111111 111111101100 1101011101 100 1101000 101 1100111 11000001010 10111111010 111111111111 111111111111 21.750 55.039 1006.7 60422 16 -125 10 59 50 5 $GNGGA,,,,,,0,00,99.9,,,,,,*6F
17 Nan Nan Nan Nan Nan Nan 1101010110 100 1100011 100 1100101 11100011010 11010010011 111111111111 111110111000 1101011101 100 1101000 101 1100111 11000000101 10111110010 111111111111 111111111111 21.750 55.024 1006.7 61420 17 -126 9 59 51 4 $GNGGA,,,,,,0,00,99.9,,,,,,*6F
17 Nan Nan Nan Nan Nan Nan 1101010111 100 1100011 100 1100101 11100010111 11010011001 111111111111 111110000111 1101011101 11 1101000 101 1101000 11000000001 10111101101 111111111111 111111111111 21.750 54.993 1006.7 62419 16 -126 11 58 51 3 $GNGGA,,,,,,0,00,99.9,,,,,,*6F
17 Nan Nan Nan Nan Nan Nan 1101010111 100 1100011 100 1100101 11100001101 11010001100 111111111111 111101011100 1101011101 100 1100111 101 1100111 10111111110 10111101110 111111111111 111111111111 21.750 54.993 1006.7 63419 16 -126 10 60 50 4 $GNGGA,,,,,,0,00,99.9,,,,,,*6F
17 Nan Nan Nan Nan Nan Nan 1101010111 100 1100011 100 1100101 11100001101 11010001001 111111111111 111100110101 1101011101 11 1101000 101 1100111 10111111111 10111101001 111111111111 111111111111 21.750 54.986 1006.7 64417 17 -126 10 59 50 4 $GNGGA,,,,,,0,00,99.9,,,,,,*6F
18 Nan Nan Nan Nan Nan Nan 1101010110 100 1100011 100 1100101 11100000011 11010001000 111111111111 111100001111 1101011101 11 1101000 100 1100111 10111110100 10111100001 111111111111 111111111111 21.750 54.970 1006.7 65417 16 -126 10 59 52 3 $GNGGA,,,,,,0,00,99.9,,,,,,*6F
18 Nan Nan Nan Nan Nan Nan 1101010111 100 1100011 100 1100100 11011111110 11001111101 111111111111 111011100111 1101011101 11 1101000 101 1100111 10111101101 10111011000 111111111111 111111111111 21.750 55.031 1006.7 66415 16 -126 10 60 50 4 $GNGGA,,,,,,0,00,99.9,,,,,,*6F
18 Nan Nan Nan Nan Nan Nan 1101010111 100 1100011 100 1100100 11011111010 11001111100 111111111111 111010111110 1101011101 100 1101000 101 1100111 10111110001 10111011010 111111111111 111111111111 21.750 55.047 1006.7 67415 16 -125 10 58 51 4 $GNGGA,,,,,,0,00,99.9,,,,,,*6F
19 Nan Nan Nan Nan Nan Nan 1101010110 100 1100011 100 1100100 11011110001 11001110111 111111111111 111010010111 1101011101 11 1101000 101 1100111 10111100110 10111010000 111111111111 111111111111 21.750 55.031 1006.7 68414 17 -126 10 60 51 3 $GNGGA,,,,,,0,00,99.9,,,,,,*6F
19 Nan Nan Nan Nan Nan Nan 1101010111 100 1100011 100 1100100 11011101001 11001101011 111111111111 111001110101 1101011101 11 1100111 101 1100111 10111100110 10111010000 111111111111 111111111111 21.750 55.077 1006.7 69412 15 -126 11 58 51 4 $GNGGA,,,,,,0,00,99.9,,,,,,*6F
20 Nan Nan Nan Nan Nan Nan 1101010111 100 1100011 100 1100100 11011101000 11001110011 111111111111 111001000101 1101011101 11 1100111 101 1100111 10111011110 10111000110 111111111111 111111111111 21.750 55.337 1006.7 70412 15 -126 10 58 52 4 $GNGGA,,,,,,0,00,99.9,,,,,,*6F
20 Nan Nan Nan Nan Nan Nan 1101010111 100 1100100 100 1100100 11011011110 11001101100 111111111111 111000101101 1101011101 11 1100111 101 1100111 10111011110 10111000111 111111111111 111111111111 21.750 55.626 1006.7 71411 17 -126 10 60 51 3 $GNGGA,,,,,,0,00,99.9,,,,,,*6F
20 Nan Nan Nan Nan Nan Nan 1101010111 100 1100100 100 1100100 11011010100 11001100000 111111111111 111000000100 1101011101 100 1101000 101 1100111 10111010011 10110111100 111111111111 111111111111 21.750 55.832 1006.7 72411 16 -126 10 59 51 4 $GNGGA,,,,,,0,00,99.9,,,,,,*6F
20 Nan Nan Nan Nan Nan Nan 1101010110 100 1100101 100 1100011 11011011000 11001011100 111111111111 110111100111 1101011101 100 1100111 101 1100111 10111010001 10110111001 111111111111 111111111111 21.750 56.122 1006.7 73409 16 -126 10 59 51 4 $GNGGA,,,,,,0,00,99.9,,,,,,*6F
20 Nan Nan Nan Nan Nan Nan 1101010111 100 1100101 100 1100100 11011010001 11001011100 111111111111 110111001010 1101011101 11 1100111 101 1100110 10111001011 10110110111 111111111111 111111111111 21.750 56.191 1006.7 74408 16 -126 10 58 51 4 $GNGGA,,,,,,0,00,99.9,,,,,,*6F
20 Nan Nan Nan Nan Nan Nan 1101010111 100 1100110 100 1100100 11011000111 11001010110 111111111111 110110110001 1101011101 100 1100111 101 1100110 10111001101 10110110101 111111111111 111111111111 21.750 56.031 1006.7 75407 16 -126 10 60 50 4 $GNGGA,,,,,,0,00,99.9,,,,,,*6F
20 Nan Nan Nan Nan Nan Nan 1101010111 100 1100110 100 1100011 11011000000 11001001010 111111111111 110110011000 1101011101 11 1100111 101 1100110 10111000100 10110101001 111111111111 111111111111 21.750 55.901 1006.7 76406 16 -126 10 58 51 4 $GNGGA,,,,,,0,00,99.9,,,,,,*6F
20 Nan Nan Nan Nan Nan Nan 1101010111 100 1100111 101 1100011 11010111011 11001001101 111111111111 110101110111 1101011101 11 1100111 101 1100110 10110111111 10110101011 111111111111 111111111111 21.750 55.741 1006.7 77406 16 -125 10 59 52 3 $GNGGA,,,,,,0,00,99.9,,,,,,*6F
20 Nan Nan Nan Nan Nan Nan 1101010110 100 1101000 100 1100011 11010110100 11001000101 111111111111 110101011101 1101011101 100 1100111 101 1100110 10110111010 10110100011 111111111111 111111111111 21.750 55.611 1006.7 78405 17 -126 10 60 50 4 $GNGGA,,,,,,0,00,99.9,,,,,,*6F
20 Nan Nan Nan Nan Nan Nan 1101010110 100 1101010 100 1100011 11010110011 11001000001 111111111111 110100111100 1101011101 11 1100111 100 1100110 10110110001 10110011000 111111111111 111111111111 21.750 55.596 1006.7 79404 16 -125 11 58 51 3 $GNGGA,,,,,,0,00,99.9,,,,,,*6F
21 Nan Nan Nan Nan Nan Nan 1101010110 100 1101011 100 1100011 11010101101 11000110110 111111111111 110100011101 1101011101 11 1100111 100 1100110 10110110100 10110011110 111111111111 111111111111 21.750 55.596 1006.7 80403 17 -126 10 60 51 3 $GNGGA,,,,,,0,00,99.9,,,,,,*6F
21 Nan Nan Nan Nan Nan Nan 1101010111 100 1101101 100 1100011 11010101101 11000111110 111111111111 110100000000 1101011101 11 1100110 100 1100110 10110101111 10110011010 111111111111 111111111111 21.750 55.626 1006.7 81401 15 -126 11 58 51 4 $GNGGA,,,,,,0,00,99.9,,,,,,*6F
22 Nan Nan Nan Nan Nan Nan 1101010111 100 1101110 100 1100011 11010100100 11000110101 111111111111 110011101110 1101011101 11 1100110 101 1100110 10110101100 10110010011 111111111111 111111111111 21.750 55.588 1006.7 82401 15 -126 10 58 52 4 $GNGGA,,,,,,0,00,99.9,,,,,,*6F
22 Nan Nan Nan Nan Nan Nan 1101010111 100 1110010 100 1100011 11010100011 11000110011 111111111111 110011011010 1101011101 100 1100110 101 1100110 10110101010 10110001111 111111111111 111111111111 21.750 55.581 1006.7 83400 17 -126 10 60 51 3 $GNGGA,,,,,,0,00,99.9,,,,,,*6F
22 Nan Nan Nan Nan Nan Nan 1101010110 100 1110011 100 1100010 11010011100 11000110000 111111110011 110011000001 1101011101 11 1100110 101 1100110 10110100101 10110001001 111111111111 111111111111 21.750 55.565 1006.7 84400 16 -125 10 59 51 4 $GNGGA,,,,,,0,00,99.9,,,,,,*6F
22 Nan Nan Nan Nan Nan Nan 1101010111 100 1110011 100 1100011 11010011000 11000101110 111111001101 110010101010 1101011101 11 1100110 101 1100110 10110011110 10110000101 111111111111 111111111111 21.750 55.497 1006.7 85399 17 -126 10 60 50 4 $GNGGA,,,,,,0,00,99.9,,,,,,*6F
22 Nan Nan Nan Nan Nan Nan 1101010111 100 1110111 100 1100010 11010010000 11000100100 111110101011 110010010001 1101011101 11 1100110 101 1100110 10110100000 10110000110 111111111111 111111111111 21.750 55.405 1006.7 86397 16 -126 11 59 51 3 $GNGGA,,,,,,0,00,99.9,,,,,,*6F
22 Nan Nan Nan Nan Nan Nan 1101010110 100 1111001 100 1100010 11010001010 11000100011 111110001100 110001111110 1101011101 11 1100110 101 1100110 10110011000 10101111101 111111111111 111111111111 21.750 55.329 1006.7 87396 15 -126 10 60 50 4 $GNGGA,,,,,,0,00,99.9,,,,,,*6F
22 Nan Nan Nan Nan Nan Nan 1101010111 100 1111011 100 1100010 11010000010 11000011011 111101110000 110001101100 1101011101 11 1100110 101 1100101 10110010111 10110000000 111111111111 111111111111 21.750 55.260 1006.7 88395 16 -126 10 58 51 4 $GNGGA,,,,,,0,00,99.9,,,,,,*6F
23 Nan Nan Nan Nan Nan Nan 1101010111 100 1111111 100 1100010 11010000001 11000011011 111101010001 110001010101 1101011101 11 1100110 101 1100101 10110010001 10101110110 111111111111 111111111111 21.750 55.291 1006.7 89395 16 -126 10 59 52 3 $GNGGA,,,,,,0,00,99.9,,,,,,*6F
23 Nan Nan Nan Nan Nan Nan 1101010111 100 10000010 100 1100010 11001111101 11000010111 111100111100 110001000001 1101011101 11 1100101 101 1100101 10110001101 10101110000 111111111111 111111111111 21.750 55.497 1006.7 90393 17 -126 9 59 51 4 $GNGGA,,,,,,0,00,99.9,,,,,,*6F
23 Nan Nan Nan Nan Nan Nan 1101010111 100 10000101 100 1100011 11001110111 11000010101 111100011111 110000101110 1101011101 100 1100110 101 1100101 10110001110 10101110001 111111111111 111111111111 21.750 55.733 1006.7 91393 15 -125 11 58 51 4 $GNGGA,,,,,,0,00,99.9,,,,,,*6F
24 Nan Nan Nan Nan Nan Nan 1101010111 100 10000110 100 1100011 11001110010 11000001110 111100001011 110000011010 1101011101 100 1100101 101 1100101 10110001001 10101110001 111111111111 111111111111 21.750 55.764 1006.7 92392 17 -126 10 60 51 3 $GNGGA,,,,,,0,00,99.9,,,,,,*6F
24 Nan Nan Nan Nan Nan Nan 1101010111 100 10001001 100 1100011 11001110011 11000010000 111011101001 101111111111 1101011101 11 1100110 101 1100101 10110001100 10101101111 111111111111 111111111111 21.750 55.527 1006.7 93391 16 -125 11 59 50 4 $GNGGA,,,,,,0,00,99.9,,,,,,*6F
25 Nan Nan Nan Nan Nan Nan 1101010110 100 10001011 100 1100011 11001101100 11000001011 111011001110 101111110001 1101011101 100 1100101 101 1100101 10101111001 10101011110 111111111111 111111111111 21.750 55.405 1006.7 94390 16 -126 10 58 52 3 $GNGGA,,,,,,0,00,99.9,,,,,,*6F
25 Nan Nan Nan Nan Nan Nan 1101010111 100 10001111 100 1100100 11001101001 11000001000 111010111011 101111011000 1101011101 11 1100101 101 1100101 10110000000 10101100110 111111111111 111111111111 21.750 55.405 1006.7 95389 17 -126 10 60 51 3 $GNGGA,,,,,,0,00,99.9,,,,,,*6F
25 Nan Nan Nan Nan Nan Nan 1101010110 100 10010100 100 1100101 11001100000 11000000001 111010011000 101111000011 1101011101 11 1100101 101 1100101 10101110110 10101011011 111111111111 111111111111 21.750 55.665 1006.7 96388 16 -126 10 59 50 5 $GNGGA,,,,,,0,00,99.9,,,,,,*6F
25 Nan Nan Nan Nan Nan Nan 1101010111 11 10011011 100 1100110 11001011111 10111111111 111010000111 101110110110 1101011101 11 1100101 101 1100101 10101110101 10101011011 111111111111 111111111111 21.750 55.672 1006.7 97387 17 -126 10 59 51 4 $GNGGA,,,,,,0,00,99.9,,,,,,*6F
25 Nan Nan Nan Nan Nan Nan 1101010111 100 10011001 100 1100110 11001011110 10111111011 111001101101 101110011110 1101011101 11 1100101 101 1100101 10101110110 10101011001 111111111111 111111111111 21.750 55.581 1006.7 98386 16 -126 11 59 51 3 $GNGGA,,,,,,0,00,99.9,,,,,,*6F
26 Nan Nan Nan Nan Nan Nan 1101010111 100 10011101 100 1101001 11001010111 10111110111 111001010101 101110001011 1101011101 11 1100101 101 1100100 10101110101 10101010111 111111111111 111111111111 21.813 55.420 1006.7 99386 16 -125 10 60 50 4 $GNGGA,,,,,,0,00,99.9,,,,,,*6F
26 Nan Nan Nan Nan Nan Nan 1101010111 100 10100000 100 1101100 11001010011 10111110111 111001000001 101101111011 1101011101 101 1100101 101 1100101 10101101000 10101001010 111111111111 111111111111 21.750 55.359 1006.7 100384 17 -126 9 58 51 4 $GNGGA,,,,,,0,00,99.9,,,,,,*6F
27 Nan Nan Nan Nan Nan Nan 1101010111 100 10100100 100 1101110 11001010000 10111110101 111000100101 101101101110 1101011101 11 1100101 100 1100101 10101101111 10101001001 111111111111 111111111111 21.750 55.436 1006.7 101384 16 -126 10 59 52 3 $GNGGA,,,,,,0,00,99.9,,,,,,*6F
27 Nan Nan Nan Nan Nan Nan 1101010111 100 10100110 100 1110001 11001001000 10111110000 111000001101 101101011010 1101011101 11 1100101 101 1100101 10101100110 10101000111 111111111111 111111111111 21.750 55.413 1006.7 102382 17 -126 10 60 50 4 $GNGGA,,,,,,0,00,99.9,,,,,,*6F
27 Nan Nan Nan Nan Nan Nan 1101010111 100 10101010 100 1110100 11001001000 10111101001 110111111100 101101010110 1101011101 11 1100101 101 1100100 10101101001 10101001000 111111111111 111111111111 21.750 55.451 1006.7 103382 15 -125 11 58 51 4 $GNGGA,,,,,,0,00,99.9,,,,,,*6F
27 Nan Nan Nan Nan Nan Nan 1101010111 100 10110000 100 1111010 11001000100 10111100110 110111100000 101100111100 1101011101 11 1100101 101 1100100 10101100000 10101000101 111111111111 111111111111 21.813 55.649 1006.7 104381 16 -125 10 60 50 4 $GNGGA,,,,,,0,00,99.9,,,,,,*6F
27 Nan Nan Nan Nan Nan Nan 1101010111 100 10101111 100 1111111 11000110111 10111011111 110111010001 101100101101 1101011101 11 1100101 101 1100100 10101011100 10101000010 111111111111 111111111111 21.813 55.611 1006.7 105379 15 -126 11 58 51 4 $GNGGA,,,,,,0,00,99.9,,,,,,*6F
28 Nan Nan Nan Nan Nan Nan 1101010111 100 10110000 100 10000010 11000111011 10111100101 110110111100 101100100101 1101011101 11 1100101 101 1100100 10101011111 10100111101 111111111111 111111111111 21.813 55.710 1006.7 106379 16 -126 10 58 52 4 $GNGGA,,,,,,0,00,99.9,,,,,,*6F
28 Nan Nan Nan Nan Nan Nan 1101010111 100 10111010 100 10001000 11000110100 10111011110 110110101011 101100001110 1101011101 11 1100100 101 1100100 10101011100 10100111000 111111111111 111111111111 21.813 55.649 1006.7 107378 17 -125 10 60 51 3 $GNGGA,,,,,,0,00,99.9,,,,,,*6F
28 Nan Nan Nan Nan Nan Nan 1101010111 100 10111001 100 10001101 11000101111 10111010100 110110011001 101011111010 1101011101 11 1100100 101 1100100 10101010011 10100110110 111111111111 111111111111 21.813 55.558 1006.7 108378 16 -125 10 59 50 5 $GNGGA,,,,,,0,00,99.9,,,,,,*6F
29 Nan Nan Nan Nan Nan Nan 1101010110 100 10111110 100 10010010 11000110100 10111011000 110110001011 101011110110 1101011101 11 1100100 100 1100100 10101001111 10100110110 111111111111 111111111111 21.813 55.443 1006.7 109376 17 -126 10 60 51 3 $GNGGA,,,,,,0,00,99.9,,,,,,*6F
29 Nan Nan Nan Nan Nan Nan 1101010110 100 10111110 100 10011011 11000100111 10111010100 110101110110 101011100100 1101011101 11 1100100 101 1100100 10101001101 10100110001 111111111111 111111111111 21.813 55.405 1006.7 110375 16 -126 11 59 51 3 $GNGGA,,,,,,0,00,99.9,,,,,,*6F
30 Nan Nan Nan Nan Nan Nan 1101010111 100 11000010 100 10011110 11000100101 10111001110 110101100100 101011010010 1101011101 11 1100100 101 1100100 10101010001 10100110111 111111111111 111111111111 21.813 55.398 1006.7 111375 16 -125 10 60 50 4 $GNGGA,,,,,,0,00,99.9,,,,,,*6F
30 Nan Nan Nan Nan Nan Nan 1101010110 100 11001010 100 10100100 11000011110 10111001000 110101010111 101011010100 1101011101 11 1100110 101 1100100 10101001010 10100101100 111111111111 111111111111 21.813 55.344 1006.7 112373 17 -126 10 59 51 3 $GNGGA,,,,,,0,00,99.9,,,,,,*6F
30 Nan Nan Nan Nan Nan Nan 1101010110 100 11001010 100 10101011 11000100000 10111010010 110101000010 101010111101 1101011101 11 1100100 101 1100100 10101000110 10100101001 111111111111 111111111111 21.813 55.283 1006.7 113373 16 -125 10 59 51 4 $GNGGA,,,,,,0,00,99.9,,,,,,*6F
30 Nan Nan Nan Nan Nan Nan 1101010111 100 11001010 100 10110011 11000011011 10111001010 110100110001 101010101100 1101011101 11 1100100 100 1100011 10101000011 10100100101 111111111111 111111111111 21.813 55.207 1006.7 114371 17 -126 10 60 51 3 $GNGGA,,,,,,0,00,99.9,,,,,,*6F
30 Nan Nan Nan Nan Nan Nan 1101010111 100 11001100 100 10111001 11000011001 10111000010 110100011100 101010011110 1101011101 11 1100100 100 1100100 10101000100 10100100100 111111111111 111111111111 21.813 55.108 1006.7 115371 16 -125 11 59 51 3 $GNGGA,,,,,,0,00,99.9,,,,,,*6F
30 Nan Nan Nan Nan Nan Nan 1101010111 100 11010001 100 11000000 11000010010 10111000001 110100000110 101010010000 1101011101 11 1100100 101 1100011 10101000101 10100100100 111111111111 111111111111 21.813 55.039 1006.7 116370 16 -125 10 60 51 3 $GNGGA,,,,,,0,00,99.9,,,,,,*6F
30 Nan Nan Nan Nan Nan Nan 1101010111 100 11010100 100 11000100 11000001111 10110111101 110011111110 101010000100 1101011101 11 1100100 101 1100011 10100111100 10100011110 111111111111 111111111111 21.875 55.131 1006.7 117368 16 -126 11 59 50 4 $GNGGA,,,,,,0,00,99.9,,,,,,*6F
31 Nan Nan Nan Nan Nan Nan 1101010111 100 11011001 100 11001010 11000001011 10110111100 110011110010 101001111101 1101011101 11 1100100 100 1100011 10100111100 10100011000 111111111111 111111111111 21.813 55.382 1006.7 118368 16 -126 10 58 52 3 $GNGGA,,,,,,0,00,99.9,,,,,,*6F
31 Nan Nan Nan Nan Nan Nan 1101010111 100 11011100 100 11010001 11000001011 10110111001 110011011000 101001100101 1101011101 11 1100100 101 1100011 10100111000 10100011110 111111111111 111111111111 21.813 55.344 1006.7 119367 17 -126 10 60 51 3 $GNGGA,,,,,,0,00,99.9,,,,,,*6F
31 Nan Nan Nan Nan Nan Nan 1101010111 100 11011110 100 11010111 11000000001 10110110101 110011001111 101001011100 1101011101 11 1100100 100 1100011 10100111001 10100011101 111111111111 111111111111 21.813 55.695 1006.7 120367 16 -125 10 59 50 5 $GNGGA,,,,,,0,00,99.9,,,,,,*6F
32 Nan Nan Nan Nan Nan Nan 1101010111 100 11100010 100 11011111 11000000101 10110111010 110010111111 101001001001 1101011101 11 1100100 101 1100011 10100111001 10100011011 111111111111 111111111111 21.813 56.054 1006.7 121365 17 -126 10 60 51 3 $GNGGA,,,,,,0,00,99.9,,,,,,*6F
32 Nan Nan Nan Nan Nan Nan 1101010111 100 11100101 100 11100110 11000000111 10110111001 110010101110 101001000000 1101011101 11 1100100 100 1100011 10100111101 10100011111 111111111111 111111111111 21.875 56.130 1006.7 122364 16 -126 11 59 51 3 $GNGGA,,,,,,0,00,99.9,,,,,,*6F
33 Nan Nan Nan Nan Nan Nan 1101010110 100 11101001 100 11101100 10111111011 10110101111 110010011111 101000110001 1101011101 11 1100100 101 1100011 10101000000 10100100010 111111111111 111111111111 21.813 55.954 1006.7 123363 15 -126 10 58 52 4 $GNGGA,,,,,,0,00,99.9,,,,,,*6F
33 Nan Nan Nan Nan Nan Nan 1101010111 100 11101011 11 11110100 10111110111 10110101101 110010010010 101000101011 1101011101 11 1100100 101 1100011 10101000101 10100100110 111111111111 111111111111 21.875 55.611 1006.7 124362 17 -126 10 59 51 3 $GNGGA,,,,,,0,00,99.9,,,,,,*6F
33 Nan Nan Nan Nan Nan Nan 1101010111 11 11101101 100 11110110 10111110010 10110100011 110010000001 101000010111 1101011101 11 1100100 101 1100011 10101000011 10100100111 111111111111 111111111111 21.813 55.413 1006.7 125362 16 -125 10 59 51 4 $GNGGA,,,,,,0,00,99.9,,,,,,*6F
33 Nan Nan Nan Nan Nan Nan 1101010111 100 11110000 100 11111101 10111110111 10110101011 110001110011 101000000111 1101011101 11 1100011 100 1100011 10100111000 10100011001 111111111111 111111111111 21.813 55.245 1006.7 126360 16 -126 10 59 51 4 $GNGGA,,,,,,0,00,99.9,,,,,,*6F
33 Nan Nan Nan Nan Nan Nan 1101010111 100 11110011 100 100000100 10111101101 10110100011 110001011010 100111110011 1101011101 11 1100110 100 1100011 10100111011 10100011100 111111111111 111111111111 21.813 55.085 1006.7 127360 16 -124 11 59 50 4 $GNGGA,,,,,,0,00,99.9,,,,,,*6F
34 Nan Nan Nan Nan Nan Nan 1101010111 100 11111000 100 100001010 10111101111 10110100000 110001001110 100111111010 1101011100 11 1100011 100 1100011 10100111010 10100011100 111111111111 111111111111 21.813 55.039 1006.7 128358 15 -126 10 60 50 4 $GNGGA,,,,,,0,00,99.9,,,,,,*6F
34 Nan Nan Nan Nan Nan Nan 1101010111 100 11111011 100 100001111 10111110000 10110100011 110001000111 100111101100 1101011101 11 1100011 100 1100011 10100111010 10100011111 111111111111 111111111111 21.875 55.077 1006.7 129357 15 -126 11 58 51 4 $GNGGA,,,,,,0,00,99.9,,,,,,*6F
34 Nan Nan Nan Nan Nan Nan 1101010111 11 100000000 101 100010110 10111101111 10110100110 110000111001 100111011111 1101011101 11 1100011 100 1100010 10100110011 10100010100 111111111111 111111111111 21.813 54.986 1006.7 130357 16 -126 10 59 52 3 $GNGGA,,,,,,0,00,99.9,,,,,,*6F
34 Nan Nan Nan Nan Nan Nan 1101010111 100 11111110 100 100011101 10111100110 10110011100 110000100111 100111011011 1101011101 11 1100011 100 1100010 10100110000 10100001111 111111111111 111111111111 21.813 54.856 1006.7 131355 16 -126 10 60 50 4 $GNGGA,,,,,,0,00,99.9,,,,,,*6F
34 Nan Nan Nan Nan Nan Nan 1101010111 100 100000001 100 100100000 10111100100 10110010110 110000011011 100111000100 1101011101 11 1100011 100 1100010 10100110101 10100010110 111111111111 111111111111 21.813 54.978 1006.7 132355 16 -126 10 59 51 4 $GNGGA,,,,,,0,00,99.9,,,,,,*6F
35 Nan Nan Nan Nan Nan Nan 1101010111 100 100000011 100 100100101 10111011100 10110001111 110000010110 100111000100 1101011101 11 1100011 100 1100010 10100101101 10100010000 111111111111 111111111111 21.813 55.054 1006.7 133354 17 -126 10 60 51 3 $GNGGA,,,,,,0,00,99.9,,,,,,*6F
35 Nan Nan Nan Nan Nan Nan 1101010111 100 100001000 100 100101100 10111100010 10110010111 110000000110 100110110001 1101011101 11 1100011 100 1100010 10100110000 10100001111 111111111111 111111111111 21.813 55.001 1006.7 134353 16 -125 11 59 50 4 $GNGGA,,,,,,0,00,99.9,,,,,,*6F
36 Nan Nan Nan Nan Nan Nan 1101010111 100 100001100 100 100110011 10111010110 10110010001 110000000001 100110110010 1101011101 11 1100011 100 1100010 10100101101 10100001101 111111111111 111111111111 21.813 55.222 1006.7 135352 16 -126 10 59 52 3 $GNGGA,,,,,,0,00,99.9,,,,,,*6F
36 Nan Nan Nan Nan Nan Nan 1101010111 11 100001111 100 100110111 10111010010 10110001010 101111110000 100110100010 1101011101 10 1100011 100 1100010 10100101010 10100001000 111111111111 111111111111 21.813 55.008 1006.7 136351 17 -126 10 59 51 3 $GNGGA,,,,,,0,00,99.9,,,,,,*6F
36 Nan Nan Nan Nan Nan Nan 1101010111 100 100001111 11 101000100 10111010011 10110001111 101111100100 100110010011 1101011101 11 1100011 100 1100010 10100101010 10100001010 111111111111 111111100001 21.813 54.909 1006.7 137350 15 -126 10 59 51 4 $GNGGA,,,,,,0,00,99.9,,,,,,*6F
36 Nan Nan Nan Nan Nan Nan 1101010111 100 100001111 100 100111111 10111001000 10110000010 101111001111 100110000101 1101011101 11 1100011 101 1100010 10100100011 10100000011 111111111111 111100101111 21.813 54.818 1006.7 138349 17 -126 10 60 51 3 $GNGGA,,,,,,0,00,99.9,,,,,,*6F
36 Nan Nan Nan Nan Nan Nan 1101010111 100 100010101 100 101001000 10111001110 10110001001 101111000010 100101111000 1101011101 11 1100011 100 1100010 10100100110 10100001011 111111111111 111010010001 21.813 54.642 1006.7 139348 16 -125 11 59 51 3 $GNGGA,,,,,,0,00,99.9,,,,,,*6F
37 Nan Nan Nan Nan Nan Nan 1101010111 100 100011111 100 101001101 10111001000 10110000011 101111000001 100101110101 1101011101 11 1100011 100 1100010 10100100001 10100000011 111111111111 111000010001 21.813 54.688 1006.7 140347 16 -126 9 59 51 4 $GNGGA,,,,,,0,00,99.9,,,,,,*6F
37 Nan Nan Nan Nan Nan Nan 1101010111 100 100011000 100 101010110 10111000011 10110000100 101110110000 100101011111 1101011101 11 1100011 100 1100010 10100100101 10100000000 111111111111 110110011001 21.813 54.680 1006.7 141346 17 -126 10 59 51 3 $GNGGA,,,,,,0,00,99.9,,,,,,*6F
37 Nan Nan Nan Nan Nan Nan 1101010111 101 100011111 100 101011101 10110111111 10110000110 101110100011 100101011101 1101011101 11 1100011 100 1100010 10100011110 10011111111 111111111111 110101000011 21.813 54.581 1006.7 142346 16 -125 10 59 51 4 $GNGGA,,,,,,0,00,99.9,,,,,,*6F
37 Nan Nan Nan Nan Nan Nan 1101010111 100 100011100 100 101011110 10111000011 10110000010 101110011100 100101010000 1101011101 11 1100011 101 1100010 10100011100 10011111011 111111111111 110011100010 21.813 54.596 1006.7 143344 17 -126 10 60 51 3 $GNGGA,,,,,,0,00,99.9,,,,,,*6F
37 Nan Nan Nan Nan Nan Nan 1101010111 11 100100010 100 101101000 10111000001 10101111111 101110010001 100101001111 1101011101 11 1100011 100 1100010 10100010001 10011111000 111111111111 110010100100 21.813 54.642 1006.7 144344 16 -124 11 59 50 4 $GNGGA,,,,,,0,00,99.9,,,,,,*6F
38 Nan Nan Nan Nan Nan Nan 1101010111 100 100100011 100 101101001 10111000000 10101111110 101110001000 100101000111 1101011101 11 1100011 100 1100010 10100011010 10011111010 111111111111 110001011010 21.813 54.558 1006.7 145342 17 -126 9 59 51 4 $GNGGA,,,,,,0,00,99.9,,,,,,*6F
38 Nan Nan Nan Nan Nan Nan 1101010111 100 100100100 100 101110011 10110111101 10101110111 101110000010 100101000011 1101011101 11 1100010 100 1100010 10100011010 10011111000 111111111111 110000011100 21.813 54.520 1006.7 146341 15 -126 11 59 50 4 $GNGGA,,,,,,0,00,99.9,,,,,,*6F
39 Nan Nan Nan Nan Nan Nan 1101010111 100 100100111 100 101110100 10110110111 10101110110 101101101101 100100101100 1101011101 11 1100010 100 1100011 10100010101 10011110101 111111111111 101111100010 21.813 54.459 1006.7 147341 16 -126 10 59 52 3 $GNGGA,,,,,,0,00,99.9,,,,,,*6F
39 Nan Nan Nan Nan Nan Nan 1101010111 100 100101011 100 101111100 10110110110 10101110101 101101100011 100100100001 1101011101 11 1100010 100 1100010 10100010011 10011110001 111111111111 101110111100 21.813 54.398 1006.7 148340 17 -126 10 59 51 3 $GNGGA,,,,,,0,00,99.9,,,,,,*6F
40 Nan Nan Nan Nan Nan Nan 1101010111 100 100101111 100 101111101 10110110000 10101101111 101101011111 100100100000 1101011101 11 1100010 100 1100010 10100001101 10011101100 111111111111 101110001001 21.813 54.368 1006.7 149339 15 -126 10 58 51 5 $GNGGA,,,,,,0,00,99.9,,,,,,*6F
40 Nan Nan Nan Nan Nan Nan 1101010111 11 100110101 100 110000100 10110110000 10101101111 101101000101 100100001101 1101011101 11 1100010 100 1100011 10100010001 10011110010 111111111111 101101100110 21.813 54.390 1006.7 150338 17 -125 10 60 50 4 $GNGGA,,,,,,0,00,99.9,,,,,,*6F
40 Nan Nan Nan Nan Nan Nan 1101010111 100 100110001 100 110000101 10110101100 10101101110 101101000011 100100001101 1101011101 11 1100010 100 1100011 10100001110 10011101010 111111111111 101100111110 21.813 54.635 1006.7 151336 15 -126 11 58 51 4 $GNGGA,,,,,,0,00,99.9,,,,,,*6F
41 Nan Nan Nan Nan Nan Nan 1101010111 100 100111011 100 110001111 10110100111 10101101010 101100110001 100011111011 1101011101 11 1100010 100 1100011 10100000110 10011100111 111111111111 101100010001 21.813 54.680 1006.7 152336 15 -126 10 59 51 4 $GNGGA,,,,,,0,00,99.9,,,,,,*6F
41 Nan Nan Nan Nan Nan Nan 1101010111 100 100110101 100 110010100 10110101001 10101101011 101100100111 100011110110 1101011101 11 1100010 100 1100100 10100001100 10011101011 111111111111 101011100100 21.813 54.596 1006.7 153335 17 -125 10 59 50 4 $GNGGA,,,,,,0,00,99.9,,,,,,*6F
42 Nan Nan Nan Nan Nan Nan 1101010111 100 100111010 100 110011000 10110101000 10101100111 101100011110 100011011111 1101011101 11 1100010 100 1100100 10100010000 10011101100 111111111111 101010000011 21.813 54.604 1006.7 154334 15 -126 10 59 51 4 $GNGGA,,,,,,0,00,99.9,,,,,,*6F
42 Nan Nan Nan Nan Nan Nan 1101010111 100 100111011 100 110011100 10110101100 10101101001 101100010110 100011100100 1101011101 11 1100010 100 1100100 10100010110 10011110101 111111111111 101000101101 21.813 54.589 1006.7 155333 17 -126 9 59 51 4 $GNGGA,,,,,,0,00,99.9,,,,,,*6F
42 Nan Nan Nan Nan Nan Nan 1101010111 100 100111011 100 110011110 10110011110 10101100111 101100001100 100011011010 1101011101 11 1100010 100 1100101 10100010100 10011111010 111111111111 100111110100 21.813 54.490 1006.7 156333 16 -126 11 59 51 3 $GNGGA,,,,,,0,00,99.9,,,,,,*6F
42 Nan Nan Nan Nan Nan Nan 1101010111 100 101000010 100 110101010 10110100010 10101100011 101100001010 100011100001 1101011101 100 1100010 100 1100110 10100010011 10011110101 111111111111 100111100001 21.813 54.459 1006.7 157331 16 -126 10 59 51 4 $GNGGA,,,,,,0,00,99.9,,,,,,*6F
42 Nan Nan Nan Nan Nan Nan 1101010111 100 101000100 100 110101011 10110011100 10101011110 101011111111 100011001101 1101011101 11 1100010 100 1100110 10100010011 10011110001 111111111111 100110111010 21.813 54.444 1006.7 158330 16 -126 10 58 51 4 $GNGGA,,,,,,0,00,99.9,,,,,,*6F
43 Nan Nan Nan Nan Nan Nan 1101010111 100 101000111 100 110101110 10110010110 10101010110 101011110101 100011001100 1101011101 11 1100010 100 1100111 10100010110 10011110100 111111111111 100110100110 21.813 54.505 1006.7 159330 16 -126 10 59 52 3 $GNGGA,,,,,,0,00,99.9,,,,,,*6F
43 Nan Nan Nan Nan Nan Nan 1101010111 100 101000110 100 110110111 10110011101 10101100001 101011101010 100010110111 1101011101 11 1100011 100 1101000 10100001001 10011101001 111111111111 100110010011 21.813 54.490 1006.7 160328 16 -126 10 59 51 4 $GNGGA,,,,,,0,00,99.9,,,,,,*6F
44 Nan Nan Nan Nan Nan Nan 1101010111 101 101001001 100 110111001 10110010100 10101011100 101011100001 100010110010 1101011100 11 1100011 100 1101001 10100001010 10011101101 111111111111 100110001101 21.813 54.596 1006.7 161328 16 -126 10 59 51 4 $GNGGA,,,,,,0,00,99.9,,,,,,*6F
44 Nan Nan Nan Nan Nan Nan 1101010111 110 101001001 100 110111010 10110011000 10101011001 101011011110 100010100100 1101011101 11 1100011 100 1101011 10100001011 10011101011 111111111111 100110000010 21.813 54.627 1006.7 162327 17 -125 10 60 50 4 $GNGGA,,,,,,0,00,99.9,,,,,,*6F
44 Nan Nan Nan Nan Nan Nan 1101010111 1001 101001110 100 111000000 10110010100 10101010101 101011001100 100010011110 1101011101 11 1100011 100 1101011 10100001101 10011101111 111111111111 100101111100 21.813 54.505 1006.7 163325 16 -126 10 58 51 4 $GNGGA,,,,,,0,00,99.9,,,,,,*6F
45 Nan Nan Nan Nan Nan Nan 1101010111 1111 101010010 100 111000100 10110001110 10101010101 101011000110 100010011001 1101011101 11 1100011 100 1101101 10100000111 10011101010 111111111111 100101111001 21.813 54.421 1006.7 164325 16 -126 10 60 51 3 $GNGGA,,,,,,0,00,99.9,,,,,,*6F
45 Nan Nan Nan Nan Nan Nan 1101010111 10010 101010100 100 111001010 10110001001 10101001010 101010111101 100010010011 1101011101 11 1100011 100 1101111 10100000111 10011101001 111111111111 100101110000 21.813 54.505 1006.7 165324 17 -125 10 59 50 4 $GNGGA,,,,,,0,00,99.9,,,,,,*6F
46 Nan Nan Nan Nan Nan Nan 1101010111 10101 101010110 100 111001101 10110001000 10101001000 101010101110 100010000110 1101011101 11 1100011 100 1110001 10100000100 10011100100 111111111111 100101101100 21.750 54.589 1006.7 166323 16 -126 10 59 51 4 $GNGGA,,,,,,0,00,99.9,,,,,,*6F
46 Nan Nan Nan Nan Nan Nan 1101010111 10010 101010101 100 111010000 10110000111 10101001101 101010100100 100010001001 1101011101 11 1100011 101 1110011 10100000001 10011100011 111111111111 100101100011 21.750 54.558 1006.7 167322 17 -126 10 60 51 3 $GNGGA,,,,,,0,00,99.9,,,,,,*6F
46 Nan Nan Nan Nan Nan Nan 1101010111 10101 101010101 100 111010011 10110000110 10101001100 101010011101 100010000010 1101011101 11 1100011 100 1110101 10100000010 10011101000 111111111111 100101011010 21.813 54.543 1006.7 168321 16 -125 11 59 50 4 $GNGGA,,,,,,0,00,99.9,,,,,,*6F
47 Nan Nan Nan Nan Nan Nan 1101010111 10101 101011000 100 111011000 10110000010 10101001000 101010010110 100001110011 1101011101 11 1100100 100 1111001 10011111010 10011100000 111111111111 100101010001 21.813 54.612 1006.7 169320 17 -126 10 59 51 3 $GNGGA,,,,,,0,00,99.9,,,,,,*6F
47 Nan Nan Nan Nan Nan Nan 1101010111 10011 101011100 100 111010111 10110000010 10101001010 101010001110 100001101111 1101011101 11 1100100 100 1111010 10100000110 10011100101 111111111111 100101001000 21.750 54.871 1006.7 170319 16 -126 11 59 51 3 $GNGGA,,,,,,0,00,99.9,,,,,,*6F
47 Nan Nan Nan Nan Nan Nan 1101010111 111111 101011001 100 111100000 10110000001 10101001011 101010000011 100001100110 1101011101 11 1100100 100 1111100 10011111010 10011011101 111111111111 100101000110 21.750 55.008 1006.7 171319 16 -125 10 59 51 4 $GNGGA,,,,,,0,00,99.9,,,,,,*6F
47 Nan Nan Nan Nan Nan Nan 1101010110 101100 101100000 100 111101000 10101111010 10101000100 101001111010 100001010110 1101011101 11 1100100 100 10000000 10100000000 10011011111 111111111111 100100110011 21.813 54.932 1006.7 172317 17 -126 9 59 51 4 $GNGGA,,,,,,0,00,99.9,,,,,,*6F
47 Nan Nan Nan Nan Nan Nan 1101010111 110101 101100110 100 111100111 10101111101 10101001010 101001111000 100001011101 1101011100 11 1100101 100 10000001 10100000000 10011100000 111111111111 100100110110 21.750 54.925 1006.7 173316 16 -126 10 59 50 5 $GNGGA,,,,,,0,00,99.9,,,,,,*6F
47 Nan Nan Nan Nan Nan Nan 1101010111 110011 101100001 100 111101110 10101110001 10100111011 101001101000 100001010000 1101011101 11 1100101 100 10000101 10011111001 10011011010 111111111000 100100100011 21.750 54.963 1006.7 174315 17 -126 9 59 51 4 $GNGGA,,,,,,0,00,99.9,,,,,,*6F
47 Nan Nan Nan Nan Nan Nan 1101010111 110100 101100010 100 111110000 10101111100 10101000001 101001100011 100001010100 1101011101 11 1100101 100 10001000 10011111111 10011011111 111101011001 100100010100 21.750 55.047 1006.7 175314 16 -126 11 59 51 3 $GNGGA,,,,,,0,00,99.9,,,,,,*6F
47 Nan Nan Nan Nan Nan Nan 1101010111 111100 101100111 100 111110101 10101110011 10101000001 101001100011 100001010000 1101011101 11 1100110 100 10001011 10011111100 10011011100 111011100000 100100010000 21.750 55.153 1006.7 176314 16 -125 10 60 50 4 $GNGGA,,,,,,0,00,99.9,,,,,,*6F
47 Nan Nan Nan Nan Nan Nan 1101010111 1000000 101101001 100 111110111 10101101110 10100111000 101001010110 100000111111 1101011101 11 1100110 100 10001111 10011111001 10011011110 111001101011 100100000110 21.750 55.268 1006.7 177312 17 -126 10 59 50 4 $GNGGA,,,,,,0,00,99.9,,,,,,*6F
47 Nan Nan Nan Nan Nan Nan 1101010111 1000001 101101001 100 111111010 10101101110 10100111110 101001001101 100000110011 1101011101 11 1100110 100 10010011 10011110110 10011010100 110111111110 100011111011 21.813 55.245 1006.7 178312 16 -125 10 59 52 3 $GNGGA,,,,,,0,00,99.9,,,,,,*6F
47 Nan Nan Nan Nan Nan Nan 1101010111 1000111 101101010 100 1000000001 10101110110 10101000001 101000111111 100000101011 1101011101 11 1100111 100 10010100 10011101110 10011001011 110110011101 100011100101 21.750 55.199 1006.7 179310 17 -126 10 60 50 4 $GNGGA,,,,,,0,00,99.9,,,,,,*6F
47 Nan Nan Nan Nan Nan Nan 1101010111 1001110 101101011 100 1000000101 10101101011 10100111000 101000110110 100000100000 1101011101 11 1100111 100 10011000 10011110001 10011010001 110101001100 100011100100 21.813 55.115 1006.7 180310 15 -125 11 58 51 4 $GNGGA,,,,,,0,00,99.9,,,,,,*6F
47 Nan Nan Nan Nan Nan Nan 1101010111 1001110 101101100 100 1000000100 10101100101 10100110101 101000101000 100000010100 1101011101 10 1101000 100 10011011 10011110000 10011010011 110100001000 100011011100 21.750 55.047 1006.7 181309 16 -125 10 60 50 4 $GNGGA,,,,,,0,00,99.9,,,,,,*6F
47 Nan Nan Nan Nan Nan Nan 1101010111 1010110 101110101 100 1000001000 10101101101 10100110111 101000100100 100000010010 1101011101 11 1101001 100 10011110 10011110000 10011010001 110011000010 100011010000 21.750 55.237 1006.7 182308 16 -125 11 59 50 4 $GNGGA,,,,,,0,00,99.9,,,,,,*6F
48 Nan Nan Nan Nan Nan Nan 1101010111 1010100 101110000 100 1000001111 10101100110 10100110110 101000100011 100000001111 1101011101 11 1101001 100 10100011 10011110010 10011010011 110010000101 100010111101 21.750 55.588 1006.7 183307 16 -126 10 59 52 3 $GNGGA,,,,,,0,00,99.9,,,,,,*6F
48 Nan Nan Nan Nan Nan Nan 1101010111 1011011 101111000 100 1000001101 10101100010 10100110001 101000100101 100000001101 1101011101 11 1101010 100 10100101 10011101110 10011001110 110001010101 100010111101 21.813 55.825 1006.7 184306 17 -125 10 60 50 4 $GNGGA,,,,,,0,00,99.9,,,,,,*6F
48 Nan Nan Nan Nan Nan Nan 1101010111 1011100 101110100 100 1000011001 10101100001 10100101111 101000010100 100000000000 1101011101 11 1101100 100 10101011 10011100111 10011001100 110000101000 100010101101 21.813 55.840 1006.7 185305 16 -126 10 59 50 5 $GNGGA,,,,,,0,00,99.9,,,,,,*6F
49 Nan Nan Nan Nan Nan Nan 1101010111 1100011 101111001 100 1000010111 10101100001 10100101101 101000010001 100000000011 1101011101 11 1101011 101 10101101 10011100100 10011000110 101111110111 100010011110 21.750 55.802 1006.7 186304 17 -126 10 60 51 3 $GNGGA,,,,,,0,00,99.9,,,,,,*6F
49 Nan Nan Nan Nan Nan Nan 1101010110 1100100 101111100 100 1000011110 10101011101 10100110000 101000000100 11111110001 1101011101 11 1101101 100 10110001 10011101010 10011001010 101111010111 100010011101 21.813 55.687 1006.7 187302 16 -126 11 58 51 4 $GNGGA,,,,,,0,00,99.9,,,,,,*6F
50 Nan Nan Nan Nan Nan Nan 1101010111 1101000 101111011 100 1000011101 10101011111 10100101011 100111111100 11111101011 1101011101 11 1101110 100 10110011 10011101100 10011001001 101110110001 100010011000 21.813 55.604 1006.7 188302 16 -126 9 58 52 4 $GNGGA,,,,,,0,00,99.9,,,,,,*6F
50 Nan Nan Nan Nan Nan Nan 1101010111 1101101 110000000 100 1000100010 10101011100 10100100111 100111111100 11111110010 1101011101 11 1101111 100 10111000 10011100011 10011000101 101110001110 100010001101 21.813 55.550 1006.7 189301 17 -126 10 59 51 3 $GNGGA,,,,,,0,00,99.9,,,,,,*6F
50 Nan Nan Nan Nan Nan Nan 1101010111 1101101 101111100 100 1000100100 10101011011 10100100111 100111110001 11111101011 1101011101 11 1101111 100 10111100 10011100000 10010111111 101101101000 100010000001 21.813 55.504 1006.7 190301 16 -125 10 59 51 4 $GNGGA,,,,,,0,00,99.9,,,,,,*6F
50 Nan Nan Nan Nan Nan Nan 1101010111 1110001 110000001 100 1000101000 10101010110 10100100100 100111100110 11111100000 1101011101 11 1110000 100 10111110 10011011101 10010111101 101101001011 100001111100 21.813 55.420 1006.7 191299 17 -126 10 59 51 4 $GNGGA,,,,,,0,00,99.9,,,,,,*6F
50 Nan Nan Nan Nan Nan Nan 1101010111 1110100 110000011 100 1000101100 10101011001 10100101001 100111011111 11111011011 1101011101 11 1110010 100 11000011 10011100000 10010111111 101100101011 100001101010 21.813 55.344 1006.7 192299 16 -124 11 59 50 4 $GNGGA,,,,,,0,00,99.9,,,,,,*6F
51 Nan Nan Nan Nan Nan Nan 1101010111 1111010 110000011 100 1000101110 10101010101 10100100101 100111011101 11111011111 1101011101 11 1110011 100 11000101 10011100001 10011000001 101100001100 100001011001 21.813 55.367 1006.7 193298 16 -125 10 60 50 4 $GNGGA,,,,,,0,00,99.9,,,,,,*6F
51 Nan Nan Nan Nan Nan Nan 1101010111 1111100 110000111 100 1000101111 10101010000 10100100001 100111010110 11111001111 1101011101 11 1110011 100 11001100 10011011100 10010111001 101011111100 100001100001 21.813 55.550 1006.7 194296 16 -126 11 58 51 4 $GNGGA,,,,,,0,00,99.9,,,,,,*6F
51 Nan Nan Nan Nan Nan Nan 1101010111 10000000 110001001 100 1000110011 10101010001 10100100011 100111001101 11111000110 1101011101 11 1110101 100 11001100 10011011111 10010111110 101011011110 100001001110 21.813 55.611 1006.7 195296 16 -125 10 59 51 4 $GNGGA,,,,,,0,00,99.9,,,,,,*6F
51 Nan Nan Nan Nan Nan Nan 1101010111 10000011 110001010 100 1000111010 10101010000 10100100000 100111001011 11111000011 1101011101 11 1110110 100 11001111 10011011100 10010110111 101011001010 100001001001 21.875 55.260 1006.7 196294 17 -126 10 59 51 3 $GNGGA,,,,,,0,00,99.9,,,,,,*6F
51 Nan Nan Nan Nan Nan Nan 1101010111 10001000 110001010 100 1000111001 10101010010 10100100000 100111000101 11110111111 1101011101 11 1110111 100 11010011 10011010111 10010110101 101010110111 100001001001 21.813 55.413 1006.7 197294 16 -126 10 58 51 4 $GNGGA,,,,,,0,00,99.9,,,,,,*6F
