id HH MM SS longitude latitude altitude adc_1_ch0 adc_1_ch1 adc_1_ch2 adc_1_ch3 adc_1_ch4 adc_1_ch5 adc_1_ch6 adc_1_ch7 adc_1_ch8 adc_2_ch0 adc_2_ch1 adc_2_ch2 adc_2_ch3 adc_2_ch4 adc_2_ch5 adc_2_ch6 adc_2_ch7 adc_2_ch8 temp hum pres t_prog t_gps t_split t_adc t_temp t_hum t_pres trame_gga
0 Nan Nan Nan Nan Nan Nan 1101010111 10110011 110100001 100 1001011110 10100110110 10100000111 100101110001 11101101110 1101011101 11 10001100 11 100000111 10011011001 10010111011 100110111101 11111010100 21.813 54.642 795.83 1021 16 -126 11 59 51 3 $GNGGA,,,,,,0,00,99.9,,,,,,*6F
0 Nan Nan Nan Nan Nan Nan 1101010111 10110110 110100011 100 1001100110 10100110111 10100001110 100101100110 11101100101 1101011101 11 10001101 11 100001100 10011011011 10010111011 100110111000 11111001111 21.813 54.795 1006.7 2020 16 -126 10 60 50 4 $GNGGA,,,,,,0,00,99.9,,,,,,*6F
0 Nan Nan Nan Nan Nan Nan 1101010111 10110110 110100001 100 1001101011 10100101100 10100000001 100101011101 11101101100 1101011101 11 10001101 11 100001110 10011011011 10010111011 100110100010 11111001101 21.813 54.886 1006.7 3019 17 -126 10 58 51 4 $GNGGA,,,,,,0,00,99.9,,,,,,*6F
1 Nan Nan Nan Nan Nan Nan 1101010111 10111101 110101000 100 1001101000 10100101011 10011110100 100101011000 11101100110 1101011101 11 10010000 11 100010010 10011011010 10010111101 100110010010 11110111010 21.813 54.856 1006.7 4019 16 -126 10 59 52 3 $GNGGA,,,,,,0,00,99.9,,,,,,*6F
1 Nan Nan Nan Nan Nan Nan 1101010111 10111010 110100010 100 1001101101 10100110100 10100001001 100101011001 11101101000 1101011101 10 10010010 11 100010110 10011011000 10010110101 100110000110 11110110101 21.813 54.749 1006.7 5017 17 -126 9 59 51 4 $GNGGA,,,,,,0,00,99.9,,,,,,*6F
1 Nan Nan Nan Nan Nan Nan 1101010111 10111111 110101000 100 1001101101 10100101011 10100000100 100101001111 11101010110 1101011101 11 10010000 11 100010101 10011011100 10010111010 100101111010 11110101100 21.813 54.802 1006.7 6017 16 -125 11 59 51 3 $GNGGA,,,,,,0,00,99.9,,,,,,*6F
2 Nan Nan Nan Nan Nan Nan 1101010111 11000010 110101000 100 1001110000 10100101010 10011111110 100101000001 11101001011 1101011101 11 10010011 11 100011100 10011010100 10010110000 100101110001 11110100011 21.813 55.001 1006.7 7016 17 -126 10 60 50 4 $GNGGA,,,,,,0,00,99.9,,,,,,*6F
2 Nan Nan Nan Nan Nan Nan 1101010111 11000011 110101001 100 1001110100 10100101000 10011111100 100100111011 11101000101 1101011101 11 10011000 11 100100000 10011010110 10010110110 100101011110 11110100000 21.813 55.169 1006.7 8014 16 -126 11 59 50 4 $GNGGA,,,,,,0,00,99.9,,,,,,*6F
3 Nan Nan Nan Nan Nan Nan 1101010111 11000110 110101000 100 1001110110 10100100111 10100000000 100100111001 11101000110 1101011101 11 10010110 11 100100010 10011010011 10010110001 100101010110 11110011100 21.813 55.138 1006.7 9014 16 -126 10 58 52 3 $GNGGA,,,,,,0,00,99.9,,,,,,*6F
3 Nan Nan Nan Nan Nan Nan 1101010111 11001001 110101110 100 1001111001 10100101011 10100000010 100100101111 11100111111 1101011101 11 10011001 10 100100110 10011001111 10010110101 100101000011 11110001100 21.750 55.069 1006.7 10013 17 -126 10 60 51 3 $GNGGA,,,,,,0,00,99.9,,,,,,*6F
4 Nan Nan Nan Nan Nan Nan 1101010110 11001100 110101010 100 1001111100 10100101011 10100000101 100100101100 11100111010 1101011101 11 10011001 11 100101001 10011011010 10010111001 100100111011 11110001101 21.813 54.993 1006.7 11014 16 -125 10 59 50 5 $GNGGA,,,,,,0,00,99.9,,,,,,*6F
4 Nan Nan Nan Nan Nan Nan 1101010111 11001100 110101100 11 1001111111 10100100011 10011111010 100100100010 11100101110 1101011101 11 10011110 11 100101010 10011001111 10010101110 100100110100 11110001101 21.813 54.818 1006.7 12011 17 -126 10 60 50 4 $GNGGA,,,,,,0,00,99.9,,,,,,*6F
4 Nan Nan Nan Nan Nan Nan 1101010111 11010010 110110001 100 1010000000 10100100001 10011111010 100100100010 11100101100 1101011101 11 10100000 11 100101101 10011001111 10010110001 100100100001 11101111001 21.813 54.711 1006.7 13010 16 -126 11 59 51 3 $GNGGA,,,,,,0,00,99.9,,,,,,*6F
4 Nan Nan Nan Nan Nan Nan 1101010111 11010110 110110011 100 1010000010 10100011101 10011111001 100100010101 11100101011 1101011101 11 10100000 11 100110000 10011010010 10010110001 100100011011 11101111001 21.813 54.688 1006.7 14010 16 -125 10 60 50 4 $GNGGA,,,,,,0,00,99.9,,,,,,*6F
4 Nan Nan Nan Nan Nan Nan 1101010111 11011001 110110101 100 1010001000 10100011110 10011110111 100100011001 11100101011 1101011101 11 10100010 11 100110100 10011001111 10010101111 100100001010 11101100110 21.813 54.627 1006.7 15008 18 -126 9 58 51 4 $GNGGA,,,,,,0,00,99.9,,,,,,*6F
5 Nan Nan Nan Nan Nan Nan 1101010111 11011000 110110100 100 1010001011 10100011011 10011111000 100100010010 11100011110 1101011101 11 10100101 11 100110110 10011001001 10010101010 100100000110 11101100110 21.813 54.635 1006.7 16008 16 -126 10 59 52 3 $GNGGA,,,,,,0,00,99.9,,,,,,*6F
5 Nan Nan Nan Nan Nan Nan 1101010110 11011110 110111000 100 1010001100 10100011110 10011110100 100100001101 11100100101 1101011101 11 10100110 11 100111100 10011010010 10010101111 100011111111 11101100111 21.813 54.619 1006.7 17006 17 -126 10 59 51 4 $GNGGA,,,,,,0,00,99.9,,,,,,*6F
5 Nan Nan Nan Nan Nan Nan 1101010111 11100010 110111011 100 1010001110 10100011011 10011110010 100100000101 11100100100 1101011101 11 10101000 11 100111111 10011010010 10010110000 100011110101 11101011011 21.813 54.658 1006.7 18006 16 -125 10 58 51 4 $GNGGA,,,,,,0,00,99.9,,,,,,*6F
6 Nan Nan Nan Nan Nan Nan 1101011000 11011110 110110110 100 1010001101 10100010111 10011110010 100100001110 11100011000 1101011101 11 10101011 11 101000001 10011001000 10010100100 100011101010 11101011000 21.813 54.688 1006.7 19005 16 -126 10 59 51 3 $GNGGA,,,,,,0,00,99.9,,,,,,*6F
6 Nan Nan Nan Nan Nan Nan 1101010111 11100100 110111010 100 1010001111 10100010011 10011101010 100100000000 11100010101 1101011101 11 10101100 11 101000011 10011000011 10010100110 100011011110 11101010011 21.813 54.604 1006.7 20003 16 -126 11 58 51 4 $GNGGA,,,,,,0,00,99.9,,,,,,*6F
7 Nan Nan Nan Nan Nan Nan 1101010111 11100011 110111000 100 1010011000 10100011001 10011101101 100011111010 11100001101 1101011101 11 10101010 11 101000111 10011001001 10010100101 100011011000 11101010001 21.813 54.551 1006.7 21003 16 -126 10 59 52 3 $GNGGA,,,,,,0,00,99.9,,,,,,*6F
7 Nan Nan Nan Nan Nan Nan 1101010111 11101000 110111100 100 1010010111 10100010111 10011101100 100011110111 11100001101 1101011101 11 10101101 11 101001011 10011001111 10010101111 100011010111 11101001100 21.813 54.505 1006.7 22002 17 -125 10 60 50 4 $GNGGA,,,,,,0,00,99.9,,,,,,*6F
7 Nan Nan Nan Nan Nan Nan 1101010111 11101001 110111011 100 1010010110 10100010001 10011101100 100011101110 11100000000 1101011101 11 10101110 11 101001100 10011000110 10010100110 100011000101 11101001010 21.750 54.467 1006.7 23002 16 -125 10 59 50 5 $GNGGA,,,,,,0,00,99.9,,,,,,*6F
8 Nan Nan Nan Nan Nan Nan 1101010111 11101100 111000000 100 1010011000 10100010101 10011101110 100011101011 11011111100 1101011101 10 10110001 11 101010000 10011001111 10010101101 100011000010 11101000010 21.813 54.429 1006.7 24000 17 -126 10 59 51 3 $GNGGA,,,,,,0,00,99.9,,,,,,*6F
8 Nan Nan Nan Nan Nan Nan 1101010111 11110001 111000001 100 1010100000 10100010000 10011101111 100011100110 11100000100 1101011101 11 10110001 11 101010100 10011000111 10010100101 100010110011 11100111011 21.813 54.429 1006.7 24999 16 -125 11 59 50 4 $GNGGA,,,,,,0,00,99.9,,,,,,*6F
9 Nan Nan Nan Nan Nan Nan 1101010111 11110110 111000100 100 1010100000 10100001101 10011101001 100011100011 11011111101 1101011101 11 10110101 11 101010101 10011000100 10010100011 100010101110 11100111000 21.813 54.543 1006.7 25998 16 -126 10 58 52 3 $GNGGA,,,,,,0,00,99.9,,,,,,*6F
9 Nan Nan Nan Nan Nan Nan 1101010111 11110001 111000010 100 1010100001 10100001111 10011101011 100011100001 11011111010 1101011101 11 10110110 11 101011000 10011000011 10010100100 100010101001 11100101101 21.750 54.734 1006.7 26997 17 -126 10 59 51 3 $GNGGA,,,,,,0,00,99.9,,,,,,*6F
9 Nan Nan Nan Nan Nan Nan 1101010111 11111001 111000100 100 1010100101 10100001100 10011101001 100011001110 11011101000 1101011101 11 10111000 11 101011001 10011000010 10010100000 100010011110 11100110000 21.813 54.947 1006.7 27996 16 -126 10 59 51 4 $GNGGA,,,,,,0,00,99.9,,,,,,*6F
9 Nan Nan Nan Nan Nan Nan 1101010110 11111010 111000110 11 1010100110 10100000110 10011100011 100011000101 11011100110 1101011101 11 10110111 11 101100010 10011000001 10010100001 100010010011 11100101000 21.750 55.062 1006.7 28995 17 -126 9 59 51 4 $GNGGA,,,,,,0,00,99.9,,,,,,*6F
9 Nan Nan Nan Nan Nan Nan 1101010111 11111000 111000011 100 1010100111 10100000011 10011011111 100011000101 11011011111 1101011101 11 10111001 11 101100001 10010111100 10010011101 100010001111 11100100000 21.750 55.024 1006.7 29995 16 -125 11 59 51 3 $GNGGA,,,,,,0,00,99.9,,,,,,*6F
9 Nan Nan Nan Nan Nan Nan 1101010111 11111010 111000110 100 1010101011 10100001010 10011101000 100011001101 11011101001 1101011101 11 10111110 11 101100100 10011000010 10010011110 100010000010 11100011111 21.750 54.970 1006.7 30994 16 -125 10 60 50 4 $GNGGA,,,,,,0,00,99.9,,,,,,*6F
9 Nan Nan Nan Nan Nan Nan 1101010110 100000010 111001010 100 1010101001 10100000010 10011100010 100011000101 11011011101 1101011101 11 10111111 11 101100110 10010111011 10010011010 100001111000 11100010011 21.813 54.902 1006.7 31992 16 -125 11 59 51 3 $GNGGA,,,,,,0,00,99.9,,,,,,*6F
10 Nan Nan Nan Nan Nan Nan 1101010111 100000010 111001100 100 1010101101 10100000110 10011100001 100011000001 11011011100 1101011101 11 11000001 11 101101001 10010111000 10010011000 100001110001 11100001101 21.813 54.947 1006.7 32992 16 -126 10 59 52 3 $GNGGA,,,,,,0,00,99.9,,,,,,*6F
10 Nan Nan Nan Nan Nan Nan 1101010111 100000010 111001011 100 1010101110 10100000010 10011100001 100010110111 11011010000 1101011110 11 11000000 11 101101110 10010111111 10010011000 100001100110 11100000100 21.750 54.917 1006.7 33991 17 -125 10 60 50 4 $GNGGA,,,,,,0,00,99.9,,,,,,*6F
10 Nan Nan Nan Nan Nan Nan 1101010111 100000110 111001101 100 1010101110 10100000010 10011011111 100010110010 11011001001 1101011101 11 11000100 11 101110000 10010111100 10010011100 100001100010 11100001000 21.750 55.108 1006.7 34990 16 -125 10 59 50 5 $GNGGA,,,,,,0,00,99.9,,,,,,*6F
11 Nan Nan Nan Nan Nan Nan 1101010111 100001010 111010001 100 1010110011 10100000011 10011100000 100010100111 11011000111 1101011101 11 11000011 11 101110011 10010110110 10010010010 100001011000 11100000011 21.750 55.398 1006.7 35989 17 -125 10 60 50 4 $GNGGA,,,,,,0,00,99.9,,,,,,*6F
11 Nan Nan Nan Nan Nan Nan 1101010111 100001011 111010000 100 1010110001 10011111110 10011100001 100010101001 11011000100 1101011101 11 11000101 11 101110110 10010110111 10010010101 100001010001 11011111011 21.750 55.985 1006.7 36987 16 -126 11 58 51 3 $GNGGA,,,,,,0,00,99.9,,,,,,*6F
12 Nan Nan Nan Nan Nan Nan 1101010111 100010001 111010011 100 1010110111 10100000000 10011011000 100010101111 11011000110 1101011101 11 11001000 11 101111011 10010110110 10010010010 100001010110 11011111111 21.750 55.634 1006.7 37987 16 -126 10 58 52 3 $GNGGA,,,,,,0,00,99.9,,,,,,*6F
12 Nan Nan Nan Nan Nan Nan 1101010111 100010000 111010011 100 1010111000 10011111100 10011011100 100010100100 11010111011 1101011110 11 11001001 11 101111011 10010110100 10010010110 100001000111 11011110110 21.813 55.398 1006.7 38985 17 -126 10 58 51 4 $GNGGA,,,,,,0,00,99.9,,,,,,*6F
13 Nan Nan Nan Nan Nan Nan 1101010111 100010000 111010001 100 1010111010 10011111101 10011100000 100010100001 11010110010 1101011101 11 11001100 11 101111101 10010111001 10010010100 100000111001 11011101011 21.813 55.245 1006.7 39985 16 -126 9 58 52 4 $GNGGA,,,,,,0,00,99.9,,,,,,*6F
13 Nan Nan Nan Nan Nan Nan 1101010111 100010010 111010011 100 1010111111 10011111000 10011010110 100010011000 11010111110 1101011101 100 11001101 11 101111100 10010110110 10010010100 100000110110 11011101001 21.750 55.169 1006.7 40984 17 -126 10 60 51 3 $GNGGA,,,,,,0,00,99.9,,,,,,*6F
13 Nan Nan Nan Nan Nan Nan 1101010111 100010111 111010111 100 1010111100 10011110111 10011010101 100010011010 11010111010 1101011101 100 11001110 11 110000100 10010110100 10010010010 100000110000 11011100110 21.750 55.245 1006.7 41984 16 -124 11 59 50 4 $GNGGA,,,,,,0,00,99.9,,,,,,*6F
14 Nan Nan Nan Nan Nan Nan 1101010111 100010110 111010100 100 1011000000 10100000000 10011100000 100010001011 11010101110 1101011101 100 11001101 11 110000100 10010110010 10010001111 100000101110 11011100000 21.750 55.367 1006.7 42982 16 -126 10 60 51 3 $GNGGA,,,,,,0,00,99.9,,,,,,*6F
14 Nan Nan Nan Nan Nan Nan 1101010111 100010111 111010111 100 1011000011 10011101111 10011001110 100010001001 11010101110 1101011101 100 11010010 11 110001001 10010110000 10010001110 100000100011 11011100110 21.813 55.535 1006.7 43980 17 -126 10 59 50 4 $GNGGA,,,,,,0,00,99.9,,,,,,*6F
15 Nan Nan Nan Nan Nan Nan 1101010111 100011010 111011000 100 1011000100 10011111000 10011011001 100010000100 11010110000 1101011101 100 11010001 11 110001000 10010101101 10010001011 100000011001 11011010011 21.813 55.588 1006.7 44980 16 -126 10 58 52 4 $GNGGA,,,,,,0,00,99.9,,,,,,*6F
15 Nan Nan Nan Nan Nan Nan 1101010111 100011100 111011010 100 1011000011 10011110101 10011010010 100001111010 11010101010 1101011101 101 11010110 11 110001011 10010110001 10010001101 100000010100 11011001000 21.813 55.634 1006.7 45979 17 -126 10 59 51 3 $GNGGA,,,,,,0,00,99.9,,,,,,*6F
15 Nan Nan Nan Nan Nan Nan 1101010111 100011101 111011011 100 1011001001 10011111100 10011011101 100001111010 11010100100 1101011101 1001 11011001 11 110010001 10010101001 10010001101 100000001101 11011001011 21.813 55.695 1006.7 46979 16 -126 10 59 51 4 $GNGGA,,,,,,0,00,99.9,,,,,,*6F
15 Nan Nan Nan Nan Nan Nan 1101010111 100100010 111011100 11 1011001000 10011110100 10011011000 100001110011 11010011100 1101011101 101 11010100 11 110010010 10010110000 10010001111 100000000001 11011001101 21.750 55.657 1006.7 47977 17 -126 10 59 51 4 $GNGGA,,,,,,0,00,99.9,,,,,,*6F
15 Nan Nan Nan Nan Nan Nan 1101010111 100100011 111011100 100 1011001010 10011110011 10011010110 100001101111 11010010110 1101011101 1000 11010111 11 110010101 10010101010 10010001011 11111111101 11011000110 21.813 55.512 1006.7 48976 16 -125 11 59 50 4 $GNGGA,,,,,,0,00,99.9,,,,,,*6F
16 Nan Nan Nan Nan Nan Nan 1101010111 100100000 111011011 100 1011001010 10011101111 10011001111 100001100001 11010010000 1101011101 1010 11011000 11 110010101 10010101111 10010001010 11111110110 11010111110 21.813 55.367 1006.7 49975 16 -126 10 58 52 4 $GNGGA,,,,,,0,00,99.9,,,,,,*6F
16 Nan Nan Nan Nan Nan Nan 1101010111 100100110 111011011 100 1011001101 10011101101 10011001111 100001100001 11010001111 1101011101 1100 11011100 11 110011000 10010101110 10010001110 11111110011 11011000010 21.813 55.451 1006.7 50974 17 -126 10 60 51 3 $GNGGA,,,,,,0,00,99.9,,,,,,*6F
16 Nan Nan Nan Nan Nan Nan 1101010111 100100111 111011111 100 1011010100 10011110001 10011001111 100001100001 11010001110 1101011101 1111 11011010 11 110100000 10010101000 10010000100 11111101110 11010110101 21.813 55.169 1006.7 51974 16 -125 10 59 50 5 $GNGGA,,,,,,0,00,99.9,,,,,,*6F
16 Nan Nan Nan Nan Nan Nan 1101010111 100101000 111011100 100 1011001110 10011101101 10011001110 100001011110 11010001011 1101011101 10011 11100000 11 110011111 10010101110 10010001001 11111101001 11010111001 21.813 55.108 1006.7 52972 18 -126 10 59 51 3 $GNGGA,,,,,,0,00,99.9,,,,,,*6F
16 Nan Nan Nan Nan Nan Nan 1101010111 100101101 111100001 100 1011010010 10011101100 10011001011 100001011001 11010000010 1101011101 10010 11100000 11 110100011 10010101011 10010000111 11111100011 11010110110 21.813 55.047 1006.7 53971 16 -126 11 59 51 3 $GNGGA,,,,,,0,00,99.9,,,,,,*6F
16 Nan Nan Nan Nan Nan Nan 1101010111 100110000 111100100 100 1011010100 10011101001 10011001110 100001011000 11001111011 1101011101 10100 11100001 11 110100011 10010100110 10010000111 11111011100 11010110011 21.813 54.955 1006.7 54970 17 -126 9 59 51 4 $GNGGA,,,,,,0,00,99.9,,,,,,*6F
16 Nan Nan Nan Nan Nan Nan 1101010111 100101101 111100010 100 1011010110 10011100100 10011000110 100001010100 11001111011 1101011101 1001000 11100011 11 110100110 10010101000 10010000000 11111011011 11010101000 21.813 54.909 1006.7 55969 17 -126 10 58 51 4 $GNGGA,,,,,,0,00,99.9,,,,,,*6F
16 Nan Nan Nan Nan Nan Nan 1101010111 100110010 111100110 100 1011011011 10011100111 10011000101 100001001110 11001111100 1101011101 10010 11100110 11 110101010 10010100111 10010000011 11111010010 11010100111 21.813 54.986 1006.7 56969 16 -125 10 59 51 4 $GNGGA,,,,,,0,00,99.9,,,,,,*6F
16 Nan Nan Nan Nan Nan Nan 1101010111 100110001 111100110 100 1011011010 10011100100 10011000101 100001001110 11001110001 1101011101 10001 11101000 11 110101011 10010100010 10010000011 11111001101 11010100100 21.813 55.100 1006.7 57967 18 -126 9 59 51 4 $GNGGA,,,,,,0,00,99.9,,,,,,*6F
16 Nan Nan Nan Nan Nan Nan 1101010111 100110110 111100111 100 1011011011 10011100111 10011010000 100001010011 11001111001 1101011101 10001 11100100 11 110101100 10010100011 10010000010 11111001001 11010100000 21.875 55.138 1006.7 58967 16 -125 11 58 51 3 $GNGGA,,,,,,0,00,99.9,,,,,,*6F
16 Nan Nan Nan Nan Nan Nan 1101010111 100110101 111100111 100 1011011101 10011100010 10011001001 100001001001 11001110011 1101011101 10011 11101010 11 110110000 10010100100 10010000000 11110111110 11010010101 21.813 55.115 1006.7 59966 17 -126 10 60 50 4 $GNGGA,,,,,,0,00,99.9,,,,,,*6F
16 Nan Nan Nan Nan Nan Nan 1101010111 100111001 111101000 100 1011011110 10011100011 10011000011 100001000111 11001110010 1101011101 10011 11101011 11 110110001 10010100000 10001111111 11110111000 11010010110 21.813 55.031 1006.7 60964 16 -126 11 59 50 4 $GNGGA,,,,,,0,00,99.9,,,,,,*6F
16 Nan Nan Nan Nan Nan Nan 1101010111 100111010 111101010 100 1011100010 10011100000 10011000010 100001000010 11001110000 1101011101 10101 11101000 11 110110110 10010100101 10010000010 11110101100 11010001010 21.875 55.008 1006.7 61964 16 -126 10 59 52 3 $GNGGA,,,,,,0,00,99.9,,,,,,*6F
16 Nan Nan Nan Nan Nan Nan 1101010111 100111001 111101101 100 1011100001 10011011111 10011000100 100000111100 11001101011 1101011101 100100 11101111 11 110111000 10010100000 10010000010 11110110001 11010010011 21.875 54.757 1006.7 62963 17 -125 10 60 51 3 $GNGGA,,,,,,0,00,99.9,,,,,,*6F
17 Nan Nan Nan Nan Nan Nan 1101010111 100111101 111101101 100 1011100000 10011011110 10011000001 100000111000 11001100101 1101011101 110001 11101110 11 110111010 10010011110 10001111101 11110100101 11010001000 21.875 54.543 1006.7 63962 16 -126 10 58 51 5 $GNGGA,,,,,,0,00,99.9,,,,,,*6F
17 Nan Nan Nan Nan Nan Nan 1101010111 101000000 111101110 100 1011100010 10011011110 10010111101 100000110110 11001100101 1101011101 101101 11110001 11 110111010 10010100100 10001111111 11110011110 11010000100 21.813 54.581 1006.7 64961 17 -126 10 60 51 3 $GNGGA,,,,,,0,00,99.9,,,,,,*6F
17 Nan Nan Nan Nan Nan Nan 1101010111 101000001 111101110 100 1011100110 10011011001 10010111010 100000101111 11001011001 1101011101 100101 11110001 11 110111101 10010011100 10001110111 11110011010 11010000011 21.875 54.818 1006.7 65959 16 -126 11 58 51 4 $GNGGA,,,,,,0,00,99.9,,,,,,*6F
18 Nan Nan Nan Nan Nan Nan 1101010111 101000000 111101100 100 1011100111 10011011001 10010111101 100000110011 11001100100 1101011101 101110 11110010 11 111000010 10010100011 10001111110 11110011010 11001111110 21.875 54.863 1006.7 66959 16 -126 10 59 51 3 $GNGGA,,,,,,0,00,99.9,,,,,,*6F
18 Nan Nan Nan Nan Nan Nan 1101010111 101000101 111101111 100 1011101101 10011011101 10010111110 100000101011 11001011011 1101011101 110111 11110100 11 111000001 10010100001 10001111110 11110010110 11001111000 21.813 54.848 1006.7 67958 17 -126 10 59 51 3 $GNGGA,,,,,,0,00,99.9,,,,,,*6F
19 Nan Nan Nan Nan Nan Nan 1101010111 101000011 111101110 100 1011101100 10011011100 10011000110 100000101000 11001011100 1101011101 110110 11110101 11 111000011 10010011010 10001111000 11110010010 11001111111 21.875 54.749 1006.7 68957 16 -126 10 59 51 4 $GNGGA,,,,,,0,00,99.9,,,,,,*6F
19 Nan Nan Nan Nan Nan Nan 1101010111 101001000 111101111 100 1011101100 10011011000 10011000010 100000100011 11001010110 1101011101 110011 11110100 11 111000111 10010011010 10001111000 11110001110 11001111000 21.813 54.604 1006.7 69956 17 -126 10 60 51 3 $GNGGA,,,,,,0,00,99.9,,,,,,*6F
19 Nan Nan Nan Nan Nan Nan 1101010111 101001000 111101111 100 1011101110 10011011010 10010111100 100000011010 11001010010 1101011101 110110 11110100 11 111001000 10010011010 10001111101 11110000010 11001101110 21.813 54.574 1006.7 70955 16 -125 11 58 51 4 $GNGGA,,,,,,0,00,99.9,,,,,,*6F
20 Nan Nan Nan Nan Nan Nan 1101010111 101001000 111110000 100 1011101111 10011010011 10010111010 100000010101 11001000010 1101011101 111011 11110111 11 111001011 10010011001 10001110100 11110000111 11001111100 21.813 54.719 1006.7 71954 17 -126 10 59 51 4 $GNGGA,,,,,,0,00,99.9,,,,,,*6F
20 Nan Nan Nan Nan Nan Nan 1101010111 101001111 111110110 100 1011101111 10011010100 10010111011 100000011000 11001000011 1101011101 111011 11111011 11 111001011 10010010011 10001110010 11101111100 11001101010 21.813 54.810 1006.7 72953 16 -126 11 59 51 3 $GNGGA,,,,,,0,00,99.9,,,,,,*6F
21 Nan Nan Nan Nan Nan Nan 1101010111 101010000 111110110 100 1011101101 10011010000 10010110101 100000010100 11001001001 1101011101 111110 11111100 11 111001110 10010011000 10001111010 11101110101 11001100011 21.813 54.833 1006.7 73953 16 -126 10 59 52 3 $GNGGA,,,,,,0,00,99.9,,,,,,*6F
21 Nan Nan Nan Nan Nan Nan 1101010111 101010010 111111000 100 1011110011 10011010000 10010110111 100000001110 11001000101 1101011101 1000000 11111100 11 111010010 10010011001 10001110100 11101110010 11001011100 21.813 54.703 1006.7 74951 17 -126 10 60 50 4 $GNGGA,,,,,,0,00,99.9,,,,,,*6F
22 Nan Nan Nan Nan Nan Nan 1101010111 101001110 111110101 100 1011110011 10011010110 10010110111 100000010011 11001000100 1101011101 1000000 11111101 11 111010100 10010010111 10001110110 11101110010 11001100100 21.813 54.558 1006.7 75951 16 -126 10 59 51 4 $GNGGA,,,,,,0,00,99.9,,,,,,*6F
22 Nan Nan Nan Nan Nan Nan 1101010111 101001111 111110101 100 1011110011 10011001111 10010110111 100000000101 11000111001 1101011101 1000000 11111110 11 111010110 10010011001 10001110010 11101100111 11001011001 21.813 54.467 1006.7 76949 17 -126 10 60 51 3 $GNGGA,,,,,,0,00,99.9,,,,,,*6F
22 Nan Nan Nan Nan Nan Nan 1101010111 101010010 111110111 100 1011111001 10011010011 10010111000 100000000100 11000111010 1101011101 1000111 100000011 11 111011001 10010011011 10001110001 11101100110 11001011000 21.813 54.406 1006.7 77948 16 -126 11 59 51 3 $GNGGA,,,,,,0,00,99.9,,,,,,*6F
22 Nan Nan Nan Nan Nan Nan 1101010111 101010100 111110101 100 1011111011 10011001100 10010110100 100000000010 11000110100 1101011101 1001000 100000100 11 111011110 10010010110 10001110001 11101100000 11001010111 21.813 54.429 1006.7 78947 16 -126 10 60 50 4 $GNGGA,,,,,,0,00,99.9,,,,,,*6F
22 Nan Nan Nan Nan Nan Nan 1101010111 101010111 111111001 100 1011110111 10011001100 10010110001 11111111111 11000110101 1101011101 1001010 100000100 11 111011101 10010011000 10001110010 11101011010 11001010010 21.813 54.390 1006.7 79946 17 -126 10 59 51 3 $GNGGA,,,,,,0,00,99.9,,,,,,*6F
22 Nan Nan Nan Nan Nan Nan 1101010111 101011001 111111100 100 1011111110 10011001110 10010110101 11111110011 11000101100 1101011101 1001010 100000100 11 111011101 10010010110 10001110001 11101010110 11001010111 21.813 54.322 1006.7 80946 16 -125 10 59 51 4 $GNGGA,,,,,,0,00,99.9,,,,,,*6F
22 Nan Nan Nan Nan Nan Nan 1101010111 101011010 111111011 100 1011111010 10011001100 10010101110 11111110010 11000101000 1101011101 1001101 100000100 11 111100010 10010010111 10001101111 11101010111 11001010010 21.813 54.299 1006.7 81944 17 -126 10 60 50 4 $GNGGA,,,,,,0,00,99.9,,,,,,*6F
22 Nan Nan Nan Nan Nan Nan 1101010111 101011100 111111100 100 1100000000 10011001100 10010110101 11111111101 11000110010 1101011101 1010000 100000111 11 111100011 10010010100 10001101111 11101010010 11001001101 21.813 54.558 1006.7 82944 17 -125 10 58 51 4 $GNGGA,,,,,,0,00,99.9,,,,,,*6F
23 Nan Nan Nan Nan Nan Nan 1101010111 101011101 111111110 100 1011111111 10011001001 10010110000 11111110100 11000101001 1101011101 1001111 100001011 11 111100110 10010010011 10001101011 11101000101 11001000010 21.813 54.421 1006.7 83943 16 -126 10 60 51 3 $GNGGA,,,,,,0,00,99.9,,,,,,*6F
23 Nan Nan Nan Nan Nan Nan 1101010111 101011111 111111111 100 1100000010 10011001000 10010110010 11111110011 11000101001 1101011101 1010000 100001100 11 111100111 10010010011 10001101111 11101000000 11001000110 21.813 54.314 1006.7 84941 16 -126 11 58 51 4 $GNGGA,,,,,,0,00,99.9,,,,,,*6F
24 Nan Nan Nan Nan Nan Nan 1101010111 101011110 111111111 100 1100000100 10011000101 10010101110 11111101000 11000100001 1101011101 1010011 100001001 11 111101010 10010001001 10001101011 11101000001 11001000001 21.813 54.268 1006.7 85941 16 -126 10 59 52 3 $GNGGA,,,,,,0,00,99.9,,,,,,*6F
24 Nan Nan Nan Nan Nan Nan 1101010111 101100100 1000000001 101 1100000001 10011000111 10010101110 11111100111 11000011011 1101011101 1011001 100001110 11 111101011 10010001010 10001101000 11100111100 11000111101 21.813 54.284 1006.7 86939 17 -126 10 60 50 4 $GNGGA,,,,,,0,00,99.9,,,,,,*6F
24 Nan Nan Nan Nan Nan Nan 1101010111 101100100 1000000010 100 1100000010 10011000001 10010101010 11111011001 11000010011 1101011101 1011000 100001101 11 111101101 10010010000 10001101101 11100111000 11000111000 21.813 54.253 1006.7 87939 16 -126 10 58 51 5 $GNGGA,,,,,,0,00,99.9,,,,,,*6F
24 Nan Nan Nan Nan Nan Nan 1101010111 101100001 111111110 101 1100000101 10011000101 10010101010 11111100000 11000011100 1101011101 1011011 100010010 11 111110001 10010001010 10001101001 11100110001 11000110111 21.813 54.215 1006.7 88938 17 -126 10 60 51 3 $GNGGA,,,,,,0,00,99.9,,,,,,*6F
24 Nan Nan Nan Nan Nan Nan 1101010111 101101000 1000000110 101 1100001000 10010111001 10010100010 11111010101 11000010100 1101011101 1011110 100010000 11 111110010 10010001011 10001100101 11100101100 11000110010 21.813 54.238 1006.7 89936 16 -126 11 59 50 4 $GNGGA,,,,,,0,00,99.9,,,,,,*6F
25 Nan Nan Nan Nan Nan Nan 1101010111 101101000 1000000010 110 1100000111 10011000100 10010101001 11111001100 11000000011 1101011101 1100000 100010100 11 111110101 10010010000 10001101101 11100101010 11000110100 21.813 54.383 1006.7 90936 16 -126 10 58 52 4 $GNGGA,,,,,,0,00,99.9,,,,,,*6F
25 Nan Nan Nan Nan Nan Nan 1101010111 101101001 1000000100 110 1100001000 10010111111 10010100101 11111001100 11000000111 1101011101 1011101 100010100 11 111110100 10010001001 10001100110 11100100000 11000101000 21.813 54.886 1006.7 91935 17 -125 10 59 50 4 $GNGGA,,,,,,0,00,99.9,,,,,,*6F
26 Nan Nan Nan Nan Nan Nan 1101010111 101101001 1000000110 111 1100001001 10011000011 10010101110 11111001010 11000000010 1101011101 1100000 100010100 11 111111000 10010001101 10001101011 11100101010 11000110100 21.813 54.925 1006.7 92934 17 -126 9 58 52 4 $GNGGA,,,,,,0,00,99.9,,,,,,*6F
26 Nan Nan Nan Nan Nan Nan 1101010111 101110000 1000001011 1110 1100010001 10011000001 10010100011 11111001110 11000001010 1101011101 1100000 100010011 11 111111001 10010001000 10001100110 11100100001 11000101111 21.813 55.054 1006.7 93933 17 -126 10 60 51 3 $GNGGA,,,,,,0,00,99.9,,,,,,*6F
26 Nan Nan Nan Nan Nan Nan 1101010111 101101111 1000001010 1000 1100001101 10010111011 10010100110 11111001101 11000000001 1101011101 1100101 100010110 11 111111011 10010000101 10001100101 11100011010 11000100011 21.813 55.123 1006.7 94932 16 -125 11 59 50 4 $GNGGA,,,,,,0,00,99.9,,,,,,*6F
27 Nan Nan Nan Nan Nan Nan 1101010111 101101111 1000000111 10010 1100001101 10011000011 10010101010 11111000110 10111111111 1101011101 1101000 100010111 11 1000000000 10010000111 10001100100 11100010011 11000100010 21.813 54.970 1006.7 95931 17 -126 10 59 51 3 $GNGGA,,,,,,0,00,99.9,,,,,,*6F
27 Nan Nan Nan Nan Nan Nan 1101010111 101101101 1000000111 10010 1100010001 10010111010 10010100011 11110111100 10111111000 1101011101 1101000 100011010 11 1000000010 10010000111 10001100000 11100010110 11000100010 21.813 54.825 1006.7 96930 17 -125 10 59 50 4 $GNGGA,,,,,,0,00,99.9,,,,,,*6F
28 Nan Nan Nan Nan Nan Nan 1101010111 101101110 1000000110 101101 1100010010 10010110011 10010011110 11111000000 10111111100 1101011101 1101000 100010111 10 1000000000 10010000010 10001011111 11100010011 11000100001 21.813 54.772 1006.7 97929 16 -126 10 58 52 4 $GNGGA,,,,,,0,00,99.9,,,,,,*6F
28 Nan Nan Nan Nan Nan Nan 1101010111 101110001 1000001000 100110 1100010011 10010111000 10010100011 11110111010 10111110010 1101011101 1110000 100011101 11 1000000011 10010000100 10001100000 11100010010 11000011111 21.813 54.787 1006.7 98928 17 -126 10 60 51 3 $GNGGA,,,,,,0,00,99.9,,,,,,*6F
28 Nan Nan Nan Nan Nan Nan 1101010111 101110111 1000001110 10111 1100010011 10010111101 10010101000 11110110010 10111101111 1101011101 1110000 100011110 11 1000000110 10010000001 10001011110 11100000101 11000001111 21.875 54.909 1006.7 99928 16 -124 11 59 50 4 $GNGGA,,,,,,0,00,99.9,,,,,,*6F
29 Nan Nan Nan Nan Nan Nan 1101010110 101110010 1000000111 11111 1100011000 10010110011 10010100100 11110110000 10111101111 1101011101 1110001 100011100 11 1000001000 10001111001 10001011011 11100001001 11000011100 21.875 54.757 1006.7 100926 17 -126 10 59 51 4 $GNGGA,,,,,,0,00,99.9,,,,,,*6F
29 Nan Nan Nan Nan Nan Nan 1101010111 101110101 1000001000 100110 1100010111 10010111010 10010100101 11110101011 10111101001 1101011101 1110100 100100001 11 1000001010 10010000000 10001011111 11011111010 11000010111 21.875 54.604 1006.7 101925 17 -126 11 58 51 3 $GNGGA,,,,,,0,00,99.9,,,,,,*6F
29 Nan Nan Nan Nan Nan Nan 1101010111 101110111 1000001100 11000 1100010110 10010110101 10010100011 11110100001 10111100100 1101011101 1110001 100100000 11 1000001100 10010000011 10001011110 11011111000 11000001010 21.875 54.596 1006.7 102924 16 -126 10 58 52 4 $GNGGA,,,,,,0,00,99.9,,,,,,*6F
29 Nan Nan Nan Nan Nan Nan 1101010111 101111001 1000001010 111101 1100010100 10010110111 10010100110 11110101100 10111101101 1101011101 1110111 100100001 11 1000001100 10010000100 10001011010 11011111001 11000010001 21.875 54.596 1006.7 103923 17 -126 10 58 51 4 $GNGGA,,,,,,0,00,99.9,,,,,,*6F
29 Nan Nan Nan Nan Nan Nan 1101010111 101111000 1000001100 101010 1100011000 10010110100 10010011110 11110100000 10111011101 1101011101 1110110 100100001 11 1000010000 10001111111 10001011100 11011110100 11000001000 21.813 54.635 1006.7 104923 16 -126 10 59 51 4 $GNGGA,,,,,,0,00,99.9,,,,,,*6F
29 Nan Nan Nan Nan Nan Nan 1101010111 101111100 1000010011 101010 1100011000 10010110110 10010100000 11110011111 10111100000 1101011101 1110101 100100001 11 1000001111 10001111010 10001011100 11011110010 11000001100 21.875 54.581 1006.7 105921 17 -126 10 59 51 4 $GNGGA,,,,,,0,00,99.9,,,,,,*6F
29 Nan Nan Nan Nan Nan Nan 1101010111 101111101 1000010001 110011 1100011011 10010110010 10010100000 11110010111 10111011000 1101011101 1111010 100100110 11 1000010010 10001111111 10001011010 11011101111 11000000011 21.813 54.551 1006.7 106920 16 -126 11 59 51 3 $GNGGA,,,,,,0,00,99.9,,,,,,*6F
29 Nan Nan Nan Nan Nan Nan 1101010111 101111101 1000010000 101111 1100011001 10010110001 10010011110 11110011010 10111010111 1101011101 1111101 100101001 11 1000010100 10001111101 10001011100 11011100101 11000000001 21.875 54.406 1006.7 107920 16 -126 10 60 50 4 $GNGGA,,,,,,0,00,99.9,,,,,,*6F
29 Nan Nan Nan Nan Nan Nan 1101010111 110000011 1000010011 110100 1100011101 10010110010 10010011010 11110010110 10111010010 1101011101 10000000 100101000 11 1000010101 10010000010 10001011101 11011100110 11000000101 21.875 54.665 1006.7 108918 17 -126 10 58 51 4 $GNGGA,,,,,,0,00,99.9,,,,,,*6F
29 Nan Nan Nan Nan Nan Nan 1101010111 110000000 1000010101 110110 1100011110 10010101101 10010011010 11110001001 10111001101 1101011101 10000001 100101001 11 1000011001 10001111101 10001010111 11011100101 10111111100 21.875 54.673 1006.7 109918 16 -126 10 59 51 4 $GNGGA,,,,,,0,00,99.9,,,,,,*6F
29 Nan Nan Nan Nan Nan Nan 1101010111 110000010 1000010010 110101 1100100000 10010110000 10010010111 11110010000 10111010101 1101011101 10000000 100101000 11 1000011011 10001111110 10001011011 11011011011 10111111001 21.875 54.757 1006.7 110916 17 -126 10 60 50 4 $GNGGA,,,,,,0,00,99.9,,,,,,*6F
29 Nan Nan Nan Nan Nan Nan 1101010111 110000100 1000010100 110101 1100011110 10010101100 10010011000 11110001111 10111010001 1101011101 1111111 100100111 11 1000011011 10001111000 10001011000 11011011111 11000000010 21.875 55.176 1006.7 111916 17 -125 10 58 51 4 $GNGGA,,,,,,0,00,99.9,,,,,,*6F
29 Nan Nan Nan Nan Nan Nan 1101010111 110000111 1000010110 111110 1100100010 10010101010 10010010101 11110001011 10111001110 1101011101 10000110 100101011 11 1000011011 10001111010 10001011000 11011011010 10111110101 21.875 55.237 1006.7 112914 17 -126 10 59 51 4 $GNGGA,,,,,,0,00,99.9,,,,,,*6F
29 Nan Nan Nan Nan Nan Nan 1101010111 110000110 1000010110 1000001 1100100110 10010110001 10010011101 11110001100 10111001010 1101011101 10000101 100101100 11 1000011101 10001111010 10001011000 11011011001 10111111001 21.875 55.169 1006.7 113913 16 -126 11 58 51 4 $GNGGA,,,,,,0,00,99.9,,,,,,*6F
30 Nan Nan Nan Nan Nan Nan 1101010111 110001000 1000010111 1000100 1100100100 10010101111 10010100000 11110000110 10111000101 1101011101 10001001 100101100 11 1000011111 10001110110 10001010101 11011011010 10111110010 21.875 54.909 1006.7 114913 17 -126 10 58 52 3 $GNGGA,,,,,,0,00,99.9,,,,,,*6F
30 Nan Nan Nan Nan Nan Nan 1101010111 110001010 1000011101 1000011 1100100011 10010100111 10010010101 11110000100 10111000011 1101011101 10000110 100101101 11 1000100011 10001111001 10001010111 11011010010 10111110010 21.813 54.703 1006.7 115911 17 -126 10 60 50 4 $GNGGA,,,,,,0,00,99.9,,,,,,*6F
31 Nan Nan Nan Nan Nan Nan 1101010111 110001010 1000011000 1000001 1100100100 10010101000 10010001001 11110000100 10111001100 1101011101 10001011 100110000 11 1000100100 10001110110 10001010100 11011010000 10111100101 21.875 54.650 1006.7 116911 17 -126 10 59 51 4 $GNGGA,,,,,,0,00,99.9,,,,,,*6F
31 Nan Nan Nan Nan Nan Nan 1101010111 110001001 1000011001 1001100 1100100110 10010101010 10010010111 11101111110 10111000111 1101011101 10001011 100101111 11 1000100100 10001111000 10001010000 11011001000 10111101000 21.875 54.566 1006.7 117910 18 -126 10 60 51 3 $GNGGA,,,,,,0,00,99.9,,,,,,*6F
31 Nan Nan Nan Nan Nan Nan 1101010111 110001110 1000011011 1001110 1100100101 10010101001 10010010101 11101111001 10111000001 1101011101 10001100 100110100 11 1000100111 10001111110 10001011010 11011010001 10111101110 21.813 54.589 1006.7 118909 16 -125 11 59 50 4 $GNGGA,,,,,,0,00,99.9,,,,,,*6F
32 Nan Nan Nan Nan Nan Nan 1101010111 110001010 1000010110 1010001 1100101000 10010100101 10010010111 11101110111 10110111100 1101011101 10010000 100110011 11 1000100111 10001110101 10001010001 11011000010 10111100010 21.813 54.436 1006.7 119908 17 -126 10 60 51 3 $GNGGA,,,,,,0,00,99.9,,,,,,*6F
32 Nan Nan Nan Nan Nan Nan 1101010111 110001110 1000011010 1010011 1100101011 10010101011 10010010101 11101111000 10110111001 1101011101 10001110 100110010 11 1000101011 10001110101 10001010001 11010111101 10111100100 21.813 54.421 1006.7 120907 17 -126 10 59 51 3 $GNGGA,,,,,,0,00,99.9,,,,,,*6F
32 Nan Nan Nan Nan Nan Nan 1101010111 110001110 1000011010 1010100 1100101011 10010100000 10010001111 11101110000 10110110010 1101011101 10010010 100111000 11 1000101011 10001110110 10001010111 11010111101 10111011110 21.813 54.513 1006.7 121906 16 -126 10 58 52 4 $GNGGA,,,,,,0,00,99.9,,,,,,*6F
32 Nan Nan Nan Nan Nan Nan 1101010111 110001101 1000011010 1011001 1100101100 10010100110 10010010100 11101110101 10110111010 1101011101 10010000 100110100 11 1000101101 10001110101 10001010011 11010111101 10111011110 21.813 54.482 1006.7 122905 17 -126 10 60 51 3 $GNGGA,,,,,,0,00,99.9,,,,,,*6F
32 Nan Nan Nan Nan Nan Nan 1101010111 110001101 1000010101 1011010 1100110000 10010100010 10010001111 11101101111 10110110100 1101011101 10011001 100111000 11 1000101111 10001110100 10001010001 11010110110 10111011010 21.813 54.429 1006.7 123904 16 -125 11 58 51 4 $GNGGA,,,,,,0,00,99.9,,,,,,*6F
33 Nan Nan Nan Nan Nan Nan 1101010111 110010001 1000011010 1011010 1100101111 10010100110 10010010001 11101110010 10110111110 1101011101 10010100 100110110 11 1000110001 10001101111 10001001100 11010111001 10111011011 21.813 54.452 1006.7 124903 18 -126 9 59 51 4 $GNGGA,,,,,,0,00,99.9,,,,,,*6F
33 Nan Nan Nan Nan Nan Nan 1101010111 110010010 1000011110 1100101 1100110001 10010100010 10010010001 11101101011 10110110001 1101011101 10011000 100111001 11 1000110100 10001110101 10001010001 11010110001 10111011001 21.813 54.474 1006.7 125902 16 -125 11 59 50 4 $GNGGA,,,,,,0,00,99.9,,,,,,*6F
34 Nan Nan Nan Nan Nan Nan 1101010111 110010011 1000011101 1011110 1100110000 10010011110 10010001001 11101100011 10110110001 1101011101 10011001 100111010 11 1000110100 10001110001 10001001110 11010100110 10111001110 21.813 54.467 1006.7 126901 16 -126 10 59 51 4 $GNGGA,,,,,,0,00,99.9,,,,,,*6F
34 Nan Nan Nan Nan Nan Nan 1101010111 110010101 1000100000 1011110 1100110000 10010011110 10010001101 11101100000 10110110000 1101011101 10011100 100111100 11 1000110100 10001110100 10001010000 11010101010 10111010010 21.813 54.398 1006.7 127900 18 -126 9 59 51 4 $GNGGA,,,,,,0,00,99.9,,,,,,*6F
34 Nan Nan Nan Nan Nan Nan 1101010111 110011001 1000100000 1100011 1100110010 10010011111 10010001110 11101011010 10110101110 1101011101 10011001 100111011 11 1000110110 10001110100 10001001111 11010101010 10111010101 21.813 54.314 1006.7 128900 16 -125 10 59 50 5 $GNGGA,,,,,,0,00,99.9,,,,,,*6F
35 Nan Nan Nan Nan Nan Nan 1101010111 110011000 1000100000 1101001 1100110011 10010100010 10010010100 11101011110 10110101010 1101011101 10011100 100111101 11 1000111010 10001101011 10001001000 11010100011 10111010011 21.813 54.268 1006.7 129898 18 -126 9 59 51 4 $GNGGA,,,,,,0,00,99.9,,,,,,*6F
35 Nan Nan Nan Nan Nan Nan 1101010111 110011010 1000100011 1110000 1100110000 10010011010 10010000101 11101011010 10110100110 1101011101 10011110 100111111 11 1000111000 10001101101 10001001011 11010100011 10111010001 21.813 54.215 1006.7 130897 16 -126 11 59 51 3 $GNGGA,,,,,,0,00,99.9,,,,,,*6F
35 Nan Nan Nan Nan Nan Nan 1101010111 110011010 1000100011 1110011 1100110011 10010010100 10010000010 11101010101 10110011110 1101011101 10100000 100111110 11 1000111101 10001110011 10001001100 11010100010 10111010100 21.813 54.238 1006.7 131896 16 -126 10 60 50 4 $GNGGA,,,,,,0,00,99.9,,,,,,*6F
35 Nan Nan Nan Nan Nan Nan 1101010111 110011100 1000100100 1101111 1100110101 10010100100 10010010100 11101011110 10110100111 1101011101 10100001 100111110 11 1000111111 10001110001 10001001011 11010011001 10111001010 21.813 54.337 1006.7 132895 18 -126 9 58 51 4 $GNGGA,,,,,,0,00,99.9,,,,,,*6F
36 Nan Nan Nan Nan Nan Nan 1101010111 110011100 1000100010 1101101 1100110100 10010010110 10010000111 11101010101 10110100010 1101011101 10100110 101000010 11 1000111111 10001101101 10001000110 11010011001 10111001000 21.813 54.429 1006.7 133895 17 -126 10 59 52 3 $GNGGA,,,,,,0,00,99.9,,,,,,*6F
36 Nan Nan Nan Nan Nan Nan 1101010111 110011100 1000100011 1110100 1100110110 10010011110 10010001101 11101001111 10110011100 1101011101 10100101 101000100 11 1000111111 10001101011 10001000110 11010010110 10111000100 21.813 54.505 1006.7 134894 17 -125 10 60 50 4 $GNGGA,,,,,,0,00,99.9,,,,,,*6F
36 Nan Nan Nan Nan Nan Nan 1101010111 110100000 1000101000 1110000 1100110101 10010011000 10010000110 11101010011 10110100100 1101011101 10100110 101000100 11 1001000010 10001101111 10001001000 11010011010 10111000111 21.813 54.421 1006.7 135892 17 -126 11 59 51 3 $GNGGA,,,,,,0,00,99.9,,,,,,*6F
36 Nan Nan Nan Nan Nan Nan 1101010111 110011100 1000100100 1110100 1100111000 10010011010 10010001001 11101001110 10110100110 1101011101 10100011 101000101 11 1001000010 10001101110 10001001001 11010001111 10111000000 21.813 54.375 1006.7 136892 16 -125 10 60 50 4 $GNGGA,,,,,,0,00,99.9,,,,,,*6F
36 Nan Nan Nan Nan Nan Nan 1101010111 110011100 1000100001 1111100 1100111001 10010010111 10010000101 11101001100 10110011110 1101011101 10100100 101000010 11 1001000111 10001100110 10001000100 11010001110 10111000000 21.813 54.390 1006.7 137890 16 -126 11 58 51 4 $GNGGA,,,,,,0,00,99.9,,,,,,*6F
37 Nan Nan Nan Nan Nan Nan 1101010111 110100101 1000101010 1111101 1100111100 10010010001 10001111100 11101001000 10110011001 1101011101 10101000 101000110 11 1001000101 10001101000 10001000111 11010000010 10110110010 21.813 54.368 1006.7 138890 17 -126 10 59 52 3 $GNGGA,,,,,,0,00,99.9,,,,,,*6F
37 Nan Nan Nan Nan Nan Nan 1101010111 110100111 1000101001 1111111 1100111100 10010011100 10010001110 11101000100 10110010100 1101011101 10101011 101001000 11 1001001001 10001101101 10001001011 11010000100 10110110110 21.813 54.352 1006.7 139889 17 -126 10 60 51 3 $GNGGA,,,,,,0,00,99.9,,,,,,*6F
37 Nan Nan Nan Nan Nan Nan 1101010111 110100101 1000100111 10000010 1100111001 10010011010 10010000101 11101000010 10110001101 1101011101 10101101 101001000 11 1001001000 10001101000 10001000100 11010000010 10110110111 21.813 54.421 1006.7 140888 17 -126 9 58 51 5 $GNGGA,,,,,,0,00,99.9,,,,,,*6F
37 Nan Nan Nan Nan Nan Nan 1101010111 110100110 1000101000 1111101 1100111010 10010010110 10010000000 11100111111 10110001111 1101011101 10101110 101001000 11 1001001100 10001101101 10001000110 11010000111 10110110110 21.813 54.474 1006.7 141887 17 -125 10 60 50 4 $GNGGA,,,,,,0,00,99.9,,,,,,*6F
37 Nan Nan Nan Nan Nan Nan 1101010111 110101000 1000101011 10001011 1101000011 10010010111 10010001010 11100111010 10110001001 1101011101 10101111 101001000 11 1001001110 10001101101 10001001001 11001111111 10110110010 21.813 54.627 1006.7 142886 16 -125 11 59 50 4 $GNGGA,,,,,,0,00,99.9,,,,,,*6F
38 Nan Nan Nan Nan Nan Nan 1101010111 110100111 1000101010 10000111 1100111110 10010010000 10010000000 11100110110 10101111100 1101011101 10110001 101001011 11 1001001101 10001100111 10001000010 11001110111 10110101101 21.813 54.894 1006.7 143886 16 -125 10 59 51 4 $GNGGA,,,,,,0,00,99.9,,,,,,*6F
38 Nan Nan Nan Nan Nan Nan 1101010111 110101001 1000101010 10001100 1101000001 10010011000 10010001000 11100110111 10110000011 1101011101 10110000 101001101 11 1001001111 10001100011 10001000000 11001110100 10110101111 21.813 55.024 1006.7 144884 17 -125 10 59 50 4 $GNGGA,,,,,,0,00,99.9,,,,,,*6F
39 Nan Nan Nan Nan Nan Nan 1101010111 110101011 1000101100 10001110 1101000001 10010010011 10010000010 11100111000 10110000111 1101011101 10110100 101001101 11 1001010001 10001100100 10000111110 11001111001 10110110000 21.813 55.100 1006.7 145883 17 -126 10 59 51 4 $GNGGA,,,,,,0,00,99.9,,,,,,*6F
39 Nan Nan Nan Nan Nan Nan 1101010111 110101110 1000101110 10010100 1101000010 10010010010 10010000011 11100111011 10110001101 1101011101 10110110 101001101 11 1001001111 10001100111 10000111011 11001110100 10110100110 21.813 54.963 1006.7 146882 18 -126 10 60 51 3 $GNGGA,,,,,,0,00,99.9,,,,,,*6F
39 Nan Nan Nan Nan Nan Nan 1101010111 110101100 1000110000 10001101 1101000011 10010010000 10001111110 11100101110 10101111110 1101011110 10110100 101001110 11 1001010010 10001101000 10001000001 11001101101 10110100101 21.813 54.818 1006.7 147881 16 -126 11 59 50 4 $GNGGA,,,,,,0,00,99.9,,,,,,*6F
40 Nan Nan Nan Nan Nan Nan 1101010111 110101010 1000101001 10001110 1101000010 10010001101 10001111010 11100110001 10110000111 1101011101 10110111 101010010 11 1001010100 10001100101 10001000000 11001110001 10110100101 21.813 54.558 1006.7 148880 17 -126 9 59 51 4 $GNGGA,,,,,,0,00,99.9,,,,,,*6F
40 Nan Nan Nan Nan Nan Nan 1101010111 110101011 1000101100 10010110 1101000100 10010010011 10010000100 11100101110 10101111100 1101011101 10111001 101010000 11 1001010110 10001101000 10001000010 11001101010 10110101010 21.813 54.429 1006.7 149879 18 -126 10 59 51 3 $GNGGA,,,,,,0,00,99.9,,,,,,*6F
40 Nan Nan Nan Nan Nan Nan 1101010111 110101111 1000101111 10011010 1101000110 10010000101 10001111001 11100101111 10101111100 1101011101 10111001 101010010 11 1001011001 10001100001 10000111110 11001110001 10110100010 21.813 54.360 1006.7 150879 16 -125 10 59 51 4 $GNGGA,,,,,,0,00,99.9,,,,,,*6F
40 Nan Nan Nan Nan Nan Nan 1101010111 110101100 1000101101 10011100 1101000110 10010010000 10010000001 11100101011 10101111100 1101011101 10111100 101010010 11 1001011011 10001100100 10000111110 11001101101 10110100011 21.750 54.406 1006.7 151877 18 -126 10 60 51 3 $GNGGA,,,,,,0,00,99.9,,,,,,*6F
40 Nan Nan Nan Nan Nan Nan 1101010111 110101101 1000101011 10011110 1101000100 10010001010 10001111010 11100100011 10101110100 1101011101 10111101 101010010 11 1001011011 10001011111 10000111110 11001100011 10110011010 21.813 54.459 1006.7 152877 17 -126 11 59 51 3 $GNGGA,,,,,,0,00,99.9,,,,,,*6F
40 Nan Nan Nan Nan Nan Nan 1101010111 110101111 1000110010 10100000 1101001000 10010001010 10001111100 11100101011 10101110010 1101011101 10111100 101010101 11 1001011101 10001011101 10000111001 11001101001 10110011101 21.813 54.520 1006.7 153875 17 -126 10 60 50 4 $GNGGA,,,,,,0,00,99.9,,,,,,*6F
