id HH MM SS longitude latitude altitude adc_1_ch0 adc_1_ch1 adc_1_ch2 adc_1_ch3 adc_1_ch4 adc_1_ch5 adc_1_ch6 adc_1_ch7 adc_1_ch8 adc_2_ch0 adc_2_ch1 adc_2_ch2 adc_2_ch3 adc_2_ch4 adc_2_ch5 adc_2_ch6 adc_2_ch7 adc_2_ch8 temp hum pres t_prog t_gps t_split t_adc t_temp t_hum t_pres trame_gga
0 Nan Nan Nan Nan Nan Nan 1101010111 110111111 1000111010 10111001 1101010100 10010000001 10001110110 11100000111 10101010101 1101011101 11001100 101100000 11 1001101111 10001011000 10000110101 11001000110 10110000010 21.813 54.680 795.83 1000 17 -126 10 60 51 3 $GNGGA,,,,,,0,00,99.9,,,,,,*6F
0 Nan Nan Nan Nan Nan Nan 1101010111 110111011 1000111000 10111111 1101010101 10010000001 10001110100 11100000011 10101010100 1101011101 11010000 101100010 11 1001101111 10001011010 10000110111 11001000000 10110000000 21.813 54.711 1006.7 1998 17 -126 11 58 51 3 $GNGGA,,,,,,0,00,99.9,,,,,,*6F
0 Nan Nan Nan Nan Nan Nan 1101010111 110111110 1000110111 11000100 1101010111 10010000100 10001110101 11100000000 10101011010 1101011101 11001111 101011110 11 1001110010 10001011010 10000111001 11000111011 10110000000 21.750 54.787 1006.7 2998 16 -125 10 59 51 4 $GNGGA,,,,,,0,00,99.9,,,,,,*6F
0 Nan Nan Nan Nan Nan Nan 1101010111 110111100 1000110110 10111101 1101010100 10010000000 10001110101 11011111101 10101010010 1101011101 11010101 101100110 11 1001110100 10001011001 10000110010 11000111000 10101111111 21.813 54.795 1006.7 3996 18 -126 9 59 51 4 $GNGGA,,,,,,0,00,99.9,,,,,,*6F
1 Nan Nan Nan Nan Nan Nan 1101010111 111000000 1000111000 10111101 1101010010 10001111111 10001110001 11011110011 10101010011 1101011101 11010110 101100111 11 1001110100 10001010100 10000101010 11000111100 10110000001 21.750 54.825 1006.7 4996 17 -126 10 59 51 4 $GNGGA,,,,,,0,00,99.9,,,,,,*6F
1 Nan Nan Nan Nan Nan Nan 1101010111 111000000 1000111010 11000110 1101010111 10010000000 10001110001 11011111011 10101010101 1101011101 11010010 101100001 11 1001111000 10001010001 10000110010 11000110101 10101110110 21.750 54.749 1006.7 5995 18 -126 10 60 51 3 $GNGGA,,,,,,0,00,99.9,,,,,,*6F
1 Nan Nan Nan Nan Nan Nan 1101010111 111000010 1000111010 11001000 1101010111 10001111101 10001110100 11011110010 10101001110 1101011101 11011010 101101001 11 1001110111 10001010101 10000101111 11000110010 10101110110 21.813 54.650 1006.7 6994 16 -125 11 59 50 4 $GNGGA,,,,,,0,00,99.9,,,,,,*6F
2 Nan Nan Nan Nan Nan Nan 1101010111 111000011 1000111100 11000110 1101010101 10001111100 10001101111 11011101110 10101001001 1101011101 11011000 101100101 11 1001110111 10001010011 10000110100 11000110000 10101110100 21.750 54.596 1006.7 7993 17 -126 10 60 51 3 $GNGGA,,,,,,0,00,99.9,,,,,,*6F
2 Nan Nan Nan Nan Nan Nan 1101010111 111000011 1000111111 11001011 1101011000 10001111000 10001101011 11011100111 10101001100 1101011101 11010101 101100100 11 1001111010 10001010100 10000110010 11000101110 10101110100 21.750 54.627 1006.8 8992 17 -126 10 59 51 3 $GNGGA,,,,,,0,00,99.9,,,,,,*6F
3 Nan Nan Nan Nan Nan Nan 1101010111 111001001 1001000001 11001010 1101010010 10001110110 10001101000 11011101010 10101001010 1101011101 11011010 101101011 11 1001111010 10001011001 10000110000 11000101110 10101110010 21.750 54.703 1006.8 9991 17 -126 9 58 52 4 $GNGGA,,,,,,0,00,99.9,,,,,,*6F
3 Nan Nan Nan Nan Nan Nan 1101010111 111000100 1000111110 11001011 1101011001 10001111000 10001101111 11011101100 10101010000 1101011101 11011010 101100111 11 1001111101 10001010111 10000110001 11000100011 10101101111 21.750 54.726 1006.8 10990 18 -126 10 60 51 3 $GNGGA,,,,,,0,00,99.9,,,,,,*6F
3 Nan Nan Nan Nan Nan Nan 1101010111 111001001 1001000000 11010000 1101010111 10001111110 10001110001 11011101110 10101001011 1101011101 11011001 101101001 11 1001111101 10001011001 10000110100 11000100001 10101101101 21.750 54.665 1006.8 11990 16 -124 11 59 50 4 $GNGGA,,,,,,0,00,99.9,,,,,,*6F
4 Nan Nan Nan Nan Nan Nan 1101010111 111000111 1000111111 11010011 1101011011 10001111011 10001110011 11011011111 10100111101 1101011101 11011111 101101100 11 1001111111 10001011001 10000110100 11000100011 10101101101 21.750 54.627 1006.8 12988 16 -126 10 60 51 3 $GNGGA,,,,,,0,00,99.9,,,,,,*6F
4 Nan Nan Nan Nan Nan Nan 1101010111 111001010 1001000000 11010100 1101011000 10001110010 10001101001 11011100100 10100111100 1101011101 11011011 101101011 11 1001111101 10001010000 10000101110 11000100001 10101101101 21.750 54.566 1006.8 13987 16 -126 11 59 51 3 $GNGGA,,,,,,0,00,99.9,,,,,,*6F
4 Nan Nan Nan Nan Nan Nan 1101010111 111001010 1000111100 11010111 1101011100 10001110111 10001110011 11011101001 10101000001 1101011101 11011110 101101010 11 1010000010 10001010010 10000101110 11000101000 10101110001 21.750 54.543 1006.8 14986 16 -126 10 59 51 4 $GNGGA,,,,,,0,00,99.9,,,,,,*6F
4 Nan Nan Nan Nan Nan Nan 1101010111 111001011 1000111111 11010010 1101011010 10001111010 10001101001 11011101011 10101001110 1101011101 11011111 101101101 11 1010000011 10001010000 10000101101 11000011110 10101101101 21.750 54.574 1006.8 15985 17 -126 10 59 51 4 $GNGGA,,,,,,0,00,99.9,,,,,,*6F
4 Nan Nan Nan Nan Nan Nan 1101010111 111001011 1001000010 11011110 1101011111 10001110110 10001101101 11011011101 10100111011 1101011101 11100000 101101110 11 1010000011 10001001101 10000101011 11000100000 10101101011 21.750 54.642 1006.8 16985 16 -126 10 59 51 4 $GNGGA,,,,,,0,00,99.9,,,,,,*6F
4 Nan Nan Nan Nan Nan Nan 1101010111 111001001 1000111110 11101001 1101100001 10001110100 10001100110 11011100001 10101000010 1101011101 11100011 101101111 11 1010000011 10001010001 10000101101 11000011100 10101101110 21.750 54.665 1006.8 17983 18 -126 10 60 51 3 $GNGGA,,,,,,0,00,99.9,,,,,,*6F
4 Nan Nan Nan Nan Nan Nan 1101010111 111001000 1000111110 11011111 1101011101 10001110011 10001100110 11011011011 10100110101 1101011101 11100011 101101111 11 1010001000 10001010010 10000101111 11000011000 10101100110 21.750 54.757 1006.8 18982 17 -126 11 58 51 3 $GNGGA,,,,,,0,00,99.9,,,,,,*6F
4 Nan Nan Nan Nan Nan Nan 1101010111 111001111 1001000011 11100010 1101011101 10001110011 10001100111 11011100000 10100110110 1101011101 11100100 101101111 11 1010001000 10001010000 10000101001 11000010111 10101100101 21.750 54.802 1006.8 19981 16 -126 10 58 52 4 $GNGGA,,,,,,0,00,99.9,,,,,,*6F
4 Nan Nan Nan Nan Nan Nan 1101010111 111001111 1001000100 11101011 1101100101 10001110101 10001101010 11011100000 10100111000 1101011101 11100110 101110000 11 1010001000 10001010011 10000110000 11000010011 10101011110 21.750 54.696 1006.8 20981 17 -126 10 59 50 4 $GNGGA,,,,,,0,00,99.9,,,,,,*6F
5 Nan Nan Nan Nan Nan Nan 1101010111 111001111 1001000001 11110010 1101100011 10001110101 10001101011 11011010000 10100101110 1101011101 11101001 101110010 11 1010001011 10001010001 10000101101 11000011000 10101100111 21.750 54.635 1006.8 21980 17 -126 10 59 52 3 $GNGGA,,,,,,0,00,99.9,,,,,,*6F
5 Nan Nan Nan Nan Nan Nan 1101010111 111001111 1001000101 11100100 1101011111 10001110101 10001101010 11011010010 10100110000 1101011101 11101000 101110011 11 1010001010 10001001110 10000101010 11000001111 10101011101 21.750 54.741 1006.8 22979 17 -125 10 60 50 4 $GNGGA,,,,,,0,00,99.9,,,,,,*6F
5 Nan Nan Nan Nan Nan Nan 1101010111 111001111 1001000100 11100110 1101100011 10001101000 10001100011 11011001010 10100101000 1101011101 11100110 101110000 11 1010001100 10001001011 10000101001 11000010100 10101100110 21.750 55.176 1006.8 23977 16 -126 11 58 51 4 $GNGGA,,,,,,0,00,99.9,,,,,,*6F
5 Nan Nan Nan Nan Nan Nan 1101010111 111010011 1001001000 11101100 1101100011 10001110000 10001101001 11011001100 10100100111 1101011101 11100111 101110100 11 1010001100 10001001011 10000101001 11000001110 10101011111 21.750 55.520 1006.8 24976 16 -126 10 60 50 4 $GNGGA,,,,,,0,00,99.9,,,,,,*6F
5 Nan Nan Nan Nan Nan Nan 1101010111 111010011 1001000111 11101111 1101100100 10001110000 10001100000 11011001100 10100100011 1101011101 11101011 101110101 11 1010001110 10001001110 10000101011 11000001100 10101010110 21.750 55.558 1006.8 25975 16 -126 11 58 51 4 $GNGGA,,,,,,0,00,99.9,,,,,,*6F
5 Nan Nan Nan Nan Nan Nan 1101010111 111010010 1001000111 11101100 1101100010 10001111001 10001101011 11011000111 10100100110 1101011101 11101011 101110110 11 1010010000 10001001101 10000100111 11000000111 10101010101 21.750 55.543 1006.8 26975 16 -126 10 59 52 3 $GNGGA,,,,,,0,00,99.9,,,,,,*6F
5 Nan Nan Nan Nan Nan Nan 1101010111 111010100 1001001001 11110000 1101100011 10001101110 10001100110 11011010010 10100110010 1101011101 11101110 101110110 11 1010010000 10001001101 10000100111 11000000100 10101010101 21.750 55.695 1006.8 27974 17 -125 10 60 50 4 $GNGGA,,,,,,0,00,99.9,,,,,,*6F
5 Nan Nan Nan Nan Nan Nan 1101010111 111010101 1001000110 11110010 1101100100 10001101010 10001100011 11011000011 10100100001 1101011101 11101110 101111001 10 1010010001 10001000101 10000011110 11000000111 10101011001 21.750 55.619 1006.8 28973 16 -126 10 59 50 5 $GNGGA,,,,,,0,00,99.9,,,,,,*6F
5 Nan Nan Nan Nan Nan Nan 1101010111 111010111 1001001000 11110010 1101100100 10001110100 10001101000 11011000101 10100011110 1101011101 11101110 101111001 11 1010010100 10001001011 10000101001 11000000010 10101010010 21.750 55.634 1006.8 29972 17 -126 10 60 51 3 $GNGGA,,,,,,0,00,99.9,,,,,,*6F
5 Nan Nan Nan Nan Nan Nan 1101010111 111010110 1001000110 11110010 1101100011 10001101111 10001100110 11011000100 10100100111 1101011101 11110010 101111011 11 1010010011 10001001111 10000100100 10111111110 10101001111 21.750 55.535 1006.8 30970 16 -126 11 59 50 4 $GNGGA,,,,,,0,00,99.9,,,,,,*6F
6 Nan Nan Nan Nan Nan Nan 1101010111 111011001 1001001100 11111011 1101101010 10001101111 10001100100 11010111110 10100100101 1101011101 11110001 101111010 11 1010010111 10001001001 10000101010 10111111101 10101010100 21.750 55.291 1006.8 31970 16 -126 10 58 52 4 $GNGGA,,,,,,0,00,99.9,,,,,,*6F
6 Nan Nan Nan Nan Nan Nan 1101010111 111011000 1001001100 11110011 1101100110 10001110000 10001100111 11010111101 10100100100 1101011101 11110110 101111101 11 1010010111 10001000110 10000100101 10111110110 10101010001 21.750 55.108 1006.8 32969 17 -125 10 60 50 4 $GNGGA,,,,,,0,00,99.9,,,,,,*6F
7 Nan Nan Nan Nan Nan Nan 1101010111 111011010 1001001110 11110101 1101100101 10001101100 10001100011 11010111100 10100011110 1101011101 11110011 101111010 11 1010010111 10001000100 10000100000 10111111110 10101010000 21.750 55.024 1006.8 33968 16 -126 10 58 51 5 $GNGGA,,,,,,0,00,99.9,,,,,,*6F
7 Nan Nan Nan Nan Nan Nan 1101010111 111011001 1001001101 11111000 1101100111 10001100110 10001100001 11010111010 10100011011 1101011101 11110101 101111100 11 1010011000 10001000101 10000011111 10111111001 10101001101 21.750 55.367 1006.8 34967 18 -126 10 59 51 3 $GNGGA,,,,,,0,00,99.9,,,,,,*6F
7 Nan Nan Nan Nan Nan Nan 1101010111 111010110 1001001000 11110111 1101101000 10001101010 10001100011 11010111011 10100010110 1101011101 11110100 101111000 11 1010011000 10001000101 10000100010 10111111100 10101000111 21.750 55.535 1006.8 35965 16 -126 11 58 51 4 $GNGGA,,,,,,0,00,99.9,,,,,,*6F
8 Nan Nan Nan Nan Nan Nan 1101010111 111011101 1001001111 11111001 1101100110 10001101001 10001011111 11010110101 10100010011 1101011101 11111001 101111101 11 1010011001 10001000000 10000100001 10111110011 10101001001 21.750 55.527 1006.8 36965 17 -126 9 59 51 4 $GNGGA,,,,,,0,00,99.9,,,,,,*6F
8 Nan Nan Nan Nan Nan Nan 1101010111 111011001 1001001010 11111111 1101101001 10001110100 10001101000 11010110110 10100010110 1101011101 11110110 110000000 11 1010011101 10001000011 10000100000 10111111111 10101001010 21.750 55.459 1006.8 37964 18 -126 10 58 51 3 $GNGGA,,,,,,0,00,99.9,,,,,,*6F
8 Nan Nan Nan Nan Nan Nan 1101010111 111011100 1001001101 100000100 1101101011 10001100100 10001011001 11010110001 10100010101 1101011101 11110110 110000000 11 1010011101 10001000110 10000100001 10111110011 10101000010 21.750 55.657 1006.8 38964 16 -125 10 59 51 4 $GNGGA,,,,,,0,00,99.9,,,,,,*6F
8 Nan Nan Nan Nan Nan Nan 1101010111 111011100 1001001101 11111011 1101101000 10001101000 10001100000 11010101101 10100001111 1101011101 11110110 101111100 11 1010011011 10001001000 10000100010 10111110001 10101000110 21.750 56.061 1006.8 39962 18 -126 9 59 51 4 $GNGGA,,,,,,0,00,99.9,,,,,,*6F
8 Nan Nan Nan Nan Nan Nan 1101010111 111011010 1001001100 100000001 1101101110 10001100101 10001010111 11010110000 10100010011 1101011101 11111010 110000010 11 1010011110 10001000000 10000011100 10111110111 10101001000 21.750 55.916 1006.8 40961 16 -125 11 59 50 4 $GNGGA,,,,,,0,00,99.9,,,,,,*6F
9 Nan Nan Nan Nan Nan Nan 1101010111 111011101 1001010000 100000011 1101101010 10001100101 10001011100 11010110100 10100010100 1101011101 11111011 110000001 11 1010100000 10001001000 10000100011 10111110000 10101000011 21.750 55.832 1006.8 41960 17 -126 10 59 51 4 $GNGGA,,,,,,0,00,99.9,,,,,,*6F
9 Nan Nan Nan Nan Nan Nan 1101010111 111011110 1001001110 100000011 1101101010 10001101010 10001100001 11010101101 10100010001 1101011101 11111101 110000011 11 1010100000 10001001001 10000101000 10111101111 10101001010 21.750 55.710 1006.8 42959 17 -126 11 59 51 3 $GNGGA,,,,,,0,00,99.9,,,,,,*6F
9 Nan Nan Nan Nan Nan Nan 1101010111 111100000 1001001111 100001000 1101110010 10001100101 10001011101 11010101011 10100000101 1101011101 11111100 110000100 11 1010100001 10001000100 10000100001 10111101111 10101000110 21.750 55.619 1006.8 43958 16 -126 10 58 52 4 $GNGGA,,,,,,0,00,99.9,,,,,,*6F
9 Nan Nan Nan Nan Nan Nan 1101010111 111011111 1001001110 100001011 1101101111 10001100100 10001011010 11010101011 10100001000 1101011101 100000000 110000010 11 1010100010 10001000010 10000011100 10111100111 10100111111 21.750 55.481 1006.8 44957 17 -126 10 59 51 4 $GNGGA,,,,,,0,00,99.9,,,,,,*6F
9 Nan Nan Nan Nan Nan Nan 1101010111 111100000 1001001110 100001011 1101101100 10001100110 10001011110 11010101011 10100001011 1101011101 100000000 110000110 11 1010100010 10001000000 10000011100 10111100100 10100111110 21.750 55.337 1006.8 45957 16 -125 10 59 50 5 $GNGGA,,,,,,0,00,99.9,,,,,,*6F
9 Nan Nan Nan Nan Nan Nan 1101010111 111100001 1001001110 100001011 1101101110 10001100010 10001011001 11010101010 10100000111 1101011101 11111101 110000001 11 1010100101 10001000111 10000100001 10111101010 10100111110 21.750 55.092 1006.8 46956 17 -126 10 60 50 4 $GNGGA,,,,,,0,00,99.9,,,,,,*6F
9 Nan Nan Nan Nan Nan Nan 1101010111 111100010 1001010100 100010001 1101110000 10001100011 10001011001 11010100101 10100000011 1101011101 100000011 110001000 11 1010100110 10000111111 10000011010 10111100100 10100111111 21.750 54.917 1006.8 47954 16 -126 11 59 50 4 $GNGGA,,,,,,0,00,99.9,,,,,,*6F
10 Nan Nan Nan Nan Nan Nan 1101010111 111100100 1001010001 100010110 1101110000 10001100111 10001011110 11010100100 10100000110 1101011101 100000011 110000111 11 1010100111 10000111110 10000010111 10111100100 10101000010 21.750 54.734 1006.8 48954 16 -125 10 60 50 4 $GNGGA,,,,,,0,00,99.9,,,,,,*6F
10 Nan Nan Nan Nan Nan Nan 1101010111 111011111 1001001101 100010101 1101110011 10001100101 10001011011 11010100010 10100000111 1101011101 11111111 110000100 11 1010100111 10000111111 10000011011 10111101000 10100111011 21.750 54.673 1006.8 49952 18 -126 10 59 51 3 $GNGGA,,,,,,0,00,99.9,,,,,,*6F
10 Nan Nan Nan Nan Nan Nan 1101010111 111100011 1001001101 100010101 1101110010 10001100001 10001011010 11010100111 10100001100 1101011101 100000101 110001000 11 1010101000 10000111101 10000011011 10111100001 10100111000 21.750 54.833 1006.8 50952 16 -125 10 59 51 4 $GNGGA,,,,,,0,00,99.9,,,,,,*6F
10 Nan Nan Nan Nan Nan Nan 1101010111 111100011 1001010011 100010100 1101110001 10001011111 10001011000 11010011100 10100000101 1101011101 100000101 110001001 1 1010101000 10001000000 10000011100 10111100100 10100111101 21.750 54.909 1006.8 51951 17 -126 10 60 50 4 $GNGGA,,,,,,0,00,99.9,,,,,,*6F
10 Nan Nan Nan Nan Nan Nan 1101010111 111101000 1001010100 100010101 1101110010 10001011110 10001010110 11010100100 10100001001 1101011101 100000100 110000111 11 1010101011 10000111110 10000011011 10111010101 10100110011 21.813 54.902 1006.8 52950 17 -125 11 58 51 3 $GNGGA,,,,,,0,00,99.9,,,,,,*6F
10 Nan Nan Nan Nan Nan Nan 1101010111 111100111 1001010011 100010110 1101110001 10001011010 10001010011 11010100111 10100000110 1101011101 100000111 110001000 11 1010101011 10000111110 10000011011 10111011100 10100111010 21.750 54.848 1006.8 53949 16 -125 10 60 51 3 $GNGGA,,,,,,0,00,99.9,,,,,,*6F
10 Nan Nan Nan Nan Nan Nan 1101010111 111101001 1001010111 100001111 1101110000 10001011101 10001011001 11010010110 10011111010 1101011101 100000111 110001000 11 1010101100 10001000000 10000011100 10111010110 10100110000 21.750 54.795 1006.8 54947 16 -126 11 59 51 3 $GNGGA,,,,,,0,00,99.9,,,,,,*6F
11 Nan Nan Nan Nan Nan Nan 1101010111 111101001 1001010101 100011100 1101110110 10001100010 10001011100 11010011010 10011111001 1101011101 100000111 110001011 11 1010101111 10000111011 10000010101 10111010110 10100110001 21.813 54.886 1006.8 55947 17 -126 10 58 52 3 $GNGGA,,,,,,0,00,99.9,,,,,,*6F
11 Nan Nan Nan Nan Nan Nan 1101010111 111100110 1001010101 100011011 1101110100 10001011010 10001010100 11010011101 10011110110 1101011101 100001101 110001101 11 1010110000 10001000000 10000011100 10111011011 10100110000 21.750 54.932 1006.8 56946 18 -126 10 60 51 3 $GNGGA,,,,,,0,00,99.9,,,,,,*6F
11 Nan Nan Nan Nan Nan Nan 1101010111 111101000 1001010110 100100101 1101110110 10001011011 10001010111 11010010100 10011110001 1101011101 100001011 110001101 11 1010101111 10001000010 10000011011 10111010101 10100110010 21.750 55.024 1006.8 57945 16 -126 10 59 50 5 $GNGGA,,,,,,0,00,99.9,,,,,,*6F
12 Nan Nan Nan Nan Nan Nan 1101010111 111101011 1001010110 100011101 1101110011 10001011010 10001010011 11010010100 10011101110 1101011101 100001111 110001111 11 1010110000 10000111110 10000011101 10111011001 10100110100 21.750 55.024 1006.8 58944 18 -126 10 60 51 3 $GNGGA,,,,,,0,00,99.9,,,,,,*6F
12 Nan Nan Nan Nan Nan Nan 1101010111 111101101 1001011001 100101000 1101111001 10001011110 10001010111 11010010001 10011101110 1101011101 100001011 110001101 11 1010110001 10000111100 10000010110 10111010100 10100110011 21.750 54.993 1006.8 59942 17 -126 10 58 51 4 $GNGGA,,,,,,0,00,99.9,,,,,,*6F
13 Nan Nan Nan Nan Nan Nan 1101010111 111101100 1001011010 100011111 1101110101 10001010110 10001010010 11010001110 10011101011 1101011101 100010000 110001110 11 1010110001 10000111101 10000010101 10111010000 10100101100 21.750 54.810 1006.8 60942 17 -126 10 59 52 3 $GNGGA,,,,,,0,00,99.9,,,,,,*6F
13 Nan Nan Nan Nan Nan Nan 1101010111 111101001 1001010101 100100100 1101110101 10001011001 10001010010 11010001101 10011101111 1101011101 100001001 110001111 11 1010110011 10000111101 10000010000 10111001011 10100101011 21.750 54.658 1006.8 61941 17 -126 10 59 51 3 $GNGGA,,,,,,0,00,99.9,,,,,,*6F
13 Nan Nan Nan Nan Nan Nan 1101010111 111101010 1001011001 100100010 1101110101 10001011001 10001010110 11010001010 10011110000 1101011101 100010000 110010010 11 1010110100 10000111011 10000010110 10111001100 10100101000 21.750 54.650 1006.8 62940 16 -126 10 58 52 4 $GNGGA,,,,,,0,00,99.9,,,,,,*6F
13 Nan Nan Nan Nan Nan Nan 1101010111 111101111 1001011100 100100101 1101110111 10001010101 10001010101 11010001101 10011111100 1101011101 100010001 110010001 11 1010110111 10000110101 10000010010 10111000110 10100100101 21.750 54.772 1006.8 63939 18 -126 10 60 51 3 $GNGGA,,,,,,0,00,99.9,,,,,,*6F
13 Nan Nan Nan Nan Nan Nan 1101010111 111101010 1001010100 100100111 1101110110 10001011000 10001010010 11010000110 10011111010 1101011101 100010010 110010001 11 1010110110 10000110011 10000010010 10111001011 10100101001 21.750 54.772 1006.8 64937 16 -126 11 58 51 4 $GNGGA,,,,,,0,00,99.9,,,,,,*6F
14 Nan Nan Nan Nan Nan Nan 1101010111 111101111 1001011010 100101111 1101111100 10001010111 10001001101 11010000110 10011110000 1101011101 100010000 110010010 11 1010111001 10000111000 10000011001 10111000110 10100100010 21.750 54.650 1006.8 65937 17 -126 10 59 51 3 $GNGGA,,,,,,0,00,99.9,,,,,,*6F
14 Nan Nan Nan Nan Nan Nan 1101010111 111110010 1001011100 100101100 1101111100 10001010001 10001001010 11010000111 10011110011 1101011101 100010111 110010110 11 1010110111 10000111011 10000010011 10111000011 10100011011 21.750 54.635 1006.8 66936 17 -126 11 59 51 3 $GNGGA,,,,,,0,00,99.9,,,,,,*6F
14 Nan Nan Nan Nan Nan Nan 1101010111 111101110 1001011010 100110001 1101111011 10001010110 10001010011 11001111101 10011100010 1101011101 100010110 110010101 11 1010110101 10000111010 10000010100 10111000101 10100100001 21.750 54.665 1006.8 67936 16 -125 10 59 51 4 $GNGGA,,,,,,0,00,99.9,,,,,,*6F
14 Nan Nan Nan Nan Nan Nan 1101010111 111110011 1001011100 100110100 1101111111 10001010111 10001010011 11010000011 10011100110 1101011101 100010011 110010001 11 1010111001 10000110110 10000010100 10110111010 10100011001 21.750 54.612 1006.8 68934 18 -126 9 59 51 4 $GNGGA,,,,,,0,00,99.9,,,,,,*6F
14 Nan Nan Nan Nan Nan Nan 1101010111 111101111 1001011001 100110001 1101111000 10001011001 10001010010 11001111110 10011100110 1101011101 100011001 110010110 11 1010111100 10000110111 10000010101 10110111011 10100011001 21.750 54.413 1006.8 69934 16 -126 10 59 51 4 $GNGGA,,,,,,0,00,99.9,,,,,,*6F
15 Nan Nan Nan Nan Nan Nan 1101010111 111110001 1001011000 100110100 1101111011 10001010010 10001001010 11010000000 10011100110 1101011101 100010111 110010101 11 1010111110 10000111011 10000010101 10110111000 10100100000 21.750 54.383 1006.8 70932 17 -126 10 60 51 3 $GNGGA,,,,,,0,00,99.9,,,,,,*6F
15 Nan Nan Nan Nan Nan Nan 1101010111 111110010 1001011010 100101110 1101111001 10001010111 10001010001 11001110100 10011100000 1101011101 100010101 110010100 11 1011000000 10000111000 10000010110 10110111000 10100011001 21.813 54.444 1006.8 71931 16 -125 11 59 50 4 $GNGGA,,,,,,0,00,99.9,,,,,,*6F
16 Nan Nan Nan Nan Nan Nan 1101010111 111110010 1001011101 100110001 1101111100 10001001101 10001000101 11001111011 10011100111 1101011101 100010100 110010101 11 1010111101 10000110000 10000001011 10110111010 10100010101 21.750 54.627 1006.8 72930 16 -126 10 58 52 4 $GNGGA,,,,,,0,00,99.9,,,,,,*6F
16 Nan Nan Nan Nan Nan Nan 1101010111 111110000 1001011011 100110100 1101111011 10001010010 10001001010 11001110101 10011011101 1101011101 100010111 110010110 11 1011000000 10000111100 10000010110 10110110110 10100010111 21.813 54.772 1006.8 73929 17 -126 10 59 50 4 $GNGGA,,,,,,0,00,99.9,,,,,,*6F
17 Nan Nan Nan Nan Nan Nan 1101010111 111110101 1001011110 100111011 1101111100 10001010010 10001010001 11001110011 10011011101 1101011101 100011001 110010111 11 1011000010 10000110101 10000010001 10110110110 10100011100 21.750 54.825 1006.8 74929 17 -126 10 59 52 3 $GNGGA,,,,,,0,00,99.9,,,,,,*6F
17 Nan Nan Nan Nan Nan Nan 1101010111 111110101 1001011110 100111000 1101111111 10001011001 10001010001 11001111010 10011101010 1101011101 100011011 110011001 11 1011000001 10000111001 10000010000 10110111010 10100011000 21.750 54.886 1006.8 75927 17 -126 10 59 51 4 $GNGGA,,,,,,0,00,99.9,,,,,,*6F
17 Nan Nan Nan Nan Nan Nan 1101010111 111110110 1001011111 100111010 1101111111 10001010000 10001001100 11001111000 10011100110 1101011101 100011001 110011000 11 1011000010 10000101111 10000010001 10110110000 10100010101 21.813 54.902 1006.8 76926 17 -126 11 58 51 3 $GNGGA,,,,,,0,00,99.9,,,,,,*6F
17 Nan Nan Nan Nan Nan Nan 1101010111 111110101 1001011100 100111100 1101111111 10001010001 10001001111 11001101110 10011100000 1101011101 100011101 110011100 100 1011000110 10000110101 10000010010 10110101010 10100010001 21.813 54.902 1006.8 77926 16 -126 10 60 51 3 $GNGGA,,,,,,0,00,99.9,,,,,,*6F
17 Nan Nan Nan Nan Nan Nan 1101011000 111110100 1001011100 100111100 1110000010 10001001100 10001001000 11001110100 10011100000 1101011110 100100010 110011110 11 1011000010 10000110011 10000001110 10110110001 10100011000 21.813 55.108 1006.8 78924 17 -126 10 58 51 4 $GNGGA,,,,,,0,00,99.9,,,,,,*6F
18 Nan Nan Nan Nan Nan Nan 1101011000 111111000 1001100001 100111100 1110000011 10001010001 10001000111 11001110000 10011011110 1101011101 100011110 110011100 11 1011000101 10000110011 10000001110 10110110001 10100001110 21.813 55.283 1006.8 79924 16 -126 10 58 52 4 $GNGGA,,,,,,0,00,99.9,,,,,,*6F
18 Nan Nan Nan Nan Nan Nan 1101010111 111111011 1001100000 100111111 1110000011 10001001111 10001000111 11001101001 10011011110 1101011101 100011110 110011011 11 1011000101 10000110010 10000001101 10110101011 10100010101 21.813 55.108 1006.8 80923 17 -125 10 60 50 4 $GNGGA,,,,,,0,00,99.9,,,,,,*6F
18 Nan Nan Nan Nan Nan Nan 1101010111 111111011 1001011110 101000001 1110000010 10001010100 10001001110 11001111000 10011100000 1101011101 100100001 110011011 10 1011000100 10000101110 10000001010 10110101000 10100001101 21.813 54.947 1006.8 81922 17 -126 9 58 51 5 $GNGGA,,,,,,0,00,99.9,,,,,,*6F
19 Nan Nan Nan Nan Nan Nan 1101010111 111111001 1001100010 101000100 1110000001 10001001110 10001000011 11001101111 10011011100 1101011101 100100001 110011100 11 1011000111 10000110100 10000010000 10110110001 10100010100 21.813 54.856 1006.8 82921 18 -126 10 60 51 3 $GNGGA,,,,,,0,00,99.9,,,,,,*6F
19 Nan Nan Nan Nan Nan Nan 1101010111 111111001 1001100011 101000010 1101111110 10001010001 10001001110 11001101001 10011011110 1101011101 100100001 110011100 11 1011001000 10000110111 10000010000 10110101001 10100010001 21.813 54.825 1006.8 83920 16 -125 11 59 50 4 $GNGGA,,,,,,0,00,99.9,,,,,,*6F
19 Nan Nan Nan Nan Nan Nan 1101010111 111111011 1001100011 101001001 1110000110 10001001100 10001001011 11001101001 10011011000 1101011110 100100010 110011111 11 1011001001 10000110001 10000001100 10110110001 10100010000 21.813 55.008 1006.8 84919 16 -125 10 59 51 4 $GNGGA,,,,,,0,00,99.9,,,,,,*6F
19 Nan Nan Nan Nan Nan Nan 1101010111 111111000 1001100000 101000111 1110000011 10001001010 10001000100 11001100100 10011001110 1101011101 100100011 110100001 11 1011001000 10000101101 10000001011 10110101010 10100000111 21.813 55.138 1006.8 85917 18 -126 9 59 51 4 $GNGGA,,,,,,0,00,99.9,,,,,,*6F
20 Nan Nan Nan Nan Nan Nan 1101010111 111111111 1001100111 101001011 1110000001 10001001101 10001000110 11001100101 10011001011 1101011101 100100101 110011111 11 1011001011 10000110011 10000001000 10110100010 10100001000 21.813 54.848 1006.8 86917 16 -126 10 58 51 5 $GNGGA,,,,,,0,00,99.9,,,,,,*6F
20 Nan Nan Nan Nan Nan Nan 1101010111 111111011 1001100010 101000110 1110000000 10001001100 10001000110 11001100100 10011010100 1101011101 100100010 110011111 11 1011001011 10000101101 10000001011 10110100010 10100000110 21.813 54.841 1006.8 87916 18 -126 10 59 51 3 $GNGGA,,,,,,0,00,99.9,,,,,,*6F
20 Nan Nan Nan Nan Nan Nan 1101010111 111111110 1001100101 101010000 1110000110 10001001100 10001000011 11001100010 10011001011 1101011101 100100111 110100001 11 1011001011 10000110011 10000010010 10110100010 10100001001 21.813 54.726 1006.8 88915 16 -125 11 59 50 4 $GNGGA,,,,,,0,00,99.9,,,,,,*6F
21 Nan Nan Nan Nan Nan Nan 1101010111 111111110 1001100110 101001001 1110000100 10001001100 10001001100 11001100011 10011001010 1101011101 100100001 110011110 10 1011001101 10000110010 10000001011 10110100100 10100001100 21.813 54.619 1006.8 89914 17 -126 10 59 51 3 $GNGGA,,,,,,0,00,99.9,,,,,,*6F
21 Nan Nan Nan Nan Nan Nan 1101010111 111111100 1001100011 101001000 1110000010 10001001101 10001000001 11001011100 10011000011 1101011101 100101010 110100010 11 1011001110 10000110010 10000001001 10110011101 10100001000 21.813 54.513 1006.8 90913 17 -125 10 59 50 4 $GNGGA,,,,,,0,00,99.9,,,,,,*6F
22 Nan Nan Nan Nan Nan Nan 1101010111 111111111 1001100100 101001100 1110000100 10001001010 10001000100 11001011100 10011001011 1101011110 100101001 110100010 11 1011001111 10000101000 10000001010 10110011111 10100001011 21.813 54.368 1006.8 91913 16 -125 10 59 51 4 $GNGGA,,,,,,0,00,99.9,,,,,,*6F
22 Nan Nan Nan Nan Nan Nan 1101010111 111111110 1001100011 101010111 1110001000 10001001000 10001001000 11001100001 10011001011 1101011101 100101000 110100000 11 1011001100 10000101111 10000001101 10110011010 10100000110 21.875 54.368 1006.8 92911 18 -126 9 59 51 4 $GNGGA,,,,,,0,00,99.9,,,,,,*6F
22 Nan Nan Nan Nan Nan Nan 1101010111 111111111 1001100100 101010100 1110001010 10001001001 10001000001 11001010111 10011000100 1101011101 100101100 110100110 11 1011001111 10000101111 10000000111 10110011100 10100000001 21.813 54.307 1006.8 93911 17 -125 11 59 51 3 $GNGGA,,,,,,0,00,99.9,,,,,,*6F
22 Nan Nan Nan Nan Nan Nan 1101010111 1000000010 1001101000 101001100 1110000010 10001001101 10001000110 11001010010 10010111110 1101011101 100101100 110100110 11 1011010001 10000101110 10000001001 10110011011 10100000001 21.813 54.268 1006.8 94909 18 -126 10 60 51 3 $GNGGA,,,,,,0,00,99.9,,,,,,*6F
22 Nan Nan Nan Nan Nan Nan 1101010111 1000000001 1001100111 101010011 1110000111 10001001000 10001000110 11001011011 10011000000 1101011101 100101011 110100101 11 1011010000 10000101100 10000000100 10110011010 10100000000 21.813 54.154 1006.8 95908 16 -126 11 59 51 3 $GNGGA,,,,,,0,00,99.9,,,,,,*6F
22 Nan Nan Nan Nan Nan Nan 1101010111 1000000000 1001100110 101010010 1110000110 10001000110 10001000100 11001010101 10011000110 1101011101 100101110 110100101 11 1011010010 10000101011 10000000110 10110100001 10100000101 21.875 54.223 1006.8 96907 17 -126 10 58 52 3 $GNGGA,,,,,,0,00,99.9,,,,,,*6F
22 Nan Nan Nan Nan Nan Nan 1101010111 1000000011 1001101000 101011100 1110000111 10001001001 10000111111 11001011100 10011001011 1101011101 100101100 110100111 11 1011010100 10000101100 10000001011 10110010100 10011111010 21.875 54.345 1006.8 97906 17 -126 10 60 51 3 $GNGGA,,,,,,0,00,99.9,,,,,,*6F
22 Nan Nan Nan Nan Nan Nan 1101010111 1000000000 1001100110 101011011 1110001000 10001000000 10000111110 11001010001 10011001000 1101011101 100101101 110100111 11 1011010111 10000101010 10000000111 10110011010 10100000001 21.875 54.390 1006.8 98906 16 -126 10 59 50 5 $GNGGA,,,,,,0,00,99.9,,,,,,*6F
23 Nan Nan Nan Nan Nan Nan 1101010111 111111111 1001100101 101011011 1110001000 10001001100 10001001001 11001010011 10011000110 1101011101 100101110 110101000 11 1011010111 10000101101 10000001010 10110010001 10011110101 21.875 54.490 1006.8 99904 18 -126 10 60 51 3 $GNGGA,,,,,,0,00,99.9,,,,,,*6F
23 Nan Nan Nan Nan Nan Nan 1101010111 1000000100 1001101000 101010110 1110000011 10001000000 10001000001 11001010101 10011000011 1101011101 100101110 110101001 11 1011010101 10000101100 10000001010 10110010100 10100000000 21.875 54.596 1006.8 100903 17 -126 11 59 51 3 $GNGGA,,,,,,0,00,99.9,,,,,,*6F
23 Nan Nan Nan Nan Nan Nan 1101010111 1000000011 1001101010 101100000 1110001010 10001000101 10001000010 11001010010 10011001001 1101011101 100101101 110100111 11 1011010101 10000100111 10000000100 10110010010 10011111001 21.875 54.642 1006.8 101903 16 -126 10 60 50 4 $GNGGA,,,,,,0,00,99.9,,,,,,*6F
23 Nan Nan Nan Nan Nan Nan 1101010111 1000000001 1001100111 101100001 1110001010 10000111101 10000111101 11001001111 10011000011 1101011101 100110100 110101001 11 1011010110 10000101100 10000000101 10110001011 10011110110 21.875 54.490 1006.8 102901 18 -126 10 59 51 3 $GNGGA,,,,,,0,00,99.9,,,,,,*6F
23 Nan Nan Nan Nan Nan Nan 1101010111 1000000011 1001101000 101100001 1110001100 10001000000 10001000001 11001001101 10011000100 1101011101 100101111 110101001 11 1011011010 10000101010 10000000111 10110001110 10011110100 21.875 54.474 1006.8 103901 16 -125 10 59 51 4 $GNGGA,,,,,,0,00,99.9,,,,,,*6F
23 Nan Nan Nan Nan Nan Nan 1101010111 1000000100 1001101010 101100101 1110001111 10001001010 10001000101 11001010001 10010111101 1101011101 100110010 110101011 11 1011011011 10000101101 10000000100 10110001000 10011110000 21.875 54.421 1006.8 104899 18 -126 10 59 51 3 $GNGGA,,,,,,0,00,99.9,,,,,,*6F
23 Nan Nan Nan Nan Nan Nan 1101010111 1000001001 1001101100 101100000 1110001001 10001000001 10000111101 11001001110 10010111000 1101011101 100110100 110101100 10 1011011011 10000101011 10000000110 10110001110 10011111011 21.875 54.520 1006.8 105899 16 -125 11 59 51 3 $GNGGA,,,,,,0,00,99.9,,,,,,*6F
23 Nan Nan Nan Nan Nan Nan 1101010111 1000000110 1001101010 101100000 1110001011 10001000110 10001000110 11001001010 10010110011 1101011101 100110001 110101010 11 1011011100 10000101011 10000000100 10110001011 10011111011 21.875 54.596 1006.8 106898 16 -125 10 60 50 4 $GNGGA,,,,,,0,00,99.9,,,,,,*6F
23 Nan Nan Nan Nan Nan Nan 1101010111 1000000110 1001101010 101100100 1110001010 10001000010 10001000001 11001010010 10010111110 1101011101 100110011 110101011 11 1011011100 10000101111 10000001101 10110000110 10011110100 21.875 54.589 1006.8 107896 17 -126 11 59 51 3 $GNGGA,,,,,,0,00,99.9,,,,,,*6F
23 Nan Nan Nan Nan Nan Nan 1101010111 1000000111 1001101011 101101001 1110001101 10001000000 10001000000 11001001101 10011000000 1101011101 100110110 110101010 11 1011011111 10000100100 10000000110 10110000000 10011101111 21.875 54.719 1006.8 108895 16 -126 10 59 51 4 $GNGGA,,,,,,0,00,99.9,,,,,,*6F
23 Nan Nan Nan Nan Nan Nan 1101010111 1000001010 1001101110 101100011 1110001100 10001000001 10000111100 11001000100 10010111001 1101011101 100111001 110101101 11 1011011110 10000100111 10000001000 10110001110 10011110111 21.875 54.780 1006.8 109894 17 -126 10 60 50 4 $GNGGA,,,,,,0,00,99.9,,,,,,*6F
