id HH MM SS longitude latitude altitude adc_1_ch0 adc_1_ch1 adc_1_ch2 adc_1_ch3 adc_1_ch4 adc_1_ch5 adc_1_ch6 adc_1_ch7 adc_1_ch8 adc_2_ch0 adc_2_ch1 adc_2_ch2 adc_2_ch3 adc_2_ch4 adc_2_ch5 adc_2_ch6 adc_2_ch7 adc_2_ch8 temp hum pres t_prog t_gps t_split t_adc t_temp t_hum t_pres trame_gga
0 Nan Nan Nan Nan Nan Nan 1101010111 1000001110 1001101111 101110011 1110010000 10000111101 10000101111 11000101101 10010100010 1101011101 101000010 110111000 11 1011101001 10000100011 1111111010 10101111110 10011100110 21.875 54.673 795.83 845 17 -126 10 59 51 3 $GNGGA,,,,,,0,00,99.9,,,,,,*6F
0 Nan Nan Nan Nan Nan Nan 1101010111 1000001110 1001110000 101111011 1110010011 10000110111 10000111101 11000101010 10010011111 1101011101 100111111 110110110 11 1011101000 10000100010 1111111011 10101111011 10011101010 21.875 54.635 1006.8 1286 16 -126 10 59 50 5 $GNGGA,,,,,,0,00,99.9,,,,,,*6F
0 Nan Nan Nan Nan Nan Nan 1101010111 1000001111 1001110001 101110101 1110001111 10000111101 10000111010 11000101110 10010100000 1101011101 101000100 110110111 11 1011101000 10000011110 1111111101 10101111111 10011101111 21.875 54.520 1006.8 2284 17 -126 10 59 51 4 $GNGGA,,,,,,0,00,99.9,,,,,,*6F
0 Nan Nan Nan Nan Nan Nan 1101010111 1000010001 1001110000 101110111 1110010011 10000111011 10000110100 11000101111 10010101010 1101011100 101000001 110110101 11 1011100111 10000100010 10000000010 10101110010 10011100010 21.875 54.505 1006.8 3283 17 -126 11 59 51 3 $GNGGA,,,,,,0,00,99.9,,,,,,*6F
1 Nan Nan Nan Nan Nan Nan 1101010111 1000001111 1001101111 101111001 1110010001 10000111000 10000111000 11000110010 10010100001 1101011101 101000100 110110101 10 1011101001 10000100010 10000000001 10101101111 10011010110 21.875 54.513 1006.8 4283 17 -126 10 60 51 3 $GNGGA,,,,,,0,00,99.9,,,,,,*6F
1 Nan Nan Nan Nan Nan Nan 1101010111 1000010000 1001110010 101111011 1110010100 10000110010 10000110110 11000101101 10010100111 1101011101 101000011 110111000 11 1011101100 10000100001 1111111001 10101101111 10011011011 21.875 54.497 1006.8 5281 17 -126 10 58 51 4 $GNGGA,,,,,,0,00,99.9,,,,,,*6F
2 Nan Nan Nan Nan Nan Nan 1101010111 1000010000 1001110010 101111111 1110010011 10000111000 10000110111 11000101011 10010100100 1101011101 101000100 110110110 11 1011101011 10000100010 10000000001 10101101010 10011100000 21.875 54.421 1006.8 6281 17 -126 10 58 52 3 $GNGGA,,,,,,0,00,99.9,,,,,,*6F
2 Nan Nan Nan Nan Nan Nan 1101010111 1000010000 1001110000 101111101 1110010010 10000110110 10000111010 11000101001 10010100000 1101011110 101000010 110110111 11 1011101100 10000100010 1111111111 10101110010 10011101001 21.875 54.345 1006.8 7280 17 -126 10 60 51 3 $GNGGA,,,,,,0,00,99.9,,,,,,*6F
2 Nan Nan Nan Nan Nan Nan 1101010111 1000010101 1001111000 101111111 1110010010 10000111000 10000111011 11000101010 10010011101 1101011101 101000101 110111001 11 1011101110 10000011011 1111111011 10101101110 10011011110 21.875 54.329 1006.8 8280 16 -125 11 59 50 4 $GNGGA,,,,,,0,00,99.9,,,,,,*6F
3 Nan Nan Nan Nan Nan Nan 1101011000 1000010100 1001110011 101111111 1110010001 10000110111 10000110110 11000101100 10010011101 1101011101 101000110 110111001 11 1011101110 10000100011 1111110101 10101101100 10011011101 21.875 54.429 1006.8 9278 18 -126 10 60 51 3 $GNGGA,,,,,,0,00,99.9,,,,,,*6F
3 Nan Nan Nan Nan Nan Nan 1101010111 1000010110 1001110110 101111101 1110010010 10000110110 10000110001 11000101000 10010010111 1101011101 101001001 110111011 11 1011101110 10000100010 1111111101 10101101111 10011100100 21.875 54.406 1006.8 10277 16 -125 11 59 50 4 $GNGGA,,,,,,0,00,99.9,,,,,,*6F
4 Nan Nan Nan Nan Nan Nan 1101010111 1000010010 1001110011 110000000 1110011000 10000110111 10000110100 11000100001 10010011101 1101011101 101000110 110111000 11 1011101110 10000011110 1111111011 10101101101 10011100001 21.875 54.406 1006.8 11276 17 -126 10 59 52 3 $GNGGA,,,,,,0,00,99.9,,,,,,*6F
4 Nan Nan Nan Nan Nan Nan 1101010111 1000010111 1001110101 101111010 1110010100 10000110111 10000110110 11000101000 10010011100 1101011101 101001000 110111000 11 1011110000 10000100010 1111111001 10101101100 10011011101 21.875 54.421 1006.8 12274 17 -126 10 60 50 4 $GNGGA,,,,,,0,00,99.9,,,,,,*6F
5 Nan Nan Nan Nan Nan Nan 1101010111 1000010100 1001110110 110000001 1110010111 10000110011 10000110011 11000101000 10010011100 1101011101 101000101 110111001 11 1011110000 10000011010 1111110111 10101101010 10011011011 21.875 54.497 1006.8 13275 16 -125 10 59 50 5 $GNGGA,,,,,,0,00,99.9,,,,,,*6F
5 Nan Nan Nan Nan Nan Nan 1101010111 1000010100 1001110101 110000000 1110010101 10000110100 10000110011 11000011111 10010010011 1101011101 101001000 110111100 11 1011110001 10000011111 1111111100 10101100001 10011010010 21.875 54.513 1006.8 14273 18 -126 10 60 51 3 $GNGGA,,,,,,0,00,99.9,,,,,,*6F
5 Nan Nan Nan Nan Nan Nan 1101010111 1000010110 1001110111 110000100 1110011000 10000101111 10000110110 11000100001 10010010010 1101011101 101001001 110111101 11 1011110011 10000011000 1111111000 10101100001 10011010010 21.875 54.543 1006.8 15272 16 -126 11 59 51 3 $GNGGA,,,,,,0,00,99.9,,,,,,*6F
6 Nan Nan Nan Nan Nan Nan 1101010111 1000010100 1001110111 110000000 1110010110 10000110010 10000110001 11000100011 10010010111 1101011101 101001011 110111010 11 1011110010 10000010110 1111110111 10101100000 10011011000 21.875 54.719 1006.8 16271 17 -126 9 59 51 4 $GNGGA,,,,,,0,00,99.9,,,,,,*6F
6 Nan Nan Nan Nan Nan Nan 1101010111 1000010111 1001111001 110001000 1110010111 10000101101 10000110011 11000100000 10010011000 1101011101 101001011 110111100 11 1011101111 10000010110 1111110001 10101100001 10011010010 21.875 54.581 1006.8 17270 17 -126 10 59 51 3 $GNGGA,,,,,,0,00,99.9,,,,,,*6F
7 Nan Nan Nan Nan Nan Nan 1101010111 1000010100 1001110110 110000100 1110010110 10000110111 10000110000 11000100000 10010010111 1101011101 101001101 110111110 11 1011110111 10000011000 1111111000 10101100010 10011010011 21.875 54.482 1006.8 18269 16 -126 10 59 51 4 $GNGGA,,,,,,0,00,99.9,,,,,,*6F
7 Nan Nan Nan Nan Nan Nan 1101010111 1000011010 1001111000 110001001 1110011010 10000101101 10000101010 11000100001 10010010111 1101011101 101001100 110111110 11 1011110101 10000011110 1111111000 10101100110 10011011011 21.875 54.398 1006.8 19268 17 -126 10 59 51 4 $GNGGA,,,,,,0,00,99.9,,,,,,*6F
7 Nan Nan Nan Nan Nan Nan 1101010111 1000010101 1001111000 110000101 1110010101 10000110010 10000110000 11000100000 10010011001 1101011101 101001110 110111110 11 1011110110 10000011100 1111110111 10101011101 10011010001 21.875 54.444 1006.8 20268 16 -125 11 59 51 3 $GNGGA,,,,,,0,00,99.9,,,,,,*6F
8 Nan Nan Nan Nan Nan Nan 1101010111 1000011000 1001110110 110001001 1110011000 10000110011 10000110101 11000011011 10010010000 1101011101 101001011 110111011 11 1011111000 10000011001 1111110111 10101011000 10011010000 21.875 54.474 1006.8 21266 18 -126 10 59 51 3 $GNGGA,,,,,,0,00,99.9,,,,,,*6F
8 Nan Nan Nan Nan Nan Nan 1101010111 1000011000 1001111000 110001110 1110011001 10000110000 10000110000 11000010100 10010001000 1101011101 101001010 110111100 11 1011110110 10000011011 1111110110 10101100000 10011011010 21.875 54.368 1006.8 22265 17 -126 11 59 51 3 $GNGGA,,,,,,0,00,99.9,,,,,,*6F
8 Nan Nan Nan Nan Nan Nan 1101010111 1000011010 1001111100 110010001 1110011010 10000110000 10000101100 11000010000 10010000101 1101011101 101010001 111000011 11 1011110111 10000011010 1111110111 10101100001 10011011000 21.875 54.421 1006.8 23264 17 -126 9 58 52 4 $GNGGA,,,,,,0,00,99.9,,,,,,*6F
8 Nan Nan Nan Nan Nan Nan 1101010111 1000010101 1001110100 110000111 1110011001 10000101000 10000101101 11000001101 10010000100 1101011101 101001111 111000011 11 1011110110 10000011000 1111110111 10101100001 10011001111 21.875 54.581 1006.8 24263 18 -126 9 59 51 4 $GNGGA,,,,,,0,00,99.9,,,,,,*6F
8 Nan Nan Nan Nan Nan Nan 1101010111 1000011101 1001111100 110001000 1110010110 10000110000 10000110000 11000001100 10010000110 1101011101 101010001 110111111 11 1011111011 10000011011 1111111011 10101100010 10011001111 21.875 54.856 1006.8 25263 16 -126 10 59 51 4 $GNGGA,,,,,,0,00,99.9,,,,,,*6F
9 Nan Nan Nan Nan Nan Nan 1101010111 1000011011 1001111001 110010000 1110011000 10000101111 10000101111 11000010000 10010001100 1101011101 101010011 111000011 11 1011111010 10000011111 1111111000 10101011110 10011001011 21.875 54.963 1006.8 26261 17 -126 10 60 50 4 $GNGGA,,,,,,0,00,99.9,,,,,,*6F
9 Nan Nan Nan Nan Nan Nan 1101010111 1000011010 1001110111 110001101 1110011100 10000101000 10000101011 11000011010 10010001100 1101011101 101010011 111000001 11 1011111001 10000010101 1111110110 10101010101 10011001011 21.875 55.001 1006.8 27260 17 -126 11 59 51 3 $GNGGA,,,,,,0,00,99.9,,,,,,*6F
9 Nan Nan Nan Nan Nan Nan 1101010111 1000011000 1001111010 110010000 1110011100 10000101100 10000101110 11000001101 10010000001 1101011101 101010011 111000100 11 1011111011 10000010101 1111110111 10101011110 10011010101 21.875 55.131 1006.8 28260 16 -125 10 60 51 3 $GNGGA,,,,,,0,00,99.9,,,,,,*6F
9 Nan Nan Nan Nan Nan Nan 1101010111 1000011100 1001111101 110011000 1110011110 10000110000 10000110000 11000001010 10010001001 1101011101 101010011 111000001 11 1011111100 10000011000 1111110100 10101011011 10011010100 21.875 55.260 1006.8 29258 17 -126 10 58 51 4 $GNGGA,,,,,,0,00,99.9,,,,,,*6F
9 Nan Nan Nan Nan Nan Nan 1101010111 1000011110 1001111011 110010010 1110011010 10000101001 10000101010 11000010011 10010000111 1101011101 101010110 111000111 11 1011111100 10000010101 1111110111 10101010011 10011010001 21.938 55.573 1006.8 30258 16 -125 10 59 51 4 $GNGGA,,,,,,0,00,99.9,,,,,,*6F
9 Nan Nan Nan Nan Nan Nan 1101010111 1000011110 1001111101 110011000 1110011100 10000101101 10000110000 11000001101 10001111110 1101011101 101010101 111000011 11 1011111110 10000010010 1111110000 10101011011 10011010010 21.938 55.260 1006.8 31257 17 -126 10 60 50 4 $GNGGA,,,,,,0,00,99.9,,,,,,*6F
9 Nan Nan Nan Nan Nan Nan 1101010111 1000011100 1001111010 110011001 1110011100 10000101001 10000100110 11000010010 10010000000 1101011101 101010101 111001000 11 1011111101 10000011101 1111110110 10101010110 10011001101 21.938 55.047 1006.8 32256 17 -125 11 58 51 3 $GNGGA,,,,,,0,00,99.9,,,,,,*6F
9 Nan Nan Nan Nan Nan Nan 1101010111 1000011100 1001111010 110011101 1110011111 10000101011 10000101111 11000001110 10001111011 1101011101 101011001 111000111 100 1100000000 10000011000 1111110111 10101011101 10011000111 21.875 55.169 1006.8 33255 16 -125 10 60 51 3 $GNGGA,,,,,,0,00,99.9,,,,,,*6F
9 Nan Nan Nan Nan Nan Nan 1101010111 1000011110 1001111110 110010110 1110011011 10000100111 10000101010 11000010000 10010000111 1101011101 101011000 111000110 11 1011111101 10000010100 1111110100 10101001101 10011001010 21.875 55.253 1006.8 34253 16 -126 11 58 51 4 $GNGGA,,,,,,0,00,99.9,,,,,,*6F
10 Nan Nan Nan Nan Nan Nan 1101010111 1000100010 1001111110 110010101 1110011100 10000101010 10000110000 11000001001 10010000001 1101011101 101010100 111000001 11 1011111110 10000001100 1111101100 10101001101 10011000010 21.875 55.115 1006.8 35253 17 -126 10 59 52 3 $GNGGA,,,,,,0,00,99.9,,,,,,*6F
10 Nan Nan Nan Nan Nan Nan 1101010111 1000011101 1001111110 110010011 1110011010 10000101000 10000101100 11000001100 10010000011 1101011101 101010101 111000101 11 1100000001 10000010110 1111110100 10101001101 10011000001 21.875 55.077 1006.8 36251 17 -126 10 59 51 4 $GNGGA,,,,,,0,00,99.9,,,,,,*6F
10 Nan Nan Nan Nan Nan Nan 1101010111 1000100100 1010000011 110011000 1110011101 10000100001 10000100111 11000000110 10010000111 1101011101 101011000 111000111 11 1100000001 10000010011 1111110010 10101001100 10011001011 21.938 55.192 1006.8 37251 17 -126 9 58 51 5 $GNGGA,,,,,,0,00,99.9,,,,,,*6F
11 Nan Nan Nan Nan Nan Nan 1101010111 1000100010 1010000000 110100000 1110011101 10000101000 10000101001 11000000101 10010000010 1101011110 101011001 111000101 11 1100000010 10000010011 1111110101 10101001010 10011001001 21.875 55.512 1006.8 38250 18 -126 10 60 51 3 $GNGGA,,,,,,0,00,99.9,,,,,,*6F
11 Nan Nan Nan Nan Nan Nan 1101010111 1000011011 1001111001 110011100 1110011011 10000101001 10000101111 11000000111 10001111100 1101011101 101011010 111001000 11 1100000010 10000001111 1111101110 10101000011 10010111111 21.938 55.626 1006.8 39248 16 -126 11 58 51 4 $GNGGA,,,,,,0,00,99.9,,,,,,*6F
12 Nan Nan Nan Nan Nan Nan 1101010111 1000011101 1001111100 110011101 1110011111 10000100110 10000101001 10111111111 10001110010 1101011101 101011010 111000111 11 1100000101 10000010100 1111110001 10101000010 10010111111 21.875 55.420 1006.8 40248 16 -126 10 58 52 4 $GNGGA,,,,,,0,00,99.9,,,,,,*6F
12 Nan Nan Nan Nan Nan Nan 1101010111 1000100101 1010000010 110100110 1110011100 10000100110 10000101000 10111111100 10001111001 1101011101 101011000 111000111 11 1100000010 10000001111 1111110000 10101000110 10011000011 21.938 55.192 1006.8 41247 17 -125 10 59 50 4 $GNGGA,,,,,,0,00,99.9,,,,,,*6F
13 Nan Nan Nan Nan Nan Nan 1101010111 1000011111 1001111101 110100001 1110011110 10000101001 10000101101 11000000001 10010000001 1101011101 101011100 111001010 11 1100000100 10000010100 1111110100 10101000011 10010111000 21.875 54.940 1006.8 42246 17 -126 9 58 52 4 $GNGGA,,,,,,0,00,99.9,,,,,,*6F
13 Nan Nan Nan Nan Nan Nan 1101010111 1000100011 1010000000 110100100 1110011111 10000101001 10000101000 10111111000 10001111101 1101011101 101011110 111001000 11 1100000100 10000001100 1111101101 10101000011 10010110111 21.875 54.856 1006.8 43245 18 -126 9 59 51 4 $GNGGA,,,,,,0,00,99.9,,,,,,*6F
13 Nan Nan Nan Nan Nan Nan 1101010111 1000100001 1001111101 110100010 1110100000 10000101001 10000101010 10111111001 10001110111 1101011101 101011101 111001011 11 1100001010 10000010000 1111101100 10101000101 10011000010 21.938 54.726 1006.8 44244 16 -125 11 59 50 4 $GNGGA,,,,,,0,00,99.9,,,,,,*6F
14 Nan Nan Nan Nan Nan Nan 1101010111 1000100000 1001111101 110100100 1110011111 10000101010 10000110010 10111111001 10001111001 1101011101 101011111 111001011 11 1100000111 10000010001 1111101101 10101001001 10010111111 21.938 54.726 1006.8 45243 16 -126 10 60 51 3 $GNGGA,,,,,,0,00,99.9,,,,,,*6F
14 Nan Nan Nan Nan Nan Nan 1101010111 1000100000 1001111101 110100101 1110100001 10000100011 10000101001 10111111001 10001110100 1101011101 101011111 111001110 11 1100000111 10000001111 1111101100 10101000111 10011000110 21.938 54.589 1006.8 46242 17 -125 10 59 50 4 $GNGGA,,,,,,0,00,99.9,,,,,,*6F
15 Nan Nan Nan Nan Nan Nan 1101010111 1000100011 1010000000 110101010 1110100000 10000100101 10000101100 10111111011 10001101010 1101011101 101100001 111001100 11 1100001001 10000001101 1111101011 10100111111 10010111100 21.938 54.383 1006.8 47241 16 -126 10 58 52 4 $GNGGA,,,,,,0,00,99.9,,,,,,*6F
15 Nan Nan Nan Nan Nan Nan 1101010111 1000011111 1001111111 110101011 1110100010 10000100011 10000100101 10111111100 10001110011 1101011101 101011101 111001101 11 1100000101 10000001111 1111101110 10101000010 10010110111 21.938 54.253 1006.8 48240 17 -125 10 60 50 4 $GNGGA,,,,,,0,00,99.9,,,,,,*6F
15 Nan Nan Nan Nan Nan Nan 1101010111 1000100111 1010000010 110101100 1110100101 10000100100 10000100100 10111110111 10001110000 1101011101 101011110 111001011 11 1100001000 10000001010 1111101010 10101000011 10010111110 21.938 54.230 1006.8 49240 16 -124 11 59 51 3 $GNGGA,,,,,,0,00,99.9,,,,,,*6F
16 Nan Nan Nan Nan Nan Nan 1101010111 1000100101 1001111111 110101011 1110100100 10000101011 10000101111 10111110100 10001100100 1101011101 101100010 111001110 11 1100000110 10000010011 1111101110 10100111111 10010111100 21.938 54.268 1006.8 50238 18 -126 10 59 51 3 $GNGGA,,,,,,0,00,99.9,,,,,,*6F
16 Nan Nan Nan Nan Nan Nan 1101010111 1000100100 1010000001 110101101 1110100000 10000100100 10000100110 10111110100 10001100010 1101011101 101011110 111001011 11 1100001001 10000001110 1111101011 10100111101 10010110110 21.938 54.276 1006.8 51237 16 -125 11 59 50 4 $GNGGA,,,,,,0,00,99.9,,,,,,*6F
17 Nan Nan Nan Nan Nan Nan 1101010111 1000100101 1010000001 110110010 1110100101 10000100101 10000100111 10111110001 10001101101 1101011101 101100101 111001111 11 1100001011 10000010000 1111101101 10101000010 10010111101 21.938 54.604 1006.8 52236 17 -126 10 59 52 3 $GNGGA,,,,,,0,00,99.9,,,,,,*6F
17 Nan Nan Nan Nan Nan Nan 1101010111 1000101000 1010000011 110110000 1110100010 10000011111 10000100011 10111101110 10001101100 1101011101 101100010 111001111 11 1100001011 10000010000 1111101110 10100111001 10010110100 21.938 54.619 1006.8 53235 18 -126 10 60 51 3 $GNGGA,,,,,,0,00,99.9,,,,,,*6F
17 Nan Nan Nan Nan Nan Nan 1101010111 1000100100 1010000000 110110000 1110100010 10000100100 10000100010 10111110101 10001101111 1101011101 101100000 111001111 11 1100001100 10000010000 1111101110 10101000011 10010111011 21.938 54.627 1006.8 54235 16 -126 10 59 51 4 $GNGGA,,,,,,0,00,99.9,,,,,,*6F
17 Nan Nan Nan Nan Nan Nan 1101010111 1000100100 1010000010 110110001 1110100001 10000100101 10000101000 10111101110 10001101011 1101011101 101100100 111001100 11 1100001100 10000001111 1111101011 10100111101 10010110110 21.938 54.749 1006.8 55233 18 -126 9 59 51 4 $GNGGA,,,,,,0,00,99.9,,,,,,*6F
17 Nan Nan Nan Nan Nan Nan 1101010111 1000100110 1010000000 110111011 1110101001 10000011101 10000101100 10111101101 10001100100 1101011101 101101000 111010010 11 1100001110 10000001011 1111101100 10100111001 10010110001 21.938 54.703 1006.8 56232 17 -126 11 59 51 3 $GNGGA,,,,,,0,00,99.9,,,,,,*6F
17 Nan Nan Nan Nan Nan Nan 1101010111 1000100101 1010000011 110110010 1110011111 10000011101 10000011110 10111110001 10001101110 1101011101 101100101 111010000 11 1100001101 10000010001 1111101010 10100111011 10010111000 21.938 54.566 1006.8 57231 16 -126 10 59 51 4 $GNGGA,,,,,,0,00,99.9,,,,,,*6F
17 Nan Nan Nan Nan Nan Nan 1101010111 1000100110 1010000000 110101111 1110100011 10000100001 10000100100 10111101100 10001101100 1101011101 101100111 111010010 11 1100001111 10000001110 1111101010 10100111010 10010110010 21.938 54.543 1006.8 58230 18 -126 9 58 51 4 $GNGGA,,,,,,0,00,99.9,,,,,,*6F
17 Nan Nan Nan Nan Nan Nan 1101010111 1000100110 1010000100 110110110 1110100110 10000010111 10000011101 10111101010 10001101000 1101011101 101100101 111010001 11 1100001101 10000001101 1111101011 10100110011 10010110100 21.938 54.642 1006.8 59229 16 -126 10 59 51 4 $GNGGA,,,,,,0,00,99.9,,,,,,*6F
17 Nan Nan Nan Nan Nan Nan 1101010111 1000100111 1010000011 110111010 1110100111 10000100001 10000101010 10111100001 10001011111 1101011101 101101001 111010101 11 1100001111 10000001010 1111101011 10100110101 10010110101 21.938 54.818 1006.8 60228 18 -126 9 59 51 4 $GNGGA,,,,,,0,00,99.9,,,,,,*6F
17 Nan Nan Nan Nan Nan Nan 1101010111 1000100110 1010000011 110110111 1110100101 10000100101 10000101001 10111101000 10001100110 1101011101 101100101 111010001 11 1100001111 10000001100 1111100100 10100110110 10010101110 21.938 54.917 1006.8 61228 16 -125 11 59 50 4 $GNGGA,,,,,,0,00,99.9,,,,,,*6F
17 Nan Nan Nan Nan Nan Nan 1101010111 1000100111 1010000100 111000000 1110101000 10000011011 10000011111 10111100111 10001101000 1101011101 101100100 111010001 11 1100001111 10000001101 1111101011 10100110011 10010101111 21.938 54.810 1006.8 62226 17 -126 10 59 51 4 $GNGGA,,,,,,0,00,99.9,,,,,,*6F
17 Nan Nan Nan Nan Nan Nan 1101010111 1000101001 1010001000 110111000 1110100000 10000011110 10000100010 10111101010 10001100110 1101011101 101100111 111010011 10 1100001111 10000001011 1111100110 10100111000 10010110010 21.938 54.726 1006.8 63225 16 -126 11 59 51 3 $GNGGA,,,,,,0,00,99.9,,,,,,*6F
17 Nan Nan Nan Nan Nan Nan 1101010111 1000100101 1010000010 110110100 1110100001 10000100010 10000100110 10111101010 10001101011 1101011101 101101000 111010011 11 1100010010 10000010000 1111101101 10100111000 10010101111 21.938 54.818 1006.8 64225 16 -126 10 59 52 3 $GNGGA,,,,,,0,00,99.9,,,,,,*6F
17 Nan Nan Nan Nan Nan Nan 1101010111 1000101011 1010000110 110111101 1110100100 10000010111 10000011111 10111100101 10001100111 1101011101 101101000 111010010 11 1100010010 10000001000 1111100100 10100101111 10010100111 21.938 54.818 1006.8 65223 18 -126 9 59 51 4 $GNGGA,,,,,,0,00,99.9,,,,,,*6F
17 Nan Nan Nan Nan Nan Nan 1101010111 1000101100 1010000110 111000010 1110101000 10000100001 10000011111 10111100010 10001100110 1101011101 101100111 111010101 11 1100010100 10000001011 1111101101 10100110110 10010110110 21.938 54.802 1006.8 66223 16 -126 10 59 51 4 $GNGGA,,,,,,0,00,99.9,,,,,,*6F
18 Nan Nan Nan Nan Nan Nan 1101010111 1000101011 1010000111 110111111 1110100111 10000011011 10000011101 10111101011 10001100011 1101011101 101101011 111010011 11 1100010011 10000001010 1111100101 10100110011 10010101110 21.938 54.658 1006.8 67222 17 -126 10 60 51 3 $GNGGA,,,,,,0,00,99.9,,,,,,*6F
18 Nan Nan Nan Nan Nan Nan 1101010111 1000101011 1010000110 111000000 1110100111 10000100011 10000100011 10111100110 10001100001 1101011101 101101010 111010010 11 1100010011 10000001111 1111101001 10100110000 10010110010 21.938 54.741 1006.8 68220 16 -126 11 58 51 4 $GNGGA,,,,,,0,00,99.9,,,,,,*6F
19 Nan Nan Nan Nan Nan Nan 1101010111 1000101101 1010001010 110111101 1110101000 10000011111 10000100010 10111101000 10001100100 1101011101 101101011 111010100 11 1100010011 10000001111 1111101011 10100101101 10010110010 21.938 54.848 1006.8 69220 17 -126 10 60 51 3 $GNGGA,,,,,,0,00,99.9,,,,,,*6F
19 Nan Nan Nan Nan Nan Nan 1101010111 1000101011 1010000101 110111000 1110100111 10000010111 10000011011 10111101000 10001100100 1101011101 101101010 111010100 11 1100010110 10000001100 1111100101 10100100111 10010100110 22.000 54.963 1006.8 70218 18 -126 10 58 51 3 $GNGGA,,,,,,0,00,99.9,,,,,,*6F
20 Nan Nan Nan Nan Nan Nan 1101010111 1000101100 1010000100 111000001 1110100111 10000100000 10000100001 10111101101 10001101100 1101011110 101101100 111011000 11 1100011000 10000000010 1111100000 10100101110 10010110110 22.000 55.047 1006.8 71218 17 -126 10 58 52 3 $GNGGA,,,,,,0,00,99.9,,,,,,*6F
20 Nan Nan Nan Nan Nan Nan 1101010111 1000101100 1010000110 111000000 1110101000 10000011000 10000011001 10111101001 10001101001 1101011110 101101110 111011000 11 1100010100 10000001010 1111100111 10100110001 10010101110 21.938 54.978 1006.8 72217 18 -126 10 60 51 3 $GNGGA,,,,,,0,00,99.9,,,,,,*6F
20 Nan Nan Nan Nan Nan Nan 1101010111 1000101101 1010001001 111000001 1110101001 10000011101 10000101000 10111100111 10001100101 1101011101 101101000 111010100 11 1100010110 10000001101 1111100101 10100100110 10010101110 21.938 54.978 1006.8 73216 16 -125 11 58 51 4 $GNGGA,,,,,,0,00,99.9,,,,,,*6F
21 Nan Nan Nan Nan Nan Nan 1101010111 1000101010 1010000111 111000000 1110101011 10000010111 10000011111 10111100001 10001100000 1101011101 101110001 111011001 11 1100010111 10000000111 1111100011 10100101000 10010101001 21.938 54.940 1006.8 74215 17 -126 10 59 51 4 $GNGGA,,,,,,0,00,99.9,,,,,,*6F
21 Nan Nan Nan Nan Nan Nan 1101010111 1000110000 1010001100 111000101 1110101010 10000011110 10000011100 10111011101 10001011110 1101011101 101101111 111011000 11 1100010110 10000001010 1111101001 10100100000 10010100100 22.000 54.818 1006.8 75214 16 -125 11 59 50 4 $GNGGA,,,,,,0,00,99.9,,,,,,*6F
22 Nan Nan Nan Nan Nan Nan 1101010111 1000101110 1010000111 111000000 1110101010 10000011100 10000100010 10111010011 10001010100 1101011101 101101101 111010111 100 1100011001 10000000111 1111100101 10100110001 10010101110 22.000 54.658 1006.8 76213 16 -126 10 58 52 4 $GNGGA,,,,,,0,00,99.9,,,,,,*6F
22 Nan Nan Nan Nan Nan Nan 1101010111 1000101111 1010001000 110111111 1110100111 10000010101 10000011001 10111011000 10001011101 1101011101 101110001 111011001 11 1100010111 10000001011 1111101101 10100100101 10010101010 22.000 54.543 1006.8 77212 18 -126 9 59 51 4 $GNGGA,,,,,,0,00,99.9,,,,,,*6F
22 Nan Nan Nan Nan Nan Nan 1101010111 1000101101 1010000111 110111111 1110101000 10000010010 10000011000 10111010110 10001011101 1101011110 101101100 111010110 11 1100011000 10000001111 1111100011 10100100110 10010100101 22.000 54.444 1006.8 78212 16 -125 10 59 50 5 $GNGGA,,,,,,0,00,99.9,,,,,,*6F
23 Nan Nan Nan Nan Nan Nan 1101010111 1000110000 1010001010 111000100 1110101010 10000010110 10000011101 10111011011 10001011111 1101011101 101110001 111011011 11 1100010101 10000000111 1111100101 10100100101 10010100011 22.000 54.368 1006.8 79210 17 -126 10 59 51 4 $GNGGA,,,,,,0,00,99.9,,,,,,*6F
