id HH MM SS longitude latitude altitude adc_1_ch0 adc_1_ch1 adc_1_ch2 adc_1_ch3 adc_1_ch4 adc_1_ch5 adc_1_ch6 adc_1_ch7 adc_1_ch8 adc_2_ch0 adc_2_ch1 adc_2_ch2 adc_2_ch3 adc_2_ch4 adc_2_ch5 adc_2_ch6 adc_2_ch7 adc_2_ch8 temp hum pres t_prog t_gps t_split t_adc t_temp t_hum t_pres trame_gga
0 Nan Nan Nan Nan Nan Nan 1101010111 1000110101 1010001110 111010011 1110101110 10000010001 10000011000 10111001011 10001010100 1101011101 101111011 111100000 11 1100100010 10000000011 1111100010 10100011001 10010010110 22.000 54.375 795.83 860 16 -126 10 59 52 3 $GNGGA,,,,,,0,00,99.9,,,,,,*6F
0 Nan Nan Nan Nan Nan Nan 1101010111 1000110111 1010010010 111010000 1110101100 10000010101 10000011111 10111001111 10001010011 1101011101 101111101 111100000 11 1100100000 10000000000 1111100000 10100011111 10010011011 22.000 54.360 1006.8 1544 16 -126 10 59 51 4 $GNGGA,,,,,,0,00,99.9,,,,,,*6F
0 Nan Nan Nan Nan Nan Nan 1101010111 1000110001 1010001011 111010110 1110101110 10000011101 10000100010 10111000111 10001001100 1101011101 101111010 111100000 11 1100100011 1111111101 1111011110 10100011101 10010100011 22.000 54.383 1006.8 2543 18 -126 10 59 51 3 $GNGGA,,,,,,0,00,99.9,,,,,,*6F
0 Nan Nan Nan Nan Nan Nan 1101010111 1000110100 1010001110 111010111 1110101110 10000010000 10000010010 10111000010 10001001000 1101011101 101111101 111100011 11 1100100011 10000000011 1111100011 10100011100 10010100001 22.000 54.436 1006.8 3543 16 -125 11 59 51 3 $GNGGA,,,,,,0,00,99.9,,,,,,*6F
1 Nan Nan Nan Nan Nan Nan 1101010111 1000110101 1010001111 111001001 1110101010 10000010100 10000011010 10111001011 10001001000 1101011101 101111010 111100001 11 1100100101 10000000001 1111100010 10100010110 10010100001 22.000 54.474 1006.8 4542 17 -125 10 60 50 4 $GNGGA,,,,,,0,00,99.9,,,,,,*6F
1 Nan Nan Nan Nan Nan Nan 1101010111 1000110100 1010001110 111010111 1110101111 10000001101 10000010010 10111001000 10001000111 1101011101 101111000 111011111 11 1100100110 10000000010 1111100001 10100010100 10010011010 22.000 54.505 1006.8 5540 16 -126 11 59 51 3 $GNGGA,,,,,,0,00,99.9,,,,,,*6F
1 Nan Nan Nan Nan Nan Nan 1101010111 1000111000 1010010001 111010001 1110101101 10000010000 10000010111 10111000010 10001000001 1101011101 101111101 111100000 11 1100100100 10000000011 1111100101 10100010110 10010010110 22.000 54.665 1006.8 6539 16 -126 10 59 51 4 $GNGGA,,,,,,0,00,99.9,,,,,,*6F
1 Nan Nan Nan Nan Nan Nan 1101010111 1000110100 1010001101 111010011 1110101111 10000001110 10000010101 10111000011 10001001011 1101011101 101111011 111100101 11 1100100100 1111111111 1111011101 10100010011 10010010111 22.000 54.696 1006.8 7538 17 -126 10 60 50 4 $GNGGA,,,,,,0,00,99.9,,,,,,*6F
2 Nan Nan Nan Nan Nan Nan 1101010111 1000110100 1010001110 111010111 1110110000 10000010010 10000010111 10111000011 10001001000 1101011101 101111100 111100001 11 1100100101 10000000001 1111100001 10100010011 10010011111 22.000 54.688 1006.8 8538 17 -126 10 59 51 4 $GNGGA,,,,,,0,00,99.9,,,,,,*6F
2 Nan Nan Nan Nan Nan Nan 1101010111 1000111001 1010010000 111011001 1110110000 10000011010 10000011110 10110111110 10001000011 1101011101 101111100 111100011 11 1100100100 10000000111 1111100000 10100010110 10010010101 22.000 54.688 1006.8 9536 18 -126 10 59 51 3 $GNGGA,,,,,,0,00,99.9,,,,,,*6F
2 Nan Nan Nan Nan Nan Nan 1101010111 1000111010 1010010010 111011101 1110101111 10000001101 10000010010 10110111010 10001000000 1101011110 101111011 111100010 11 1100100111 10000000101 1111100010 10100011011 10010011110 22.000 54.703 1006.8 10535 16 -126 11 58 51 4 $GNGGA,,,,,,0,00,99.9,,,,,,*6F
3 Nan Nan Nan Nan Nan Nan 1101010111 1000111000 1010001111 111101000 1110110001 10000010001 10000011100 10110111001 10001000011 1101011101 101111111 111100010 11 1100100110 1111111010 1111011011 10100010000 10010011000 22.000 54.719 1006.8 11535 17 -126 10 60 51 3 $GNGGA,,,,,,0,00,99.9,,,,,,*6F
3 Nan Nan Nan Nan Nan Nan 1101010111 1000110111 1010001110 111011011 1110101110 10000001001 10000010010 10110111100 10001000010 1101011101 110000000 111100100 11 1100100111 10000000001 1111011110 10100010101 10010011010 22.000 54.795 1006.8 12533 18 -126 9 58 51 4 $GNGGA,,,,,,0,00,99.9,,,,,,*6F
4 Nan Nan Nan Nan Nan Nan 1101010111 1000111001 1010010011 111101000 1110110100 10000000110 10000001110 10110111010 10000111111 1101011101 101111111 111101000 11 1100101001 1111111111 1111011100 10100010011 10010010111 21.938 54.741 1006.8 13533 16 -126 10 59 52 3 $GNGGA,,,,,,0,00,99.9,,,,,,*6F
4 Nan Nan Nan Nan Nan Nan 1101010111 1000111001 1010010001 111100100 1110110010 10000001100 10000010100 10110111001 10000111111 1101011101 110000001 111100111 11 1100101000 1111111110 1111011101 10100010001 10010011010 21.938 54.780 1006.8 14532 17 -126 10 60 50 4 $GNGGA,,,,,,0,00,99.9,,,,,,*6F
4 Nan Nan Nan Nan Nan Nan 1101010111 1000110111 1010010000 111100100 1110110011 10000010100 10000010101 10110111100 10000111011 1101011101 101111110 111100100 11 1100100111 10000000100 1111011011 10100001011 10010010001 22.000 54.787 1006.8 15531 17 -125 10 58 51 4 $GNGGA,,,,,,0,00,99.9,,,,,,*6F
4 Nan Nan Nan Nan Nan Nan 1101010111 1000111001 1010010001 111011110 1110110000 10000010001 10000010011 10110111101 10001000010 1101011101 110000010 111100110 11 1100101011 1111111100 1111011110 10100001000 10010010111 21.938 54.726 1006.8 16530 16 -126 10 60 51 3 $GNGGA,,,,,,0,00,99.9,,,,,,*6F
4 Nan Nan Nan Nan Nan Nan 1101010111 1000110110 1010010010 111011100 1110101111 10000001000 10000001011 10110111001 10000111000 1101011101 110000101 111101010 11 1100101011 10000000010 1111011110 10100000111 10010010100 22.000 54.688 1006.8 17528 17 -126 10 58 51 4 $GNGGA,,,,,,0,00,99.9,,,,,,*6F
5 Nan Nan Nan Nan Nan Nan 1101010111 1000111010 1010010010 111011110 1110110010 10000001011 10000010000 10111000000 10001000010 1101011101 110000100 111101001 11 1100101001 10000000000 1111011100 10100001000 10010001110 21.938 54.741 1006.8 18528 16 -126 10 58 52 4 $GNGGA,,,,,,0,00,99.9,,,,,,*6F
5 Nan Nan Nan Nan Nan Nan 1101010111 1000110111 1010010001 111100001 1110110000 10000001100 10000010000 10110111110 10001000101 1101011110 110000010 111100111 11 1100101000 1111111101 1111011111 10100001101 10010001111 21.938 54.596 1006.8 19527 17 -125 10 60 50 4 $GNGGA,,,,,,0,00,99.9,,,,,,*6F
5 Nan Nan Nan Nan Nan Nan 1101010111 1000110111 1010010010 111100011 1110110010 10000001101 10000011010 10110111001 10000111110 1101011110 110000010 111101010 11 1100101010 1111111001 1111010111 10100010000 10010010001 22.000 54.596 1006.8 20526 17 -126 9 58 51 5 $GNGGA,,,,,,0,00,99.9,,,,,,*6F
5 Nan Nan Nan Nan Nan Nan 1101010111 1000111000 1010010010 111011110 1110101110 10000001110 10000010101 10110111010 10001000000 1101011101 110000100 111100110 11 1100101010 1111111100 1111011001 10100001000 10010010100 21.938 54.741 1006.8 21525 17 -125 10 60 50 4 $GNGGA,,,,,,0,00,99.9,,,,,,*6F
5 Nan Nan Nan Nan Nan Nan 1101010111 1000111011 1010010001 111100011 1110110011 10000001000 10000011011 10110111000 10000110111 1101011101 110000110 111101000 11 1100101011 10000000000 1111011100 10100000110 10010010011 21.938 54.802 1006.8 22524 16 -126 11 59 51 3 $GNGGA,,,,,,0,00,99.9,,,,,,*6F
6 Nan Nan Nan Nan Nan Nan 1101010111 1000111100 1010010100 111100101 1110110101 10000000111 10000010100 10110111101 10000110111 1101011101 110000011 111100110 11 1100101101 10000000010 1111011100 10100001001 10010001111 21.938 54.795 1006.8 23523 16 -126 10 58 52 4 $GNGGA,,,,,,0,00,99.9,,,,,,*6F
6 Nan Nan Nan Nan Nan Nan 1101010111 1000111011 1010010001 111100011 1110110010 10000001101 10000010001 10110110100 10000110110 1101011101 110000101 111101011 11 1100101101 1111111011 1111011100 10100000010 10010001100 21.938 54.932 1006.8 24522 17 -125 10 59 50 4 $GNGGA,,,,,,0,00,99.9,,,,,,*6F
7 Nan Nan Nan Nan Nan Nan 1101010111 1000111111 1010010101 111100001 1110110000 10000000010 10000001100 10110110111 10000110000 1101011101 110001010 111101100 11 1100101111 1111111110 1111010111 10100010100 10010010110 21.938 55.115 1006.8 25521 17 -126 9 58 52 4 $GNGGA,,,,,,0,00,99.9,,,,,,*6F
7 Nan Nan Nan Nan Nan Nan 1101010111 1000111111 1010010110 111100101 1110110100 10000001110 10000010001 10110111000 10000111001 1101011101 110001000 111101010 11 1100101110 1111111110 1111011000 10011111110 10010001000 21.938 55.123 1006.8 26520 17 -126 10 59 51 4 $GNGGA,,,,,,0,00,99.9,,,,,,*6F
7 Nan Nan Nan Nan Nan Nan 1101011000 1000111111 1010011000 111101010 1110110010 10000001010 10000001101 10110110101 10000111011 1101011101 110000101 111101011 100 1100101101 1111111100 1111011010 10100001000 10010010000 21.938 54.925 1006.8 27520 17 -125 11 58 51 3 $GNGGA,,,,,,0,00,99.9,,,,,,*6F
7 Nan Nan Nan Nan Nan Nan 1101010111 1000111111 1010010111 111101001 1110111001 10000001001 10000001101 10110110100 10000101110 1101011101 110000101 111101010 11 1100101111 1111111111 1111011011 10100000111 10010001001 22.000 54.902 1006.8 28518 17 -126 10 60 51 3 $GNGGA,,,,,,0,00,99.9,,,,,,*6F
7 Nan Nan Nan Nan Nan Nan 1101010111 1000111100 1010010101 111100111 1110110010 10000000110 10000001111 10110101001 10000110111 1101011110 110001000 111101011 11 1100101110 1111111111 1111011111 10100001001 10010001001 22.000 54.863 1006.8 29517 17 -125 10 59 50 4 $GNGGA,,,,,,0,00,99.9,,,,,,*6F
8 Nan Nan Nan Nan Nan Nan 1101010111 1000111111 1010010110 111100100 1110110010 10000001100 10000010010 10110101101 10000111100 1101011110 110000111 111101011 100 1100101111 1111111011 1111010101 10100000010 10010000111 22.000 54.909 1006.8 30516 17 -126 9 58 52 4 $GNGGA,,,,,,0,00,99.9,,,,,,*6F
8 Nan Nan Nan Nan Nan Nan 1101010111 1001000000 1010011001 111101000 1110110011 10000001000 10000001010 10110110000 10000111001 1101011110 110001011 111101100 11 1100110001 1111111011 1111011001 10100000011 10010000100 21.938 55.001 1006.8 31515 17 -126 10 60 51 3 $GNGGA,,,,,,0,00,99.9,,,,,,*6F
8 Nan Nan Nan Nan Nan Nan 1101010111 1001000000 1010011000 111100111 1110110110 10000001011 10000010110 10110101011 10000111000 1101011110 110001100 111101110 11 1100110001 1111111110 1111011100 10011111100 10010000001 21.938 54.917 1006.8 32515 16 -126 10 59 50 5 $GNGGA,,,,,,0,00,99.9,,,,,,*6F
9 Nan Nan Nan Nan Nan Nan 1101010111 1000111110 1010010100 111101011 1110110110 10000001110 10000010011 10110110000 10000111011 1101011101 110001001 111101101 11 1100101111 10000000011 1111011010 10011111000 10010000000 22.000 54.871 1006.8 33513 18 -126 10 59 51 3 $GNGGA,,,,,,0,00,99.9,,,,,,*6F
9 Nan Nan Nan Nan Nan Nan 1101010111 1000111111 1010010111 111101110 1110110111 10000000110 10000001111 10110100101 10000100111 1101011110 110001100 111101110 11 1100101111 1111111001 1111010101 10011111100 10010000100 21.938 54.764 1006.8 34512 16 -126 11 59 51 3 $GNGGA,,,,,,0,00,99.9,,,,,,*6F
10 Nan Nan Nan Nan Nan Nan 1101010111 1000111111 1010011000 111101100 1110110100 10000001101 10000010010 10110100011 10000100111 1101011101 110001111 111101111 11 1100110100 1111111100 1111010110 10100000001 10010001011 22.000 54.658 1006.8 35511 17 -126 9 58 52 4 $GNGGA,,,,,,0,00,99.9,,,,,,*6F
10 Nan Nan Nan Nan Nan Nan 1101010111 1001000011 1010011001 111101101 1110110111 10000001100 10000010000 10110100101 10000101000 1101011101 110001101 111110001 11 1100110011 1111111011 1111011110 10100000000 10010000100 21.938 54.627 1006.8 36510 18 -126 10 60 51 3 $GNGGA,,,,,,0,00,99.9,,,,,,*6F
10 Nan Nan Nan Nan Nan Nan 1101010111 1000111110 1010010010 111110101 1110110111 10000000010 10000001000 10110101101 10000111001 1101011101 110001001 111101110 11 1100110001 1111111100 1111011010 10011111101 10010000110 21.938 54.551 1006.8 37510 16 -125 10 59 50 5 $GNGGA,,,,,,0,00,99.9,,,,,,*6F
10 Nan Nan Nan Nan Nan Nan 1101010111 1000111101 1010010101 111110110 1110110110 10000000101 10000001101 10110101010 10000110100 1101011101 110001101 111110000 11 1100110100 1111111000 1111010100 10011111110 10010000100 21.938 54.444 1006.8 38508 17 -126 10 59 51 4 $GNGGA,,,,,,0,00,99.9,,,,,,*6F
10 Nan Nan Nan Nan Nan Nan 1101010111 1001000101 1010011010 111110010 1110110110 10000001011 10000010011 10110110101 10000111001 1101011110 110001011 111101101 11 1100110100 1111110110 1111010110 10011111111 10010001100 21.938 54.429 1006.8 39507 16 -125 11 59 51 3 $GNGGA,,,,,,0,00,99.9,,,,,,*6F
11 Nan Nan Nan Nan Nan Nan 1101010111 1001000000 1010011001 111101111 1110110011 10000001000 10000001110 10110100110 10000110010 1101011101 110001110 111110001 11 1100110101 1111111100 1111010111 10011111111 10010001111 21.938 54.375 1006.8 40506 16 -126 10 60 50 4 $GNGGA,,,,,,0,00,99.9,,,,,,*6F
11 Nan Nan Nan Nan Nan Nan 1101010111 1001000010 1010010111 111110000 1110110101 10000000000 10000001011 10110101010 10000110000 1101011101 110001001 111101111 11 1100110011 1111111100 1111011001 10011111101 10010000011 21.938 54.329 1006.8 41505 17 -126 10 59 51 3 $GNGGA,,,,,,0,00,99.9,,,,,,*6F
11 Nan Nan Nan Nan Nan Nan 1101010111 1001000011 1010011010 111110101 1110110110 10000001100 10000010000 10110100100 10000110010 1101011110 110010000 111110001 11 1100110110 1111110111 1111010110 10011110100 10010000001 22.000 54.307 1006.8 42505 16 -125 10 59 51 4 $GNGGA,,,,,,0,00,99.9,,,,,,*6F
11 Nan Nan Nan Nan Nan Nan 1101010111 1001000001 1010010110 111110000 1110110111 10000000010 10000000111 10110011100 10000101010 1101011110 110001111 111110010 11 1100110100 1111101111 1111010011 10011110111 10001111111 21.938 54.383 1006.8 43504 17 -125 10 60 50 4 $GNGGA,,,,,,0,00,99.9,,,,,,*6F
11 Nan Nan Nan Nan Nan Nan 1101010111 1001000011 1010011001 111101101 1110110111 10000001001 10000010000 10110100011 10000110001 1101011101 110010000 111110001 11 1100110101 1111111000 1111011001 10011110111 10010000110 21.938 54.467 1006.8 44503 17 -125 11 59 51 3 $GNGGA,,,,,,0,00,99.9,,,,,,*6F
11 Nan Nan Nan Nan Nan Nan 1101010111 1001000000 1010010111 111110011 1110111000 10000001000 10000001111 10110101000 10000111100 1101011101 110010000 111110010 11 1100110110 1111111000 1111011000 10100000000 10010000110 22.000 54.612 1006.8 45501 17 -126 10 59 51 4 $GNGGA,,,,,,0,00,99.9,,,,,,*6F
11 Nan Nan Nan Nan Nan Nan 1101010111 1001000011 1010011011 111110011 1110110110 10000000011 10000001101 10110100110 10000110011 1101011101 110001110 111110001 11 1100111000 1111111011 1111011000 10011110010 10010000000 21.938 54.696 1006.8 46500 17 -126 11 59 51 3 $GNGGA,,,,,,0,00,99.9,,,,,,*6F
12 Nan Nan Nan Nan Nan Nan 1101010111 1001000111 1010011101 111110011 1110110111 10000000101 10000001011 10110100100 10000101101 1101011101 110001101 111110000 1 1100111001 1111110111 1111010100 10011101111 10001111110 22.000 54.825 1006.8 47500 17 -126 10 58 52 3 $GNGGA,,,,,,0,00,99.9,,,,,,*6F
12 Nan Nan Nan Nan Nan Nan 1101010111 1001000011 1010011001 111111010 1110111100 10000000010 10000001001 10110100010 10000101101 1101011101 110001110 111110000 11 1100110111 1111110111 1111010100 10011110100 10010000011 22.000 54.879 1006.8 48499 17 -125 10 60 50 4 $GNGGA,,,,,,0,00,99.9,,,,,,*6F
13 Nan Nan Nan Nan Nan Nan 1101010111 1001000110 1010011011 111110101 1110110110 10000000001 10000001110 10110011111 10000101000 1101011101 110001100 111101110 11 1100111010 1111111100 1111010011 10011110100 10010000010 22.000 54.902 1006.8 49498 16 -126 10 58 51 5 $GNGGA,,,,,,0,00,99.9,,,,,,*6F
13 Nan Nan Nan Nan Nan Nan 1101010111 1001000101 1010011011 111110101 1110110101 10000000001 10000001001 10110011010 10000101100 1101011101 110010000 111110011 11 1100111001 1111111101 1111011101 10011100111 10001111101 22.000 54.955 1006.8 50497 17 -126 10 60 50 4 $GNGGA,,,,,,0,00,99.9,,,,,,*6F
13 Nan Nan Nan Nan Nan Nan 1101010111 1001000100 1010011011 111111001 1110111000 10000000010 10000001011 10110010110 10000100100 1101011110 110001111 111110010 11 1100111001 1111101111 1111001111 10011110001 10001111100 22.000 55.138 1006.8 51495 17 -126 11 58 51 3 $GNGGA,,,,,,0,00,99.9,,,,,,*6F
14 Nan Nan Nan Nan Nan Nan 1101010111 1001000100 1010011100 1000000000 1110111011 10000000000 10000001110 10110011100 10000101110 1101011101 110010011 111110100 11 1100111001 1111110110 1111010111 10011110110 10001111111 22.000 55.100 1006.8 52495 16 -126 10 60 51 3 $GNGGA,,,,,,0,00,99.9,,,,,,*6F
14 Nan Nan Nan Nan Nan Nan 1101010111 1001000110 1010011100 1000000011 1110111100 1111111101 10000001000 10110011101 10000101011 1101011110 110001111 111110011 11 1100111001 1111111000 1111010011 10011101100 10001111100 22.000 55.146 1006.8 53494 17 -125 10 59 50 4 $GNGGA,,,,,,0,00,99.9,,,,,,*6F
15 Nan Nan Nan Nan Nan Nan 1101010111 1001000101 1010011100 1000000000 1110111101 1111111110 10000000101 10110011110 10000101010 1101011110 110010101 111110111 11 1100111100 1111110111 1111010100 10011110001 10001111010 21.938 55.161 1006.8 54493 16 -126 10 59 52 3 $GNGGA,,,,,,0,00,99.9,,,,,,*6F
15 Nan Nan Nan Nan Nan Nan 1101010111 1001001001 1010011110 1000000011 1110111010 1111111001 10000000100 10110011000 10000100001 1101011101 110010100 111110110 11 1100111100 1111110011 1111010000 10011110101 10001110111 21.938 55.222 1006.8 55492 18 -126 10 60 51 3 $GNGGA,,,,,,0,00,99.9,,,,,,*6F
15 Nan Nan Nan Nan Nan Nan 1101010111 1001000100 1010011100 111111111 1110111001 10000000000 10000001011 10110011001 10000100011 1101011101 110010100 111110110 11 1100111011 1111110100 1111010010 10011101101 10001111100 21.938 55.092 1006.8 56491 17 -125 10 58 51 4 $GNGGA,,,,,,0,00,99.9,,,,,,*6F
15 Nan Nan Nan Nan Nan Nan 1101010111 1001000101 1010011011 111111101 1110111011 1111111000 10000000100 10110011000 10000100111 1101011101 110010101 111110111 11 1100111011 1111101100 1111001100 10011101111 10010000001 22.000 55.115 1006.8 57490 16 -126 10 60 51 3 $GNGGA,,,,,,0,00,99.9,,,,,,*6F
15 Nan Nan Nan Nan Nan Nan 1101010111 1001000100 1010011010 1000000011 1110111010 1111111111 10000000011 10110011011 10000100100 1101011101 110010110 111110100 11 1100111011 1111101111 1111010000 10011101110 10001111100 22.000 55.291 1006.8 58489 16 -125 11 59 50 4 $GNGGA,,,,,,0,00,99.9,,,,,,*6F
16 Nan Nan Nan Nan Nan Nan 1101010111 1001001000 1010011101 1000000000 1110111001 1111111110 10000001010 10110011111 10000101011 1101011110 110010010 111110101 11 1100111100 1111110011 1111011000 10011110010 10001111011 21.938 55.291 1006.8 59489 16 -126 10 59 51 4 $GNGGA,,,,,,0,00,99.9,,,,,,*6F
16 Nan Nan Nan Nan Nan Nan 1101010111 1001000110 1010011100 1000000100 1110111100 1111111111 10000001000 10110011001 10000100111 1101011101 110010110 111111000 11 1100111100 1111110011 1111001111 10011110001 10001110111 21.938 55.291 1006.8 60487 17 -125 10 60 50 4 $GNGGA,,,,,,0,00,99.9,,,,,,*6F
16 Nan Nan Nan Nan Nan Nan 1101010111 1001000110 1010011100 1000000101 1110111100 10000000000 10000001001 10110010110 10000101111 1101011101 110010110 111111001 10 1100111101 1111110010 1111001100 10011110010 10010000010 21.938 55.253 1006.8 61486 16 -126 10 58 51 5 $GNGGA,,,,,,0,00,99.9,,,,,,*6F
17 Nan Nan Nan Nan Nan Nan 1101010111 1001001001 1010011110 111111110 1110111100 10000000100 10000010000 10110001101 10000011101 1101011101 110011000 111111001 11 1100111110 1111110000 1111001110 10011111010 10010000010 22.000 55.176 1006.8 62485 17 -126 10 60 51 3 $GNGGA,,,,,,0,00,99.9,,,,,,*6F
17 Nan Nan Nan Nan Nan Nan 1101010111 1001000111 1010011111 1000000010 1110111010 10000000001 10000001001 10110010110 10000100101 1101011110 110010101 111111000 11 1100111100 1111110110 1111010101 10011101011 10001110011 22.000 55.016 1006.8 63484 16 -125 11 59 50 4 $GNGGA,,,,,,0,00,99.9,,,,,,*6F
18 Nan Nan Nan Nan Nan Nan 1101010111 1001001010 1010011101 1000000010 1110111101 10000000000 10000001011 10110010001 10000011010 1101011101 110010111 111111000 11 1101000010 1111111101 1111011010 10011101110 10001111011 21.938 54.863 1006.8 64483 16 -126 10 58 52 4 $GNGGA,,,,,,0,00,99.9,,,,,,*6F
18 Nan Nan Nan Nan Nan Nan 1101010111 1001000111 1010011011 1000000100 1110111010 10000000011 10000001011 10110010100 10000100011 1101011110 110011001 111111000 11 1100111111 1111110011 1111010001 10011110000 10001111101 22.000 54.841 1006.8 65482 18 -126 10 58 51 3 $GNGGA,,,,,,0,00,99.9,,,,,,*6F
18 Nan Nan Nan Nan Nan Nan 1101010111 1001000110 1010011001 1000000010 1110111001 1111111110 10000000011 10110011101 10000100111 1101011110 110010101 111110110 11 1101000011 1111110111 1111010101 10011101101 10001111011 21.938 54.955 1006.8 66482 16 -126 10 59 52 3 $GNGGA,,,,,,0,00,99.9,,,,,,*6F
18 Nan Nan Nan Nan Nan Nan 1101010111 1001001010 1010100001 1000000111 1110111100 10000000000 10000000111 10110001110 10000011001 1101011101 110011011 111111011 11 1101000000 1111110101 1111010110 10011101100 10001110100 21.938 54.963 1006.8 67480 18 -126 10 60 51 3 $GNGGA,,,,,,0,00,99.9,,,,,,*6F
18 Nan Nan Nan Nan Nan Nan 1101010111 1001001010 1010011111 111111101 1110111001 1111111011 10000001000 10110000101 10000011001 1101011110 110011011 111111010 11 1101000000 1111101110 1111001101 10011100001 10001110100 21.938 54.978 1006.8 68480 16 -126 11 59 50 4 $GNGGA,,,,,,0,00,99.9,,,,,,*6F
19 Nan Nan Nan Nan Nan Nan 1101010111 1001001000 1010011101 1000000011 1110111111 1111111101 10000000101 10110010100 10000100111 1101011101 110011010 111110111 11 1101000001 1111110010 1111010000 10011101000 10001111001 21.938 54.963 1006.8 69478 17 -126 9 59 51 4 $GNGGA,,,,,,0,00,99.9,,,,,,*6F
19 Nan Nan Nan Nan Nan Nan 1101010111 1001001010 1010011111 1000001001 1110111111 1111111010 10000000010 10110010010 10000011110 1101011101 110011101 111111101 11 1101000010 1111101100 1111001111 10011101101 10001111111 21.938 54.894 1006.8 70477 17 -126 10 59 51 3 $GNGGA,,,,,,0,00,99.9,,,,,,*6F
20 Nan Nan Nan Nan Nan Nan 1101010111 1001001011 1010011110 1000010000 1111000000 1111111011 10000000100 10110010000 10000010110 1101011101 110011000 111111001 11 1101000000 1111110010 1111001110 10011100100 10001110001 21.938 54.795 1006.8 71477 16 -126 10 59 52 3 $GNGGA,,,,,,0,00,99.9,,,,,,*6F
20 Nan Nan Nan Nan Nan Nan 1101010111 1001001010 1010011111 1000000101 1110111101 1111110111 10000000011 10110011101 10000011110 1101011101 110011101 111111100 11 1101000011 1111110000 1111001111 10011100101 10001110101 21.938 54.810 1006.8 72475 18 -126 10 60 51 3 $GNGGA,,,,,,0,00,99.9,,,,,,*6F
20 Nan Nan Nan Nan Nan Nan 1101010111 1001001100 1010100001 1000001010 1110111100 1111111001 10000000110 10110010011 10000100001 1101011101 110011110 111111011 11 1101000000 1111101101 1111001111 10011101011 10001111011 21.938 54.871 1006.8 73475 17 -126 10 58 51 4 $GNGGA,,,,,,0,00,99.9,,,,,,*6F
20 Nan Nan Nan Nan Nan Nan 1101010111 1001001010 1010100000 1000000110 1110111000 1111111101 10000000110 10110000001 10000010110 1101011101 110011011 111111011 11 1101000000 1111101111 1111001110 10011101001 10001110111 21.938 54.848 1006.8 74473 18 -126 10 59 51 3 $GNGGA,,,,,,0,00,99.9,,,,,,*6F
20 Nan Nan Nan Nan Nan Nan 1101010111 1001000111 1010011111 1000001101 1110111101 1111111110 10000000100 10110001011 10000100110 1101011110 110011110 111111101 11 1101000010 1111101000 1111001000 10011100101 10001110001 21.938 54.856 1006.8 75472 16 -126 11 59 51 3 $GNGGA,,,,,,0,00,99.9,,,,,,*6F
21 Nan Nan Nan Nan Nan Nan 1101010111 1001001101 1010100011 1000000111 1110111101 1111111011 1111111111 10110001101 10000011111 1101011110 110011010 111111101 11 1101000011 1111101111 1111001111 10011100000 10001101011 21.938 54.787 1006.8 76472 17 -126 10 59 52 3 $GNGGA,,,,,,0,00,99.9,,,,,,*6F
21 Nan Nan Nan Nan Nan Nan 1101010111 1001001101 1010100011 1000001001 1110111101 1111111001 10000001000 10110000101 10000010101 1101011110 110011100 111111001 11 1101000011 1111110000 1111001111 10011100111 10001110100 21.938 54.764 1006.8 77470 17 -126 10 58 51 4 $GNGGA,,,,,,0,00,99.9,,,,,,*6F
22 Nan Nan Nan Nan Nan Nan 1101010111 1001001100 1010100010 1000001100 1110111101 1111111101 10000000101 10110001011 10000010111 1101011110 110011101 111111011 11 1101000110 1111110100 1111010010 10011100011 10001110100 21.938 54.703 1006.8 78470 16 -126 10 59 52 3 $GNGGA,,,,,,0,00,99.9,,,,,,*6F
22 Nan Nan Nan Nan Nan Nan 1101011000 1001001011 1010100001 1000010010 1111000001 1111111101 10000000110 10110001111 10000011000 1101011110 110100000 111111101 11 1101000111 1111110001 1111010100 10011011111 10001101101 21.938 54.665 1006.8 79469 17 -126 10 60 51 3 $GNGGA,,,,,,0,00,99.9,,,,,,*6F
22 Nan Nan Nan Nan Nan Nan 1101010111 1001001111 1010100101 1000001001 1110111100 1111111011 10000001000 10110000001 10000001001 1101011101 110011101 111111101 11 1101000111 1111110000 1111010001 10011100111 10001110100 21.938 54.642 1006.8 80467 16 -126 11 59 50 4 $GNGGA,,,,,,0,00,99.9,,,,,,*6F
23 Nan Nan Nan Nan Nan Nan 1101010111 1001001100 1010100010 1000010011 1110111110 1111111000 1111111111 10101111110 10000010001 1101011110 110011111 111111111 11 1101000110 1111110000 1111001110 10011011010 10001101101 21.938 54.764 1006.8 81467 16 -126 10 60 51 3 $GNGGA,,,,,,0,00,99.9,,,,,,*6F
23 Nan Nan Nan Nan Nan Nan 1101010111 1001001111 1010100010 1000010011 1111000000 1111111001 10000000100 10110000011 10000001111 1101011110 110011111 111111111 11 1101000110 1111101100 1111001001 10011100100 10001110100 21.938 55.008 1006.8 82466 17 -125 10 59 51 3 $GNGGA,,,,,,0,00,99.9,,,,,,*6F
24 Nan Nan Nan Nan Nan Nan 1101010111 1001001100 1010011111 1000010001 1111000001 1111110101 10000000011 10110000101 10000001111 1101011101 110011110 111111101 11 1101000101 1111101111 1111001100 10011011111 10001110001 21.938 55.024 1006.8 83465 16 -126 10 59 52 3 $GNGGA,,,,,,0,00,99.9,,,,,,*6F
24 Nan Nan Nan Nan Nan Nan 1101010111 1001001111 1010100001 1000010110 1110111111 1111110011 1111111011 10110000011 10000001101 1101011101 110011111 111111101 11 1101000110 1111100110 1111000110 10011100011 10001110000 21.938 55.214 1006.8 84464 17 -126 10 60 51 3 $GNGGA,,,,,,0,00,99.9,,,,,,*6F
24 Nan Nan Nan Nan Nan Nan 1101010111 1001010000 1010100100 1000010000 1111000000 1111110111 10000000100 10110001011 10000011111 1101011110 110100010 1000000000 11 1101000110 1111110011 1111001110 10011011001 10001110001 21.938 55.512 1006.8 85464 16 -125 11 59 50 4 $GNGGA,,,,,,0,00,99.9,,,,,,*6F
24 Nan Nan Nan Nan Nan Nan 1101010111 1001010010 1010100110 1000010011 1110111111 1111111010 10000000101 10110001100 10000010111 1101011110 110100100 1000000010 11 1101000111 1111101100 1111010000 10011100001 10001110011 21.938 55.573 1006.8 86462 17 -125 10 60 51 3 $GNGGA,,,,,,0,00,99.9,,,,,,*6F
25 Nan Nan Nan Nan Nan Nan 1101010111 1001001100 1010100011 1000010010 1111000001 1111110010 10000000000 10110000101 10000010100 1101011101 110100011 1000000010 11 1101001010 1111101111 1111010100 10011010111 10001100101 22.000 55.489 1006.8 87461 16 -126 11 59 51 3 $GNGGA,,,,,,0,00,99.9,,,,,,*6F
25 Nan Nan Nan Nan Nan Nan 1101010111 1001001110 1010100011 1000010001 1110111111 1111111001 1111111101 10110000111 10000010101 1101011101 110100001 1000000000 11 1101000111 1111101011 1111001111 10011010101 10001101001 22.000 55.314 1006.8 88460 16 -126 10 58 52 4 $GNGGA,,,,,,0,00,99.9,,,,,,*6F
25 Nan Nan Nan Nan Nan Nan 1101010111 1001001101 1010100000 1000010111 1111000001 1111111100 10000000011 10110000101 10000010111 1101011110 110100011 1000000000 11 1101001001 1111101111 1111001000 10011010011 10001100101 22.000 55.153 1006.8 89458 17 -126 10 60 50 4 $GNGGA,,,,,,0,00,99.9,,,,,,*6F
26 Nan Nan Nan Nan Nan Nan 1101010111 1001001011 1010011110 1000010110 1110111110 1111110101 1111111011 10110000100 10000010101 1101011110 110100110 1000000001 11 1101001001 1111101011 1111001101 10011011001 10001101110 22.000 55.077 1006.8 90459 16 -125 10 59 51 4 $GNGGA,,,,,,0,00,99.9,,,,,,*6F
26 Nan Nan Nan Nan Nan Nan 1101010111 1001001100 1010100001 1000010101 1111000011 1111110011 1111111111 10110000001 10000010001 1101011101 110100000 111111101 11 1101001011 1111101011 1111001010 10011011010 10001101011 22.000 55.115 1006.8 91457 17 -126 10 59 51 4 $GNGGA,,,,,,0,00,99.9,,,,,,*6F
26 Nan Nan Nan Nan Nan Nan 1101010111 1001001111 1010100010 1000011010 1111000100 1111110101 10000000010 10110000111 10000011100 1101011110 110011111 111111111 11 1101001100 1111101100 1111001001 10011010111 10001101111 22.000 55.268 1006.8 92456 16 -126 11 59 51 3 $GNGGA,,,,,,0,00,99.9,,,,,,*6F
27 Nan Nan Nan Nan Nan Nan 1101010111 1001001110 1010100101 1000011001 1111000011 1111111001 10000000001 10101111100 10000001100 1101011110 110100011 111111111 11 1101001101 1111101000 1111001000 10011011100 10001111000 22.000 55.222 1006.8 93456 16 -126 10 60 50 4 $GNGGA,,,,,,0,00,99.9,,,,,,*6F
27 Nan Nan Nan Nan Nan Nan 1101010111 1001010011 1010101000 1000011011 1111000100 1111111010 10000000111 10101111110 10000010101 1101011101 110100011 1000000010 11 1101001100 1111101010 1111000111 10011011011 10001101100 22.000 55.077 1006.8 94454 17 -126 10 59 51 3 $GNGGA,,,,,,0,00,99.9,,,,,,*6F
28 Nan Nan Nan Nan Nan Nan 1101010111 1001001110 1010100010 1000011010 1111000101 1111110001 1111111110 10101111110 10000001011 1101011101 110100101 1000000001 11 1101001100 1111101111 1111001011 10011011100 10001101011 22.000 54.879 1006.8 95454 16 -126 10 59 52 3 $GNGGA,,,,,,0,00,99.9,,,,,,*6F
28 Nan Nan Nan Nan Nan Nan 1101010111 1001001110 1010100000 1000011000 1111000001 1111110010 1111111011 10101111001 10000000111 1101011101 110100111 1000000000 11 1101001101 1111101101 1111001010 10011010010 10001101010 22.000 54.734 1006.8 96452 18 -126 10 60 51 3 $GNGGA,,,,,,0,00,99.9,,,,,,*6F
28 Nan Nan Nan Nan Nan Nan 1101010111 1001010000 1010100011 1000010110 1111000001 1111110100 10000000010 10101111011 10000001010 1101011101 110100110 1000000010 11 1101001101 1111100101 1111000100 10011011010 10001101000 22.000 54.680 1006.8 97452 16 -124 11 59 50 4 $GNGGA,,,,,,0,00,99.9,,,,,,*6F
29 Nan Nan Nan Nan Nan Nan 1101010111 1001010000 1010100011 1000010110 1111000000 1111110100 1111111111 10101111100 10000000100 1101011110 110100111 1000000011 11 1101001100 1111100011 1111000101 10011011010 10001100101 22.000 54.787 1006.8 98450 17 -126 10 59 51 4 $GNGGA,,,,,,0,00,99.9,,,,,,*6F
30 Nan Nan Nan Nan Nan Nan 1101010111 1001001111 1010100010 1000011100 1111000001 1111110110 10000000011 10101110111 10000001011 1101011101 110100101 1000000100 11 1101001101 1111101000 1111001000 10011010001 10001100010 22.000 54.818 1006.8 99450 16 -126 11 59 51 3 $GNGGA,,,,,,0,00,99.9,,,,,,*6F
30 Nan Nan Nan Nan Nan Nan 1101010111 1001010100 1010100110 1000100001 1111000011 1111110010 1111111110 10101111100 10000001010 1101011101 110100101 1000000100 11 1101001101 1111100110 1111000011 10011010000 10001011101 22.000 54.764 1006.8 100449 16 -125 10 59 51 4 $GNGGA,,,,,,0,00,99.9,,,,,,*6F
30 Nan Nan Nan Nan Nan Nan 1101010111 1001010111 1010101011 1000100100 1111000101 1111110000 1111111010 10101110111 10000001111 1101011110 110100111 1000000101 11 1101001100 1111101000 1111000110 10011011000 10001100110 22.000 54.696 1006.8 101448 17 -125 10 60 50 4 $GNGGA,,,,,,0,00,99.9,,,,,,*6F
30 Nan Nan Nan Nan Nan Nan 1101010111 1001010010 1010100100 1000100011 1111000011 1111101110 1111111001 10110000010 10000010000 1101011101 110101011 1000000111 11 1101001110 1111100101 1111001000 10011010010 10001100010 22.000 54.703 1006.8 102447 16 -125 10 59 50 5 $GNGGA,,,,,,0,00,99.9,,,,,,*6F
31 Nan Nan Nan Nan Nan Nan 1101010111 1001010110 1010100111 1000011110 1111000100 1111101111 1111111011 10101111110 10000001001 1101011110 110101010 1000000101 10 1101001101 1111100101 1111000100 10011011001 10001100101 22.000 54.719 1006.8 103446 17 -126 10 60 50 4 $GNGGA,,,,,,0,00,99.9,,,,,,*6F
31 Nan Nan Nan Nan Nan Nan 1101010111 1001010011 1010100110 1000011101 1110111111 1111110010 1111111111 10110000000 10000001100 1101011101 110101001 1000000100 11 1101001111 1111101011 1111001011 10011010100 10001100100 22.000 55.069 1006.8 104444 17 -126 11 59 51 3 $GNGGA,,,,,,0,00,99.9,,,,,,*6F
31 Nan Nan Nan Nan Nan Nan 1101010111 1001010011 1010101001 1000011101 1111000101 1111110101 1111111111 10101110110 10000000111 1101011101 110100110 1000000011 11 1101010000 1111101000 1111000111 10011001111 10001100001 22.000 54.932 1006.8 105444 16 -125 10 60 50 4 $GNGGA,,,,,,0,00,99.9,,,,,,*6F
31 Nan Nan Nan Nan Nan Nan 1101010111 1001010011 1010101001 1000011100 1111000011 1111101100 1111111011 10101111000 10000001011 1101011110 110101001 1000000110 11 1101010001 1111101001 1111001000 10011010011 10001100110 22.000 54.818 1006.8 106443 17 -125 10 59 50 4 $GNGGA,,,,,,0,00,99.9,,,,,,*6F
32 Nan Nan Nan Nan Nan Nan 1101010111 1001010010 1010100110 1000100111 1111000111 1111110000 1111111001 10101111010 10000000011 1101011101 110101010 1000000110 11 1101010000 1111100111 1111001010 10011011001 10001101101 22.000 54.764 1006.8 107442 16 -126 10 59 52 3 $GNGGA,,,,,,0,00,99.9,,,,,,*6F
32 Nan Nan Nan Nan Nan Nan 1101010111 1001010101 1010101000 1000100101 1111000011 1111110001 1111111100 10101110101 10000000111 1101011101 110101101 1000000110 11 1101010000 1111101001 1111001001 10011001110 10001101001 22.000 54.680 1006.8 108440 18 -126 10 59 51 3 $GNGGA,,,,,,0,00,99.9,,,,,,*6F
32 Nan Nan Nan Nan Nan Nan 1101010111 1001011010 1010101010 1000011011 1111000110 1111101110 1111111111 10101110100 10000001000 1101011101 110101001 1000000101 11 1101010011 1111101011 1111000100 10011010001 10001100001 22.000 54.749 1006.8 109440 17 -125 10 58 51 4 $GNGGA,,,,,,0,00,99.9,,,,,,*6F
33 Nan Nan Nan Nan Nan Nan 1101010111 1001011011 1010101111 1000011101 1111000011 1111110000 1111111011 10101111001 10000001010 1101011110 110101001 1000000111 11 1101010001 1111101001 1111000111 10011010001 10001011111 22.000 54.780 1006.8 110439 16 -126 10 60 51 3 $GNGGA,,,,,,0,00,99.9,,,,,,*6F
33 Nan Nan Nan Nan Nan Nan 1101010111 1001010011 1010100111 1000011110 1111000101 1111101101 1111111100 10101110110 10000000101 1101011110 110101011 1000000111 11 1101001111 1111101000 1111001001 10011011000 10001101011 22.000 54.909 1006.8 111437 18 -126 10 59 51 3 $GNGGA,,,,,,0,00,99.9,,,,,,*6F
34 Nan Nan Nan Nan Nan Nan 1101010111 1001010011 1010100011 1000100001 1111000011 1111110011 10000000010 10101101101 10000000001 1101011101 110101101 1000000110 11 1101010000 1111100100 1111000011 10011000111 10001011011 22.000 54.993 1006.8 112437 17 -126 10 58 52 3 $GNGGA,,,,,,0,00,99.9,,,,,,*6F
34 Nan Nan Nan Nan Nan Nan 1101010111 1001010101 1010100111 1000100100 1111001001 1111101110 1111111101 10101100101 10000000001 1101011101 110101010 1000000111 11 1101010010 1111100111 1111001000 10011001101 10001100100 22.000 55.008 1006.8 113436 17 -125 10 60 50 4 $GNGGA,,,,,,0,00,99.9,,,,,,*6F
34 Nan Nan Nan Nan Nan Nan 1101010111 1001011001 1010101010 1000100000 1111000100 1111110011 1111111110 10101101001 1111110100 1101011101 110101000 1000000111 11 1101010000 1111100010 1111000100 10011001111 10001100010 22.000 55.008 1006.8 114435 16 -126 10 58 51 5 $GNGGA,,,,,,0,00,99.9,,,,,,*6F
34 Nan Nan Nan Nan Nan Nan 1101010111 1001010110 1010100110 1000101001 1111000101 1111101111 1111111110 10101101100 1111111010 1101011101 110101010 1000001001 11 1101010011 1111100010 1111000110 10011001000 10001011101 22.000 54.970 1006.8 115433 17 -126 10 59 51 4 $GNGGA,,,,,,0,00,99.9,,,,,,*6F
35 Nan Nan Nan Nan Nan Nan 1101010111 1001011001 1010101011 1000101011 1111001000 1111101101 1111111011 10101101010 1111111011 1101011110 110101111 1000001100 11 1101010100 1111100110 1111001010 10011001011 10001011110 22.000 55.047 1006.8 116433 16 -126 11 59 51 3 $GNGGA,,,,,,0,00,99.9,,,,,,*6F
35 Nan Nan Nan Nan Nan Nan 1101010111 1001010110 1010100101 1000101001 1111000100 1111101001 1111110101 10101110000 10000000100 1101011110 110101110 1000001010 11 1101010100 1111101011 1111001010 10011001010 10001011110 22.000 54.993 1006.8 117432 16 -126 10 58 52 4 $GNGGA,,,,,,0,00,99.9,,,,,,*6F
