id HH MM SS longitude latitude altitude adc_1_ch0 adc_1_ch1 adc_1_ch2 adc_1_ch3 adc_1_ch4 adc_1_ch5 adc_1_ch6 adc_1_ch7 adc_1_ch8 adc_2_ch0 adc_2_ch1 adc_2_ch2 adc_2_ch3 adc_2_ch4 adc_2_ch5 adc_2_ch6 adc_2_ch7 adc_2_ch8 temp hum pres t_prog t_gps t_split t_adc t_temp t_hum t_pres trame_gga
0 Nan Nan Nan Nan Nan Nan 1101010111 1001011010 1010101011 1000101110 1111000111 1111101010 1111110111 10101100110 1111110111 1101011110 110110010 1000001100 10 1101011001 1111100111 1111000111 10010111101 10001010100 22.000 54.863 795.83 880 18 -125 9 59 51 4 $GNGGA,,,,,,0,00,99.9,,,,,,*6F
0 Nan Nan Nan Nan Nan Nan 1101010111 1001011011 1010101101 1000101111 1111001010 1111100001 1111101111 10101100111 1111110001 1101011110 110110100 1000001111 11 1101011001 1111101100 1111001101 10011000100 10001011010 22.000 54.871 1006.8 1516 17 -126 10 59 51 4 $GNGGA,,,,,,0,00,99.9,,,,,,*6F
0 Nan Nan Nan Nan Nan Nan 1101010111 1001011010 1010101111 1000101100 1111000101 1111101010 1111110111 10101100001 1111110111 1101011101 110110001 1000001100 11 1101010111 1111011011 1111000000 10010111110 10001010010 22.000 54.825 1006.8 2515 16 -125 11 59 50 4 $GNGGA,,,,,,0,00,99.9,,,,,,*6F
1 Nan Nan Nan Nan Nan Nan 1101010111 1001011011 1010101100 1000110000 1111001010 1111101110 1111111010 10101100111 1111111010 1101011101 110110101 1000001111 11 1101011011 1111100110 1111000100 10010111101 10001010010 22.000 54.764 1006.8 3515 16 -125 10 60 50 4 $GNGGA,,,,,,0,00,99.9,,,,,,*6F
1 Nan Nan Nan Nan Nan Nan 1101010111 1001011110 1010110000 1000110101 1111001001 1111101101 1111111000 10101011101 1111101110 1101011101 110110101 1000001110 11 1101011000 1111100110 1111000101 10011000100 10001011001 22.000 54.719 1006.8 4513 17 -126 10 59 51 3 $GNGGA,,,,,,0,00,99.9,,,,,,*6F
1 Nan Nan Nan Nan Nan Nan 1101010111 1001011010 1010110000 1000110010 1111001010 1111100101 1111110110 10101100100 1111110111 1101011101 110110101 1000001110 11 1101011100 1111100100 1111000100 10010111010 10001010100 22.000 54.734 1006.8 5512 17 -126 10 58 52 3 $GNGGA,,,,,,0,00,99.9,,,,,,*6F
1 Nan Nan Nan Nan Nan Nan 1101010111 1001011001 1010101101 1000101111 1111001001 1111101010 1111111001 10101101001 10000000011 1101011101 110110111 1000001111 11 1101011011 1111011110 1111000011 10010111101 10001001111 22.000 54.711 1006.8 6511 17 -125 10 60 50 4 $GNGGA,,,,,,0,00,99.9,,,,,,*6F
1 Nan Nan Nan Nan Nan Nan 1101010111 1001011011 1010101011 1000110101 1111001100 1111100111 1111110001 10101101011 10000000101 1101011110 110110011 1000001111 10 1101011001 1111011101 1110111110 10011000010 10001010100 22.000 54.749 1006.8 7510 16 -125 11 58 51 4 $GNGGA,,,,,,0,00,99.9,,,,,,*6F
2 Nan Nan Nan Nan Nan Nan 1101010111 1001011111 1010101110 1000110100 1111001011 1111100101 1111110011 10101100110 1111110101 1101011101 110110101 1000001110 11 1101011011 1111011111 1110111110 10010111010 10001010001 22.000 54.734 1006.8 8510 17 -126 10 60 51 3 $GNGGA,,,,,,0,00,99.9,,,,,,*6F
2 Nan Nan Nan Nan Nan Nan 1101010111 1001011000 1010101010 1000110110 1111001000 1111100100 1111110011 10101101110 1111111111 1101011110 110110111 1000010000 11 1101011010 1111100001 1110111110 10010111000 10001001100 22.000 54.810 1006.8 9508 16 -126 11 59 51 3 $GNGGA,,,,,,0,00,99.9,,,,,,*6F
2 Nan Nan Nan Nan Nan Nan 1101010111 1001011101 1010101111 1000110001 1111000111 1111101000 1111110111 10101101000 1111111010 1101011101 110110111 1000010001 11 1101011011 1111100011 1111000010 10011001000 10001011101 22.000 54.970 1006.8 10508 16 -126 10 59 51 4 $GNGGA,,,,,,0,00,99.9,,,,,,*6F
2 Nan Nan Nan Nan Nan Nan 1101010111 1001011110 1010110010 1000110000 1111001000 1111101000 1111110111 10101011111 1111111010 1101011110 110111001 1000010010 11 1101011100 1111100001 1110111111 10011000110 10001010101 22.000 54.978 1006.8 11506 17 -126 10 60 50 4 $GNGGA,,,,,,0,00,99.9,,,,,,*6F
3 Nan Nan Nan Nan Nan Nan 1101010111 1001011011 1010101011 1000111001 1111001011 1111101001 1111110100 10101100011 1111111001 1101011101 110111001 1000010000 11 1101011101 1111100100 1111000001 10011001010 10001100011 22.000 55.161 1006.8 12506 16 -126 10 59 51 4 $GNGGA,,,,,,0,00,99.9,,,,,,*6F
3 Nan Nan Nan Nan Nan Nan 1101010111 1001011110 1010101111 1000111111 1111001111 1111101100 1111111100 10101100000 1111110100 1101011101 110111000 1000001111 11 1101011110 1111100010 1111000010 10010111111 10001011000 22.000 55.207 1006.8 13504 18 -126 10 59 51 3 $GNGGA,,,,,,0,00,99.9,,,,,,*6F
3 Nan Nan Nan Nan Nan Nan 1101010111 1001011110 1010101101 1000111110 1111001101 1111101000 1111110011 10101100001 1111111010 1101011101 110110110 1000001111 11 1101011101 1111011111 1111000001 10010111111 10001010001 22.000 55.100 1006.8 14503 16 -125 11 59 51 3 $GNGGA,,,,,,0,00,99.9,,,,,,*6F
4 Nan Nan Nan Nan Nan Nan 1101010111 1001011101 1010110100 1000111001 1111001100 1111101000 1111111000 10101011100 1111110111 1101011110 110110101 1000010001 11 1101011100 1111011110 1110111101 10010111111 10001010011 22.000 54.963 1006.8 15503 16 -126 10 60 51 3 $GNGGA,,,,,,0,00,99.9,,,,,,*6F
4 Nan Nan Nan Nan Nan Nan 1101010111 1001011101 1010101111 1000110111 1111001010 1111100101 1111110100 10101011111 1111111010 1101011101 110111000 1000010010 11 1101011011 1111011111 1111000001 10010110101 10001000101 22.000 54.856 1006.8 16501 17 -126 10 58 51 4 $GNGGA,,,,,,0,00,99.9,,,,,,*6F
5 Nan Nan Nan Nan Nan Nan 1101010111 1001011101 1010101110 1000111010 1111001011 1111100011 1111110101 10101100010 1111111100 1101011110 110111010 1000010001 11 1101011110 1111011001 1110111001 10011000001 10001010001 22.000 54.703 1006.8 17501 16 -126 10 59 52 3 $GNGGA,,,,,,0,00,99.9,,,,,,*6F
5 Nan Nan Nan Nan Nan Nan 1101010111 1001100000 1010110010 1000111000 1111001011 1111100101 1111110111 10101011010 1111110110 1101011110 110111010 1000010100 10 1101011110 1111011100 1110111100 10010111100 10001001111 22.000 54.604 1006.8 18500 17 -126 10 60 51 3 $GNGGA,,,,,,0,00,99.9,,,,,,*6F
5 Nan Nan Nan Nan Nan Nan 1101010111 1001011110 1010110000 1000111010 1111001101 1111100100 1111110011 10101100011 1111111110 1101011110 110111010 1000010001 11 1101011011 1111100010 1111000010 10010110111 10001010100 22.000 54.528 1006.8 19499 16 -125 11 59 50 4 $GNGGA,,,,,,0,00,99.9,,,,,,*6F
6 Nan Nan Nan Nan Nan Nan 1101010111 1001100011 1010110011 1000111011 1111001001 1111011110 1111110000 10101011010 1111111010 1101011101 110111111 1000011001 100 1101011110 1111011110 1110111101 10010111001 10001010001 22.000 54.505 1006.8 20498 16 -126 10 60 51 3 $GNGGA,,,,,,0,00,99.9,,,,,,*6F
6 Nan Nan Nan Nan Nan Nan 1101010111 1001011101 1010101111 1000111100 1111001010 1111100110 1111101110 10101100100 1111111011 1101011101 110111011 1000010100 11 1101100010 1111011100 1110111011 10010111001 10001001111 22.063 54.520 1006.8 21496 16 -126 11 58 51 4 $GNGGA,,,,,,0,00,99.9,,,,,,*6F
7 Nan Nan Nan Nan Nan Nan 1101010111 1001100100 1010110111 1000111100 1111000110 1111100100 1111110011 10101011011 1111111000 1101011110 110111100 1000010010 11 1101011111 1111100010 1110111101 10010110101 10001010100 22.000 54.520 1006.8 22496 16 -126 10 58 52 3 $GNGGA,,,,,,0,00,99.9,,,,,,*6F
7 Nan Nan Nan Nan Nan Nan 1101010111 1001011111 1010110001 1000111011 1111001010 1111100001 1111101101 10101011010 1111101101 1101011110 110111010 1000010100 11 1101011111 1111011110 1111000000 10010111001 10001010100 22.000 54.482 1006.8 23495 17 -125 10 60 50 4 $GNGGA,,,,,,0,00,99.9,,,,,,*6F
7 Nan Nan Nan Nan Nan Nan 1101010111 1001011111 1010110001 1001000000 1111001101 1111011101 1111110101 10101011110 1111101110 1101011110 110111100 1000010001 11 1101011110 1111100000 1110111110 10010110110 10001010001 22.000 54.795 1006.8 24494 16 -126 10 59 51 4 $GNGGA,,,,,,0,00,99.9,,,,,,*6F
7 Nan Nan Nan Nan Nan Nan 1101010111 1001100010 1010110011 1001000100 1111001100 1111100100 1111110111 10101011011 1111110001 1101011101 110111000 1000010001 11 1101100000 1111011001 1110111011 10010111111 10001010000 22.063 55.031 1006.8 25493 17 -125 10 60 50 4 $GNGGA,,,,,,0,00,99.9,,,,,,*6F
7 Nan Nan Nan Nan Nan Nan 1101010111 1001011101 1010110000 1001000001 1111001100 1111100101 1111110110 10101011010 1111110101 1101011110 110111101 1000011000 10 1101100010 1111011110 1110111101 10010110110 10001001011 22.000 55.069 1006.8 26491 16 -126 11 59 50 4 $GNGGA,,,,,,0,00,99.9,,,,,,*6F
8 Nan Nan Nan Nan Nan Nan 1101011000 1001100000 1010101110 1000111101 1111001101 1111011111 1111101111 10101011101 1111110111 1101011110 110111110 1000010011 11 1101100000 1111011111 1110111111 10010110100 10001010000 22.000 55.054 1006.8 27491 16 -126 10 59 52 3 $GNGGA,,,,,,0,00,99.9,,,,,,*6F
8 Nan Nan Nan Nan Nan Nan 1101010111 1001100100 1010110101 1000111110 1111001100 1111100101 1111110011 10101011001 1111110011 1101011110 110111000 1000010100 11 1101100000 1111011011 1110111010 10010110011 10001001001 22.000 55.214 1006.8 28490 17 -125 10 59 50 4 $GNGGA,,,,,,0,00,99.9,,,,,,*6F
9 Nan Nan Nan Nan Nan Nan 1101010111 1001011100 1010101110 1000111101 1111001001 1111101000 1111110101 10101010101 1111100110 1101011101 110111110 1000010100 11 1101100010 1111011110 1110111101 10010110111 10001001100 22.000 55.077 1006.8 29490 16 -126 10 59 51 4 $GNGGA,,,,,,0,00,99.9,,,,,,*6F
9 Nan Nan Nan Nan Nan Nan 1101010111 1001100000 1010101111 1001000100 1111001110 1111100101 1111101110 10101011100 1111110011 1101011101 111000010 1000010111 11 1101100001 1111011011 1110111010 10010110100 10001001100 22.000 54.917 1006.8 30488 17 -126 10 60 51 3 $GNGGA,,,,,,0,00,99.9,,,,,,*6F
9 Nan Nan Nan Nan Nan Nan 1101010111 1001100000 1010110001 1000111111 1111001001 1111100010 1111110011 10101010000 1111100111 1101011110 110111110 1000010101 11 1101100011 1111100001 1110111101 10010110011 10001001011 22.063 54.825 1006.8 31486 16 -126 11 59 50 4 $GNGGA,,,,,,0,00,99.9,,,,,,*6F
10 Nan Nan Nan Nan Nan Nan 1101010111 1001100101 1010110110 1001000000 1111001110 1111100000 1111101110 10101011100 1111101010 1101011110 110111101 1000010111 11 1101100011 1111011101 1110111100 10010110100 10001010011 22.063 54.802 1006.8 32486 16 -126 10 59 51 4 $GNGGA,,,,,,0,00,99.9,,,,,,*6F
10 Nan Nan Nan Nan Nan Nan 1101010111 1001100010 1010110010 1001001001 1111001110 1111011001 1111100110 10101010101 1111100110 1101011110 110111110 1000011000 11 1101100101 1111011111 1110111110 10010110010 10001001111 22.063 54.719 1006.8 33485 17 -125 10 59 50 4 $GNGGA,,,,,,0,00,99.9,,,,,,*6F
11 Nan Nan Nan Nan Nan Nan 1101010111 1001100000 1010110010 1001000000 1111001110 1111100001 1111101010 10101010101 1111101001 1101011110 110111110 1000010101 11 1101100011 1111011000 1110111010 10010110100 10001010011 22.063 54.703 1006.8 34484 16 -126 10 59 52 3 $GNGGA,,,,,,0,00,99.9,,,,,,*6F
11 Nan Nan Nan Nan Nan Nan 1101010111 1001011111 1010110000 1000111100 1111001100 1111011111 1111101111 10101010110 1111101001 1101011110 110111101 1000010111 11 1101100100 1111010111 1110110110 10010101100 10001001110 22.000 54.703 1006.8 35483 17 -126 10 60 51 3 $GNGGA,,,,,,0,00,99.9,,,,,,*6F
11 Nan Nan Nan Nan Nan Nan 1101010111 1001100011 1010110100 1001000000 1111001100 1111100101 1111110110 10101001111 1111101010 1101011110 111000000 1000011010 11 1101100011 1111011010 1110111100 10010110101 10001010011 22.063 54.703 1006.8 36482 16 -126 10 58 51 5 $GNGGA,,,,,,0,00,99.9,,,,,,*6F
12 Nan Nan Nan Nan Nan Nan 1101010111 1001100011 1010101111 1001000001 1111001001 1111011010 1111101000 10101001110 1111011111 1101011110 111000001 1000011000 11 1101100011 1111011010 1110111010 10010110100 10001000110 22.000 54.673 1006.8 37481 18 -126 9 59 51 4 $GNGGA,,,,,,0,00,99.9,,,,,,*6F
12 Nan Nan Nan Nan Nan Nan 1101010111 1001100010 1010110000 1001000001 1111001010 1111011111 1111110001 10101011001 1111110000 1101011110 111000001 1000011000 11 1101100101 1111100000 1111000000 10010110000 10001001000 22.000 54.726 1006.8 38480 16 -126 11 58 51 3 $GNGGA,,,,,,0,00,99.9,,,,,,*6F
12 Nan Nan Nan Nan Nan Nan 1101010111 1001100010 1010110100 1001000101 1111001111 1111011110 1111101100 10101001011 1111101101 1101011110 111000001 1000011001 10 1101100101 1111011101 1111000000 10010110000 10001000101 22.000 54.780 1006.8 39479 17 -126 9 58 52 4 $GNGGA,,,,,,0,00,99.9,,,,,,*6F
12 Nan Nan Nan Nan Nan Nan 1101010111 1001100101 1010110110 1001000010 1111001101 1111100000 1111101111 10101001100 1111101010 1101011110 111000001 1000011001 11 1101100110 1111011011 1110111101 10010110010 10001001011 22.000 54.818 1006.8 40478 18 -126 9 58 51 4 $GNGGA,,,,,,0,00,99.9,,,,,,*6F
13 Nan Nan Nan Nan Nan Nan 1101010111 1001100001 1010110011 1000111101 1111001101 1111011011 1111101011 10101010011 1111101100 1101011110 110111111 1000011000 11 1101100100 1111100000 1110111111 10010101100 10001000100 22.063 54.863 1006.8 41478 16 -126 10 59 52 3 $GNGGA,,,,,,0,00,99.9,,,,,,*6F
13 Nan Nan Nan Nan Nan Nan 1101010111 1001100001 1010110011 1001000000 1111001011 1111011000 1111100110 10101010001 1111101101 1101011110 111000001 1000010111 11 1101100111 1111010111 1110110110 10010101111 10001001111 22.063 54.772 1006.8 42476 17 -125 10 60 50 4 $GNGGA,,,,,,0,00,99.9,,,,,,*6F
14 Nan Nan Nan Nan Nan Nan 1101010111 1001100101 1010111000 1001001100 1111001111 1111100101 1111101100 10101010010 1111100110 1101011101 111000011 1000011011 11 1101100111 1111010111 1110111000 10010101111 10001000110 22.000 54.863 1006.8 43475 16 -126 11 59 51 3 $GNGGA,,,,,,0,00,99.9,,,,,,*6F
14 Nan Nan Nan Nan Nan Nan 1101010111 1001100101 1010110101 1001000110 1111001110 1111011100 1111101011 10101010101 1111100110 1101011110 111000100 1000011000 11 1101100110 1111010000 1110110011 10010101101 10001001011 22.000 54.947 1006.8 44474 16 -126 10 60 50 4 $GNGGA,,,,,,0,00,99.9,,,,,,*6F
14 Nan Nan Nan Nan Nan Nan 1101010111 1001100011 1010110101 1001001000 1111010001 1111011110 1111101010 10101010110 1111100011 1101011110 111000100 1000011010 11 1101100110 1111011001 1110111011 10010101110 10001001110 22.063 55.031 1006.8 45473 17 -126 10 58 51 4 $GNGGA,,,,,,0,00,99.9,,,,,,*6F
14 Nan Nan Nan Nan Nan Nan 1101010111 1001100011 1010110111 1001000111 1111001110 1111011100 1111110000 10101011001 1111101010 1101011110 111000011 1000011010 11 1101100111 1111011010 1110111110 10010110011 10001001010 22.000 55.184 1006.8 46472 16 -126 10 58 52 4 $GNGGA,,,,,,0,00,99.9,,,,,,*6F
14 Nan Nan Nan Nan Nan Nan 1101010111 1001100010 1010110100 1001001010 1111001100 1111100001 1111110100 10101001110 1111100011 1101011110 111000011 1000010111 11 1101100111 1111011000 1110111011 10010101111 10001001101 22.000 55.275 1006.8 47472 17 -126 10 60 50 4 $GNGGA,,,,,,0,00,99.9,,,,,,*6F
14 Nan Nan Nan Nan Nan Nan 1101010111 1001100101 1010110011 1001001011 1111010000 1111011110 1111101100 10101001110 1111100010 1101011110 111000000 1000011011 11 1101101000 1111011111 1110111100 10010101101 10000111111 22.000 55.291 1006.8 48471 16 -125 11 59 51 3 $GNGGA,,,,,,0,00,99.9,,,,,,*6F
14 Nan Nan Nan Nan Nan Nan 1101010111 1001100100 1010110101 1001010000 1111010010 1111011111 1111101011 10101001011 1111100010 1101011110 111000100 1000011110 11 1101100110 1111010111 1110111010 10010101101 10001000110 22.000 55.222 1006.8 49469 17 -126 10 59 51 4 $GNGGA,,,,,,0,00,99.9,,,,,,*6F
14 Nan Nan Nan Nan Nan Nan 1101010111 1001100110 1010111000 1001001110 1111010000 1111011011 1111101101 10101001000 1111101101 1101011110 111000011 1000011011 11 1101100101 1111010100 1110111000 10010101110 10001001010 22.000 55.337 1006.8 50468 16 -126 11 58 51 4 $GNGGA,,,,,,0,00,99.9,,,,,,*6F
15 Nan Nan Nan Nan Nan Nan 1101010111 1001100110 1010110111 1001010000 1111010001 1111100000 1111110001 10101000101 1111100000 1101011110 111000011 1000011011 11 1101101000 1111010110 1110110101 10010110100 10001001101 22.000 55.382 1006.8 51468 16 -126 10 59 52 3 $GNGGA,,,,,,0,00,99.9,,,,,,*6F
15 Nan Nan Nan Nan Nan Nan 1101010111 1001100110 1010110111 1001010011 1111001111 1111100001 1111101101 10101001010 1111011100 1101011110 111000111 1000011110 11 1101101000 1111010011 1110110011 10010101010 10000111010 22.000 55.459 1006.8 52466 17 -126 10 59 51 4 $GNGGA,,,,,,0,00,99.9,,,,,,*6F
16 Nan Nan Nan Nan Nan Nan 1101010111 1001100101 1010110110 1001001101 1111001010 1111011011 1111101011 10101001000 1111010111 1101011110 111000011 1000011001 11 1101101000 1111010111 1110110101 10010101011 10000111001 22.000 55.512 1006.8 53466 16 -126 10 59 51 4 $GNGGA,,,,,,0,00,99.9,,,,,,*6F
16 Nan Nan Nan Nan Nan Nan 1101010111 1001100111 1010111010 1001001111 1111010001 1111011011 1111101100 10101000111 1111100001 1101011101 111001000 1000011011 11 1101101010 1111010100 1110110101 10010101111 10001000100 22.063 55.466 1006.8 54464 17 -126 10 59 51 4 $GNGGA,,,,,,0,00,99.9,,,,,,*6F
16 Nan Nan Nan Nan Nan Nan 1101010111 1001100111 1010111000 1001001011 1111010001 1111011011 1111101101 10101001100 1111100011 1101011101 111000101 1000011011 11 1101100111 1111011000 1110110101 10010101101 10001000101 22.000 55.413 1006.8 55463 16 -126 11 59 51 3 $GNGGA,,,,,,0,00,99.9,,,,,,*6F
16 Nan Nan Nan Nan Nan Nan 1101010111 1001101010 1010111011 1001001001 1111001011 1111011010 1111101010 10101010000 1111100100 1101011110 111000110 1000011101 11 1101101011 1111010011 1110110110 10010100100 10000111011 22.000 55.443 1006.8 56462 16 -126 10 60 50 4 $GNGGA,,,,,,0,00,99.9,,,,,,*6F
16 Nan Nan Nan Nan Nan Nan 1101010111 1001100101 1010111000 1001001011 1111001101 1111011001 1111101010 10101001011 1111100001 1101011110 111001000 1000011101 11 1101101010 1111011000 1110111100 10010100011 10000111000 22.063 55.497 1006.8 57461 17 -126 10 58 51 4 $GNGGA,,,,,,0,00,99.9,,,,,,*6F
16 Nan Nan Nan Nan Nan Nan 1101011000 1001100101 1010110101 1001010000 1111010000 1111011001 1111101011 10101001100 1111100011 1101011110 111001000 1000100000 10 1101101100 1111010110 1110110011 10010100101 10000111101 22.000 55.497 1006.8 58461 16 -126 10 59 52 3 $GNGGA,,,,,,0,00,99.9,,,,,,*6F
16 Nan Nan Nan Nan Nan Nan 1101010111 1001100110 1010110111 1001001101 1111010001 1111011111 1111110001 10101000100 1111011000 1101011101 111000110 1000011110 11 1101101011 1111011100 1110111100 10010100111 10000111001 22.000 55.588 1006.8 59459 17 -126 10 60 50 4 $GNGGA,,,,,,0,00,99.9,,,,,,*6F
16 Nan Nan Nan Nan Nan Nan 1101010111 1001100100 1010110100 1001011001 1111010110 1111011100 1111101010 10101000000 1111011001 1101011110 111000111 1000011100 11 1101101011 1111011000 1110110111 10010110001 10001000010 22.000 55.665 1006.8 60459 16 -125 11 59 51 3 $GNGGA,,,,,,0,00,99.9,,,,,,*6F
17 Nan Nan Nan Nan Nan Nan 1101010111 1001100110 1010110110 1001001110 1111001110 1111011101 1111110011 10101000010 1111100001 1101011110 111001000 1000011101 11 1101101101 1111011011 1110111010 10010101011 10000111111 22.000 55.573 1006.8 61458 16 -126 10 60 51 3 $GNGGA,,,,,,0,00,99.9,,,,,,*6F
17 Nan Nan Nan Nan Nan Nan 1101010111 1001100100 1010111001 1001001101 1111001111 1111011000 1111101100 10100111111 1111100001 1101011110 111000100 1000011101 11 1101101100 1111011001 1110111001 10010100011 10000111011 22.063 55.451 1006.8 62456 16 -126 11 59 51 3 $GNGGA,,,,,,0,00,99.9,,,,,,*6F
17 Nan Nan Nan Nan Nan Nan 1101011000 1001100111 1010111001 1001010001 1111001110 1111011010 1111101010 10100111010 1111011111 1101011110 111000111 1000011111 11 1101101001 1111010101 1110110010 10010100111 10000111000 22.063 55.314 1006.8 63456 16 -125 10 59 51 4 $GNGGA,,,,,,0,00,99.9,,,,,,*6F
17 Nan Nan Nan Nan Nan Nan 1101010111 1001100111 1010110111 1001001111 1111010011 1111011011 1111101001 10100111100 1111011010 1101011110 111001000 1000011101 11 1101101101 1111010001 1110110100 10010100101 10000111100 22.063 55.100 1006.8 64454 17 -126 10 59 51 4 $GNGGA,,,,,,0,00,99.9,,,,,,*6F
17 Nan Nan Nan Nan Nan Nan 1101010111 1001101001 1010110110 1001010011 1111010010 1111011010 1111101101 10100111110 1111011110 1101011110 111001011 1000011111 10 1101101100 1111010100 1110111001 10010100101 10000111101 22.063 54.947 1006.8 65454 16 -126 10 58 51 4 $GNGGA,,,,,,0,00,99.9,,,,,,*6F
17 Nan Nan Nan Nan Nan Nan 1101010111 1001101100 1010111011 1001001010 1111001111 1111100001 1111101111 10100111110 1111100000 1101011110 111001001 1000011101 1 1101101110 1111001111 1110110010 10010100011 10000111011 22.063 54.871 1006.8 66452 17 -126 10 59 51 4 $GNGGA,,,,,,0,00,99.9,,,,,,*6F
17 Nan Nan Nan Nan Nan Nan 1101010111 1001101000 1010111000 1001010000 1111010011 1111010100 1111101000 10101000101 1111100000 1101011110 111001000 1000011110 11 1101101011 1111011010 1110111001 10010100011 10001000000 22.063 54.917 1006.8 67451 16 -126 10 58 51 4 $GNGGA,,,,,,0,00,99.9,,,,,,*6F
17 Nan Nan Nan Nan Nan Nan 1101010111 1001100101 1010111001 1001010110 1111010011 1111011010 1111101000 10101000000 1111010111 1101011110 111001000 1000011111 11 1101101111 1111010010 1110110011 10010100100 10001000000 22.063 55.008 1006.8 68451 16 -125 10 59 52 3 $GNGGA,,,,,,0,00,99.9,,,,,,*6F
17 Nan Nan Nan Nan Nan Nan 1101010111 1001100111 1010110111 1001010100 1111010010 1111011010 1111101101 10100111110 1111010111 1101011110 111001010 1000100000 11 1101101111 1111001100 1110110100 10010100110 10001000001 22.063 54.993 1006.8 69450 17 -125 10 59 51 3 $GNGGA,,,,,,0,00,99.9,,,,,,*6F
17 Nan Nan Nan Nan Nan Nan 1101010111 1001101011 1010111011 1001011011 1111010111 1111010111 1111100111 10101000101 1111011111 1101011110 111001000 1000011110 11 1101101100 1111010100 1110110011 10010100010 10001000000 22.063 55.253 1006.8 70449 16 -125 10 59 52 3 $GNGGA,,,,,,0,00,99.9,,,,,,*6F
17 Nan Nan Nan Nan Nan Nan 1101010111 1001101001 1010111000 1001010100 1111010100 1111010011 1111101001 10100111110 1111010011 1101011110 111001100 1000100001 11 1101101101 1111010001 1110110011 10010100110 10001000011 22.063 55.192 1006.8 71448 17 -126 10 60 50 4 $GNGGA,,,,,,0,00,99.9,,,,,,*6F
17 Nan Nan Nan Nan Nan Nan 1101010111 1001101000 1010111001 1001010101 1111010010 1111010111 1111101001 10101000011 1111011001 1101011110 111001101 1000011111 11 1101101110 1111011011 1110111001 10010100101 10000111010 22.063 55.100 1006.8 72446 16 -126 11 59 50 4 $GNGGA,,,,,,0,00,99.9,,,,,,*6F
18 Nan Nan Nan Nan Nan Nan 1101010111 1001101010 1010111001 1001001111 1111010010 1111011011 1111101111 10100111111 1111010101 1101011110 111001110 1000100001 100 1101101110 1111010100 1110110100 10010011010 10000110110 22.063 55.115 1006.8 73446 16 -126 10 59 51 4 $GNGGA,,,,,,0,00,99.9,,,,,,*6F
18 Nan Nan Nan Nan Nan Nan 1101010111 1001101010 1010111011 1001010001 1111010010 1111011101 1111101100 10101000011 1111011000 1101011110 111001100 1000100000 11 1101110000 1111010101 1110110000 10010100100 10000111101 22.063 55.077 1006.8 74444 17 -126 10 59 50 4 $GNGGA,,,,,,0,00,99.9,,,,,,*6F
19 Nan Nan Nan Nan Nan Nan 1101010111 1001100111 1010110110 1001011001 1111010001 1111011100 1111110000 10100111110 1111011010 1101011110 111001010 1000011111 11 1101101110 1111010000 1110110010 10010011010 10000111000 22.063 55.024 1006.8 75444 16 -126 10 59 52 3 $GNGGA,,,,,,0,00,99.9,,,,,,*6F
19 Nan Nan Nan Nan Nan Nan 1101010111 1001101010 1010111010 1001011100 1111010010 1111011010 1111100111 10100111100 1111011011 1101011110 111001011 1000100001 11 1101110000 1111010010 1110101111 10010100001 10000110111 22.063 55.069 1006.8 76443 17 -126 10 60 51 3 $GNGGA,,,,,,0,00,99.9,,,,,,*6F
19 Nan Nan Nan Nan Nan Nan 1101010111 1001101001 1010111001 1001010100 1111010010 1111010010 1111100111 10100110000 1111001100 1101011110 111001101 1000100100 11 1101101111 1111010011 1110110011 10010011110 10000110100 22.063 55.192 1006.8 77442 16 -126 10 59 50 5 $GNGGA,,,,,,0,00,99.9,,,,,,*6F
20 Nan Nan Nan Nan Nan Nan 1101010111 1001101000 1010111000 1001011010 1111010100 1111010111 1111100101 10100111100 1111010110 1101011110 111001110 1000100010 11 1101101111 1111010001 1110110010 10010011010 10000110101 22.063 55.375 1006.8 78441 17 -126 10 59 51 3 $GNGGA,,,,,,0,00,99.9,,,,,,*6F
20 Nan Nan Nan Nan Nan Nan 1101010111 1001101000 1010111001 1001010110 1111010011 1111011001 1111101001 10100111100 1111100001 1101011110 111001100 1000100000 11 1101110000 1111010100 1110110110 10010011100 10000110111 22.125 55.489 1006.8 79439 16 -126 11 59 50 4 $GNGGA,,,,,,0,00,99.9,,,,,,*6F
21 Nan Nan Nan Nan Nan Nan 1101010111 1001101100 1010111100 1001011100 1111010011 1111010111 1111101011 10100110100 1111010101 1101011110 111001100 1000100001 11 1101110000 1111001111 1110101111 10010100000 10000111011 22.125 55.413 1006.8 80440 16 -126 10 59 51 4 $GNGGA,,,,,,0,00,99.9,,,,,,*6F
21 Nan Nan Nan Nan Nan Nan 1101010111 1001101101 1010111101 1001011001 1111010010 1111010101 1111100101 10100110110 1111010000 1101011110 111010000 1000100011 11 1101110001 1111010110 1110110100 10010011100 10000101110 22.063 55.283 1006.8 81438 17 -126 10 60 51 3 $GNGGA,,,,,,0,00,99.9,,,,,,*6F
21 Nan Nan Nan Nan Nan Nan 1101010111 1001100110 1010111000 1001011010 1111010010 1111010111 1111101001 10100110101 1111010100 1101011101 111001111 1000100001 11 1101110010 1111010100 1110111001 10010100001 10000111000 22.125 55.337 1006.8 82437 16 -126 10 59 50 5 $GNGGA,,,,,,0,00,99.9,,,,,,*6F
21 Nan Nan Nan Nan Nan Nan 1101010111 1001101010 1010111001 1001011110 1111010101 1111010011 1111100111 10101000001 1111011100 1101011110 111001110 1000100001 11 1101110010 1111010111 1110110100 10010011110 10001000000 22.125 55.268 1006.8 83436 17 -126 10 60 51 3 $GNGGA,,,,,,0,00,99.9,,,,,,*6F
21 Nan Nan Nan Nan Nan Nan 1101010111 1001101011 1010111001 1001100000 1111010011 1111011011 1111101000 10100111000 1111011100 1101011110 111001100 1000100010 100 1101110000 1111010010 1110110001 10010011110 10000111111 22.125 55.306 1006.8 84435 16 -126 11 59 51 3 $GNGGA,,,,,,0,00,99.9,,,,,,*6F
21 Nan Nan Nan Nan Nan Nan 1101010111 1001101011 1010111001 1001011011 1111010011 1111010100 1111101000 10100110110 1111011010 1101011110 111010011 1000100100 11 1101110010 1111010010 1110110011 10010100000 10000111110 22.125 55.634 1006.8 85434 16 -126 10 60 51 3 $GNGGA,,,,,,0,00,99.9,,,,,,*6F
21 Nan Nan Nan Nan Nan Nan 1101010111 1001101010 1010111000 1001011101 1111010001 1111010011 1111100011 10100110011 1111001110 1101011110 111001111 1000100011 11 1101110010 1111010101 1110110011 10010100000 10000111010 22.125 56.229 1006.8 86433 17 -126 9 58 51 4 $GNGGA,,,,,,0,00,99.9,,,,,,*6F
21 Nan Nan Nan Nan Nan Nan 1101010111 1001101100 1010111100 1001100001 1111010010 1111011001 1111101000 10100110111 1111011001 1101011110 111010000 1000100011 11 1101110010 1111001101 1110110001 10010011100 10000111111 22.125 55.893 1006.8 87432 16 -126 10 59 51 4 $GNGGA,,,,,,0,00,99.9,,,,,,*6F
21 Nan Nan Nan Nan Nan Nan 1101010111 1001101110 1010111101 1001011100 1111010000 1111011010 1111101101 10100101111 1111011001 1101011110 111001110 1000100100 11 1101110011 1111010100 1110110110 10010010111 10000101111 22.125 55.848 1006.8 88431 18 -126 9 59 51 4 $GNGGA,,,,,,0,00,99.9,,,,,,*6F
21 Nan Nan Nan Nan Nan Nan 1101010111 1001101100 1010111011 1001010110 1111010001 1111010010 1111100011 10100101101 1111001101 1101011110 111001101 1000100100 11 1101110010 1111001100 1110101101 10010100100 10000111010 22.125 55.710 1006.8 89431 16 -124 11 59 51 3 $GNGGA,,,,,,0,00,99.9,,,,,,*6F
22 Nan Nan Nan Nan Nan Nan 1101010111 1001110000 1011000000 1001100010 1111010101 1111010111 1111100110 10100110000 1111010010 1101011110 111001110 1000100011 100 1101110011 1111010010 1110110100 10010010110 10000101111 22.125 55.520 1006.8 90429 16 -126 9 59 51 4 $GNGGA,,,,,,0,00,99.9,,,,,,*6F
22 Nan Nan Nan Nan Nan Nan 1101010111 1001101100 1010111101 1001100110 1111010110 1111011000 1111101010 10100111101 1111010011 1101011101 111001110 1000100010 11 1101110100 1111001100 1110110000 10010011101 10000111000 22.125 55.398 1006.8 91428 16 -126 10 58 51 4 $GNGGA,,,,,,0,00,99.9,,,,,,*6F
22 Nan Nan Nan Nan Nan Nan 1101010111 1001101101 1010111100 1001011111 1111010101 1111010101 1111100100 10100110010 1111001110 1101011101 111010010 1000100100 11 1101110100 1111010001 1110110010 10010010110 10000110100 22.125 55.184 1006.8 92428 16 -125 10 59 51 4 $GNGGA,,,,,,0,00,99.9,,,,,,*6F
22 Nan Nan Nan Nan Nan Nan 1101010111 1001101100 1010111010 1001100010 1111011000 1111011000 1111100110 10100110101 1111001101 1101011101 111001111 1000100110 11 1101110001 1111001111 1110110001 10010010111 10000111001 22.125 54.955 1006.8 93426 17 -126 9 59 51 4 $GNGGA,,,,,,0,00,99.9,,,,,,*6F
23 Nan Nan Nan Nan Nan Nan 1101010111 1001110000 1011000000 1001100010 1111010010 1111010000 1111100010 10100101110 1111010111 1101011110 111010010 1000100110 100 1101110100 1111001011 1110101111 10010010101 10000111010 22.125 54.940 1006.8 94426 16 -126 10 59 51 4 $GNGGA,,,,,,0,00,99.9,,,,,,*6F
