id HH MM SS longitude latitude altitude adc_1_ch0 adc_1_ch1 adc_1_ch2 adc_1_ch3 adc_1_ch4 adc_1_ch5 adc_1_ch6 adc_1_ch7 adc_1_ch8 adc_2_ch0 adc_2_ch1 adc_2_ch2 adc_2_ch3 adc_2_ch4 adc_2_ch5 adc_2_ch6 adc_2_ch7 adc_2_ch8 temp hum pres t_prog t_gps t_split t_adc t_temp t_hum t_pres trame_gga
0 Nan Nan Nan Nan Nan Nan 1101011000 1010110101 1011111011 1100001111 10000000001 1101111100 1110011111 10010101010 1101100111 1101011110 1000111001 1001111011 110011010 1111001110 1110001011 1101110100 10000000101 1111000111 22.125 55.092 795.83 917 17 -125 10 60 50 4 $GNGGA,,,,,,0,00,99.9,,,,,,*6F
0 Nan Nan Nan Nan Nan Nan 1101011000 1010110011 1011111001 1100000101 1111111101 1110000000 1110100010 10010100101 1101100011 1101011111 1000111101 1001111111 110010101 1111001101 1110001101 1101110011 10000001111 1111000100 22.125 54.993 1006.7 1348 17 -126 10 59 51 3 $GNGGA,,,,,,0,00,99.9,,,,,,*6F
0 Nan Nan Nan Nan Nan Nan 1101010111 1010110010 1011111010 1100001011 10000000010 1110000011 1110100110 10010100110 1101011110 1101011110 1000111010 1001111011 110100010 1111010010 1110001100 1101110100 10000010000 1111001101 22.125 54.894 1006.8 2325 17 -126 10 60 50 4 $GNGGA,,,,,,0,00,99.9,,,,,,*6F
0 Nan Nan Nan Nan Nan Nan 1101011000 1010110011 1011110101 1100001010 10000000000 1110000101 1110101010 10010101000 1101011011 1101011110 1000111101 1001111110 110011100 1111001111 1110001101 1101110110 10000000100 1111000000 22.125 54.940 1006.8 3323 16 -126 11 59 50 4 $GNGGA,,,,,,0,00,99.9,,,,,,*6F
0 Nan Nan Nan Nan Nan Nan 1101011000 1010110010 1011111001 1100001001 10000000000 1101111100 1110100000 10010011110 1101010111 1101011110 1000111100 1001111110 110011111 1111001111 1110001111 1101110011 10000001111 1111001011 22.125 54.947 1006.8 4323 16 -125 10 59 52 3 $GNGGA,,,,,,0,00,99.9,,,,,,*6F
0 Nan Nan Nan Nan Nan Nan 1101011000 1010110101 1011111100 1100001000 10000000010 1110000000 1110100001 10010100011 1101100000 1101011110 1000111100 1001111011 110010011 1111001101 1110001010 1101110101 10000001010 1110111101 22.125 54.940 1006.8 5321 17 -126 10 59 50 4 $GNGGA,,,,,,0,00,99.9,,,,,,*6F
1 Nan Nan Nan Nan Nan Nan 1101011000 1010110001 1011110111 1100001101 10000000001 1110000010 1110100010 10010100001 1101011100 1101011110 1000111100 1001111111 110011000 1111001111 1110001010 1101101110 10000010000 1111000011 22.125 54.886 1006.8 6321 16 -126 10 59 51 4 $GNGGA,,,,,,0,00,99.9,,,,,,*6F
1 Nan Nan Nan Nan Nan Nan 1101011000 1010110010 1011111000 1100001011 10000000010 1101111101 1110100001 10010011110 1101011001 1101011110 1001000000 1010000001 110011011 1111001110 1110001010 1101110000 10000010011 1111001101 22.125 54.841 1006.8 7320 17 -126 10 60 51 3 $GNGGA,,,,,,0,00,99.9,,,,,,*6F
1 Nan Nan Nan Nan Nan Nan 1101011000 1010110110 1011111101 1100010011 10000000010 1110000010 1110100011 10010011100 1101011011 1101011110 1000111011 1001111110 110011110 1111010001 1110001010 1101101111 10000010011 1111000101 22.125 54.780 1006.8 8320 16 -124 11 59 50 4 $GNGGA,,,,,,0,00,99.9,,,,,,*6F
2 Nan Nan Nan Nan Nan Nan 1101011000 1010110000 1011110110 1100001010 1111111101 1110000111 1110100010 10010100010 1101100101 1101011110 1000111101 1001111111 110011000 1111001110 1110001011 1101110000 10000001111 1111000110 22.125 54.703 1006.8 9318 16 -126 10 59 51 3 $GNGGA,,,,,,0,00,99.9,,,,,,*6F
2 Nan Nan Nan Nan Nan Nan 1101011000 1010110101 1011111101 1100001001 1111111100 1101111101 1110011100 10010011111 1101100000 1101011110 1000111010 1001111010 110011001 1111001110 1110001000 1101110010 10000011000 1111001000 22.125 54.795 1006.8 10317 17 -126 10 59 51 3 $GNGGA,,,,,,0,00,99.9,,,,,,*6F
3 Nan Nan Nan Nan Nan Nan 1101011000 1010110011 1011111100 1100001000 1111111110 1110000100 1110100111 10010100000 1101100001 1101011110 1001000001 1001111111 110011010 1111010001 1110001001 1101110001 10000001110 1111000000 22.125 54.818 1006.8 11316 16 -126 10 59 52 3 $GNGGA,,,,,,0,00,99.9,,,,,,*6F
3 Nan Nan Nan Nan Nan Nan 1101011000 1010110001 1011111000 1100001011 10000000001 1110000011 1110100111 10010100101 1101100001 1101011110 1000111010 1001111101 110011101 1111010001 1110001011 1101110001 10000001010 1111000101 22.125 54.848 1006.8 12315 17 -126 10 60 51 3 $GNGGA,,,,,,0,00,99.9,,,,,,*6F
3 Nan Nan Nan Nan Nan Nan 1101011000 1010110011 1011111011 1100001001 10000000001 1110000000 1110100110 10010100101 1101011111 1101011110 1000111100 1001111101 110100011 1111010000 1110001011 1101101111 10000010100 1111001000 22.125 55.138 1006.8 13315 16 -125 10 59 50 5 $GNGGA,,,,,,0,00,99.9,,,,,,*6F
4 Nan Nan Nan Nan Nan Nan 1101011000 1010110001 1011110111 1100001010 10000000010 1110000001 1110100101 10010100101 1101100000 1101011110 1000111101 1001111111 110010100 1111001101 1110001010 1101101111 10000001011 1111000110 22.063 55.169 1006.8 14313 17 -126 10 60 51 3 $GNGGA,,,,,,0,00,99.9,,,,,,*6F
4 Nan Nan Nan Nan Nan Nan 1101011000 1010110101 1011111101 1100000110 10000000100 1110000001 1110100011 10010100011 1101100000 1101011110 1001000010 1010000011 110011001 1111001110 1110001011 1101110001 10000001111 1111001001 22.125 55.153 1006.8 15312 16 -126 11 59 51 3 $GNGGA,,,,,,0,00,99.9,,,,,,*6F
4 Nan Nan Nan Nan Nan Nan 1101011000 1010110000 1011111011 1100000111 1111111111 1101111000 1110100001 10010011101 1101011000 1101011110 1000110111 1001111100 110011010 1111001111 1110001010 1101110001 10000010001 1111000110 22.125 55.047 1006.8 16311 16 -126 10 58 52 4 $GNGGA,,,,,,0,00,99.9,,,,,,*6F
4 Nan Nan Nan Nan Nan Nan 1101011000 1010110011 1011111111 1100001001 1111111110 1101111111 1110011101 10010011100 1101010111 1101011110 1000111100 1001111110 110011111 1111010000 1110001011 1101110001 10000010011 1111001011 22.125 54.963 1006.8 17310 17 -126 10 60 51 3 $GNGGA,,,,,,0,00,99.9,,,,,,*6F
5 Nan Nan Nan Nan Nan Nan 1101011000 1010110011 1011111011 1100001001 10000000000 1110000000 1110100101 10010011110 1101011101 1101011110 1000111111 1001111111 110011111 1111010001 1110001000 1101101110 10000000011 1111000010 22.063 54.909 1006.8 18309 16 -126 10 59 50 5 $GNGGA,,,,,,0,00,99.9,,,,,,*6F
5 Nan Nan Nan Nan Nan Nan 1101011000 1010110011 1011111001 1100000100 10000000000 1101111011 1110011100 10010011000 1101010110 1101011110 1000111110 1010000000 110100001 1111010000 1110001101 1101110011 10000010001 1111001010 22.125 54.902 1006.8 19308 17 -126 10 59 51 4 $GNGGA,,,,,,0,00,99.9,,,,,,*6F
5 Nan Nan Nan Nan Nan Nan 1101011000 1010110000 1011111001 1100001011 1111111110 1101111111 1110100001 10010011110 1101011111 1101011110 1000111100 1001111111 110011111 1111001111 1110001010 1101110001 10000001000 1111001011 22.125 54.940 1006.8 20307 16 -126 11 59 51 3 $GNGGA,,,,,,0,00,99.9,,,,,,*6F
5 Nan Nan Nan Nan Nan Nan 1101011000 1010110100 1011111011 1100010010 10000000000 1110000011 1110100110 10010010110 1101011001 1101011110 1000111110 1010000001 110100010 1111010000 1110001101 1101110100 10000001010 1111001010 22.125 54.802 1006.8 21306 16 -126 10 59 51 4 $GNGGA,,,,,,0,00,99.9,,,,,,*6F
5 Nan Nan Nan Nan Nan Nan 1101011000 1010110001 1011111100 1100001100 1111111111 1110000001 1110100110 10010010110 1101010011 1101011110 1000111101 1001111111 110011110 1111001111 1110000101 1101101101 10000001010 1111000000 22.125 54.726 1006.8 22305 17 -126 10 59 51 3 $GNGGA,,,,,,0,00,99.9,,,,,,*6F
6 Nan Nan Nan Nan Nan Nan 1101011000 1010110011 1011111000 1100001011 1111111110 1101111111 1110101010 10010011110 1101011100 1101011110 1001000000 1001111110 110011111 1111010000 1110001100 1101110011 10000000100 1110111111 22.125 54.688 1006.8 23305 16 -125 10 59 51 4 $GNGGA,,,,,,0,00,99.9,,,,,,*6F
6 Nan Nan Nan Nan Nan Nan 1101011000 1010110100 1011111001 1100001110 10000000011 1101111110 1110100001 10010100000 1101010110 1101011110 1000111111 1001111111 110100010 1111001111 1110001101 1101110010 10000001000 1111000011 22.063 54.886 1006.8 24303 17 -126 10 60 51 3 $GNGGA,,,,,,0,00,99.9,,,,,,*6F
6 Nan Nan Nan Nan Nan Nan 1101011000 1010110111 1011111110 1100001100 10000000001 1101111100 1110011111 10010011100 1101011001 1101011110 1000111110 1010000000 110011110 1111010000 1110001010 1101110001 10000001100 1111001010 22.125 55.001 1006.8 25303 16 -124 11 59 51 3 $GNGGA,,,,,,0,00,99.9,,,,,,*6F
7 Nan Nan Nan Nan Nan Nan 1101011000 1010110011 1011111100 1100001110 1111111111 1101111111 1110100000 10010011111 1101011000 1101011110 1000111110 1001111111 110011110 1111010001 1110001011 1101110001 10000010000 1111001000 22.125 54.963 1006.8 26301 16 -126 10 59 51 3 $GNGGA,,,,,,0,00,99.9,,,,,,*6F
7 Nan Nan Nan Nan Nan Nan 1101011000 1010110101 1011111100 1100000111 1111111110 1101111101 1110011111 10010010100 1101001110 1101011110 1000111110 1001111110 110100001 1111010000 1110001111 1101110010 10000011000 1111001100 22.063 55.077 1006.8 27300 16 -125 11 59 50 4 $GNGGA,,,,,,0,00,99.9,,,,,,*6F
8 Nan Nan Nan Nan Nan Nan 1101011000 1010110100 1011111010 1100000111 1111111111 1101111101 1110011110 10010011011 1101010111 1101011110 1000111111 1010000001 110100000 1111010001 1110001000 1101110011 10000001011 1111000010 22.063 55.199 1006.8 28299 17 -126 9 58 52 4 $GNGGA,,,,,,0,00,99.9,,,,,,*6F
8 Nan Nan Nan Nan Nan Nan 1101011000 1010110100 1011111011 1100001101 10000000011 1110000001 1110100100 10010011100 1101010001 1101011110 1000111101 1001111101 110011110 1111001111 1110000110 1101101110 10000001100 1111000010 22.063 55.275 1006.7 29298 17 -126 10 60 51 3 $GNGGA,,,,,,0,00,99.9,,,,,,*6F
8 Nan Nan Nan Nan Nan Nan 1101011000 1010110011 1011111010 1100010000 10000000000 1110000100 1110100011 10010011011 1101010011 1101011110 1000111100 1010000000 110100000 1111010011 1110001000 1101110001 10000001111 1111000110 22.063 55.344 1006.7 30297 16 -126 10 59 50 5 $GNGGA,,,,,,0,00,99.9,,,,,,*6F
9 Nan Nan Nan Nan Nan Nan 1101011000 1010110011 1011110110 1100001000 10000000000 1101111110 1110100011 10010100010 1101011000 1101011110 1000111101 1010000000 110011001 1111001111 1110000111 1101101101 10000001101 1110111111 22.125 55.344 1006.8 31296 17 -126 10 59 51 4 $GNGGA,,,,,,0,00,99.9,,,,,,*6F
9 Nan Nan Nan Nan Nan Nan 1101011000 1010110000 1011111000 1100001010 10000000000 1101111111 1110100011 10010100000 1101010101 1101011110 1000111011 1001111110 110011111 1111010000 1110001011 1101110000 10000001011 1110111011 22.063 55.367 1006.8 32295 16 -126 11 59 51 3 $GNGGA,,,,,,0,00,99.9,,,,,,*6F
9 Nan Nan Nan Nan Nan Nan 1101011000 1010110011 1011111100 1100001010 1111111110 1110000011 1110100100 10010011101 1101011010 1101011110 1001000000 1010000010 110100000 1111001111 1110001001 1101110000 10000001101 1111000110 22.063 55.405 1006.8 33294 17 -126 9 58 52 4 $GNGGA,,,,,,0,00,99.9,,,,,,*6F
9 Nan Nan Nan Nan Nan Nan 1101011000 1010110010 1011111011 1100000101 1111111111 1110000001 1110100001 10010011100 1101010101 1101011110 1001000010 1010000011 110100011 1111010001 1110001101 1101110010 10000001011 1110111101 22.063 55.558 1006.8 34293 17 -126 10 59 51 3 $GNGGA,,,,,,0,00,99.9,,,,,,*6F
9 Nan Nan Nan Nan Nan Nan 1101011000 1010110001 1011111000 1100001000 10000000001 1101111110 1110100001 10010100100 1101011110 1101011110 1000111100 1001111111 110011110 1111010000 1110001010 1101101101 10000001001 1110111101 22.125 55.695 1006.8 35292 16 -126 10 59 51 4 $GNGGA,,,,,,0,00,99.9,,,,,,*6F
9 Nan Nan Nan Nan Nan Nan 1101011000 1010110100 1011111010 1100001001 10000000001 1101111100 1110011110 10010100010 1101010001 1101011110 1000111101 1001111111 110100100 1111010010 1110000101 1101101101 10000000110 1110111101 22.125 55.764 1006.8 36291 17 -126 10 59 51 4 $GNGGA,,,,,,0,00,99.9,,,,,,*6F
9 Nan Nan Nan Nan Nan Nan 1101011000 1010110011 1011111000 1100001110 10000000010 1101111101 1110011111 10010100000 1101010100 1101011110 1001000011 1010000011 110100110 1111010001 1110001011 1101110011 10000000111 1111000110 22.063 55.764 1006.8 37291 16 -124 11 59 50 4 $GNGGA,,,,,,0,00,99.9,,,,,,*6F
10 Nan Nan Nan Nan Nan Nan 1101011000 1010110100 1011111010 1100001111 10000000010 1110000010 1110100000 10010100001 1101010010 1101011110 1001000000 1010000001 110100010 1111001111 1110010011 1101110011 10000001010 1110111010 22.125 55.855 1006.7 38289 16 -126 10 60 50 4 $GNGGA,,,,,,0,00,99.9,,,,,,*6F
10 Nan Nan Nan Nan Nan Nan 1101011000 1010110100 1011111000 1100001111 10000000011 1110000000 1110100100 10010100100 1101010110 1101011110 1000111101 1010000001 110011100 1111001111 1110000100 1101101011 10000001011 1111000011 22.125 55.855 1006.7 39288 16 -126 11 59 51 3 $GNGGA,,,,,,0,00,99.9,,,,,,*6F
10 Nan Nan Nan Nan Nan Nan 1101011000 1010110100 1011111100 1100010001 10000000001 1110000001 1110100110 10010011010 1101010000 1101011110 1000111101 1010000000 110011111 1111010001 1110001010 1101101101 10000001010 1111000000 22.125 55.817 1006.7 40288 16 -125 10 59 51 4 $GNGGA,,,,,,0,00,99.9,,,,,,*6F
10 Nan Nan Nan Nan Nan Nan 1101011000 1010110110 1011111110 1100001101 1111111101 1110000011 1110100100 10010100010 1101010011 1101011110 1001000000 1010000001 110011111 1111010000 1110000101 1101101101 10000000011 1110111011 22.125 55.756 1006.8 41286 17 -126 10 59 51 4 $GNGGA,,,,,,0,00,99.9,,,,,,*6F
10 Nan Nan Nan Nan Nan Nan 1101011000 1010110100 1011111011 1100010110 10000000001 1101111111 1110100001 10010100100 1101010111 1101011110 1000111110 1001111111 110100000 1111010011 1110001011 1101110100 10000001001 1111000001 22.125 55.802 1006.8 42286 16 -125 10 59 51 4 $GNGGA,,,,,,0,00,99.9,,,,,,*6F
11 Nan Nan Nan Nan Nan Nan 1101011000 1010110100 1011111110 1100001110 10000000001 1110000000 1110100101 10010010100 1101001100 1101011110 1001000011 1010000011 110100110 1111010011 1110001100 1101110001 10000000101 1111000100 22.125 55.771 1006.8 43285 17 -126 10 60 50 4 $GNGGA,,,,,,0,00,99.9,,,,,,*6F
11 Nan Nan Nan Nan Nan Nan 1101011000 1010110011 1011111010 1100010000 10000000001 1101111101 1110100001 10010011011 1101010101 1101011110 1001000001 1010000001 110100101 1111010010 1110001000 1101110010 10000010000 1111001100 22.125 55.848 1006.8 44283 16 -126 11 59 51 3 $GNGGA,,,,,,0,00,99.9,,,,,,*6F
11 Nan Nan Nan Nan Nan Nan 1101011000 1010111000 1011111100 1100001110 1111111111 1101111110 1110100000 10010011100 1101011001 1101011110 1000111111 1001111111 110100000 1111010001 1110001000 1101110010 10000001000 1110111111 22.125 56.031 1006.8 45283 16 -126 10 59 51 4 $GNGGA,,,,,,0,00,99.9,,,,,,*6F
11 Nan Nan Nan Nan Nan Nan 1101011000 1010110100 1011111000 1100001101 10000000001 1101111100 1110011111 10010100011 1101100000 1101011110 1001000000 1010000010 110100100 1111010000 1110001101 1101110010 10000001001 1111001000 22.188 56.099 1006.8 46281 17 -126 10 58 51 4 $GNGGA,,,,,,0,00,99.9,,,,,,*6F
11 Nan Nan Nan Nan Nan Nan 1101011000 1010110100 1011111010 1100001111 10000000101 1110000010 1110100101 10010011101 1101010111 1101011110 1001000001 1010000001 110100110 1111010001 1110001010 1101110101 10000000100 1111000100 22.125 56.061 1006.8 47281 16 -125 10 59 52 3 $GNGGA,,,,,,0,00,99.9,,,,,,*6F
11 Nan Nan Nan Nan Nan Nan 1101011000 1010110111 1011111100 1100001100 10000000001 1101111101 1110011101 10010010111 1101010101 1101011110 1000111111 1010000010 110101101 1111010011 1110000111 1101110010 10000000110 1110111010 22.125 55.848 1006.8 48280 17 -125 10 60 50 4 $GNGGA,,,,,,0,00,99.9,,,,,,*6F
11 Nan Nan Nan Nan Nan Nan 1101011000 1010110011 1011111010 1100001101 1111111110 1110000000 1110100100 10010100000 1101011000 1101011110 1001000001 1010000001 110101011 1111010011 1110000110 1101101110 10000001001 1110111011 22.188 55.932 1006.8 49278 16 -126 11 58 51 3 $GNGGA,,,,,,0,00,99.9,,,,,,*6F
11 Nan Nan Nan Nan Nan Nan 1101010111 1010110100 1011111000 1100001001 1111111110 1110000000 1110100101 10010011101 1101010101 1101011111 1000111111 1010000010 110101101 1111010011 1110000111 1101101111 10000001001 1111000111 22.188 55.810 1006.8 50278 16 -126 10 60 51 3 $GNGGA,,,,,,0,00,99.9,,,,,,*6F
11 Nan Nan Nan Nan Nan Nan 1101011000 1010110110 1011111011 1100001001 10000000000 1110000101 1110101000 10010100100 1101011010 1101011110 1001000000 1010000011 110101010 1111010010 1110001100 1101110000 10000000110 1111000010 22.188 55.794 1006.8 51276 17 -126 10 59 51 3 $GNGGA,,,,,,0,00,99.9,,,,,,*6F
12 Nan Nan Nan Nan Nan Nan 1101011000 1010110011 1011111010 1100001111 10000000000 1101111100 1110100010 10010011101 1101100010 1101011110 1001000000 1010000001 110101110 1111010011 1110000111 1101110001 10000001101 1111000100 22.188 55.687 1006.8 52276 16 -126 10 59 52 3 $GNGGA,,,,,,0,00,99.9,,,,,,*6F
