id HH MM SS longitude latitude altitude adc_1_ch0 adc_1_ch1 adc_1_ch2 adc_1_ch3 adc_1_ch4 adc_1_ch5 adc_1_ch6 adc_1_ch7 adc_1_ch8 adc_2_ch0 adc_2_ch1 adc_2_ch2 adc_2_ch3 adc_2_ch4 adc_2_ch5 adc_2_ch6 adc_2_ch7 adc_2_ch8 temp hum pres t_prog t_gps t_split t_adc t_temp t_hum t_pres trame_gga
0 Nan Nan Nan Nan Nan Nan 1101011000 1010110101 1011111100 1100010111 10000000000 1101110111 1110011100 10010011001 1101010110 1101011110 1001000100 1010000011 110110101 1111010100 1110000100 1101101101 10000001001 1111000000 22.125 55.085 795.83 946 16 -125 10 59 51 4 $GNGGA,,,,,,0,00,99.9,,,,,,*6F
0 Nan Nan Nan Nan Nan Nan 1101011000 1010111000 1011111100 1100010011 10000000011 1101111111 1110101000 10010011011 1101010010 1101011110 1001000011 1010000100 110110011 1111010100 1110000100 1101110010 10000000101 1110111010 22.125 55.054 1006.8 1816 17 -125 10 60 50 4 $GNGGA,,,,,,0,00,99.9,,,,,,*6F
0 Nan Nan Nan Nan Nan Nan 1101011000 1010110010 1011111001 1100010011 10000000010 1101111100 1110100011 10010011110 1101010111 1101011110 1001000011 1010000010 110101111 1111010100 1110000110 1101101110 10000000001 1110111100 22.188 55.054 1006.8 2814 17 -126 10 58 51 4 $GNGGA,,,,,,0,00,99.9,,,,,,*6F
0 Nan Nan Nan Nan Nan Nan 1101011000 1010110101 1011111010 1100011000 10000000000 1101111111 1110100001 10010010101 1101001100 1101011110 1001000100 1010000011 110110100 1111010101 1110000100 1101101100 10000000000 1111000000 22.125 54.970 1006.8 3814 16 -126 10 60 51 3 $GNGGA,,,,,,0,00,99.9,,,,,,*6F
0 Nan Nan Nan Nan Nan Nan 1101011000 1010110010 1011111100 1100011000 10000000011 1101110100 1110010110 10010011111 1101011001 1101011110 1001000100 1010000011 110110100 1111010101 1110000111 1101101110 10000000100 1110111011 22.125 54.963 1006.8 4812 17 -126 10 59 50 4 $GNGGA,,,,,,0,00,99.9,,,,,,*6F
1 Nan Nan Nan Nan Nan Nan 1101011000 1010111000 1011111111 1100010110 10000000011 1101111100 1110100001 10010010101 1101010000 1101011110 1001000110 1010000111 110110110 1111010110 1110000100 1101101010 10000000110 1110111010 22.125 55.008 1006.8 5812 16 -126 10 59 52 3 $GNGGA,,,,,,0,00,99.9,,,,,,*6F
1 Nan Nan Nan Nan Nan Nan 1101011000 1010111011 1011111111 1100011000 10000000010 1101111010 1110011101 10010010101 1101010000 1101011110 1001000100 1010000111 110110100 1111010011 1110001001 1101101101 1111111110 1110111101 22.125 55.062 1006.8 6811 17 -125 10 60 50 4 $GNGGA,,,,,,0,00,99.9,,,,,,*6F
1 Nan Nan Nan Nan Nan Nan 1101011000 1010111010 1011111111 1100010011 10000000100 1101111101 1110100001 10010011001 1101010011 1101011111 1001000111 1010000101 110110110 1111010100 1110000110 1101110010 10000000101 1110111011 22.125 55.069 1006.8 7810 16 -126 10 58 51 5 $GNGGA,,,,,,0,00,99.9,,,,,,*6F
1 Nan Nan Nan Nan Nan Nan 1101011000 1010111000 1011111100 1100011011 10000001001 1101111111 1110010101 10010010100 1101001100 1101011110 1001000111 1010000111 110110100 1111010100 1110000011 1101101010 10000000111 1110110110 22.188 55.054 1006.8 8809 17 -125 10 60 51 3 $GNGGA,,,,,,0,00,99.9,,,,,,*6F
1 Nan Nan Nan Nan Nan Nan 1101011000 1010110110 1011111101 1100011011 10000000101 1101111000 1110011101 10010010110 1101010000 1101011110 1001000011 1010000101 110110001 1111010100 1110000110 1101101010 10000001001 1110111110 22.188 55.024 1006.8 9807 16 -126 11 58 51 3 $GNGGA,,,,,,0,00,99.9,,,,,,*6F
2 Nan Nan Nan Nan Nan Nan 1101011000 1010111001 1011111111 1100010111 10000000110 1101110010 1110010111 10010010010 1101001101 1101011110 1001000101 1010000101 110110111 1111010111 1110001000 1101101111 10000000000 1110111111 22.125 55.016 1006.7 10807 16 -126 10 59 52 3 $GNGGA,,,,,,0,00,99.9,,,,,,*6F
2 Nan Nan Nan Nan Nan Nan 1101011000 1010111000 1011111111 1100010010 10000000011 1110000000 1110100110 10010001110 1101001000 1101011110 1001000111 1010000110 110111001 1111010111 1110001100 1101110111 10000000100 1110111101 22.125 54.978 1006.7 11806 17 -125 10 60 50 4 $GNGGA,,,,,,0,00,99.9,,,,,,*6F
3 Nan Nan Nan Nan Nan Nan 1101011000 1010110101 1011111011 1100010101 10000000011 1101111001 1110010110 10010011000 1101010110 1101011110 1001000101 1010000110 110101111 1111010011 1110001100 1101101111 10000000011 1110111011 22.125 54.932 1006.7 12805 16 -126 10 59 51 4 $GNGGA,,,,,,0,00,99.9,,,,,,*6F
3 Nan Nan Nan Nan Nan Nan 1101011000 1010110111 1011111111 1100010011 10000000100 1101111010 1110011101 10010010011 1101010010 1101011110 1001000111 1010000110 110111001 1111010100 1110000010 1101101110 10000000100 1110111110 22.125 54.925 1006.7 13804 17 -125 10 60 50 4 $GNGGA,,,,,,0,00,99.9,,,,,,*6F
3 Nan Nan Nan Nan Nan Nan 1101011000 1010111011 1100000001 1100010100 10000000101 1101111001 1110100010 10010011000 1101010110 1101011110 1001000110 1010000110 110110100 1111010100 1110001010 1101110100 10000000010 1110111101 22.125 54.909 1006.7 14802 17 -126 10 58 51 4 $GNGGA,,,,,,0,00,99.9,,,,,,*6F
3 Nan Nan Nan Nan Nan Nan 1101011000 1010111001 1011111110 1100011010 10000000110 1101111010 1110011110 10010010111 1101010010 1101011111 1001000000 1010000100 110110001 1111010100 1110001000 1101110000 10000000001 1110111100 22.125 54.818 1006.7 15802 16 -126 10 60 51 3 $GNGGA,,,,,,0,00,99.9,,,,,,*6F
3 Nan Nan Nan Nan Nan Nan 1101011000 1010110100 1011111010 1100010101 10000000011 1101111001 1110011111 10010010111 1101010110 1101011110 1001000110 1010000110 110111010 1111010110 1110000110 1101110001 1111111111 1110111011 22.125 54.841 1006.7 16801 17 -125 10 59 50 4 $GNGGA,,,,,,0,00,99.9,,,,,,*6F
4 Nan Nan Nan Nan Nan Nan 1101011000 1010110110 1011111110 1100010011 10000000011 1101111001 1110011111 10010010011 1101011000 1101011110 1001000110 1010000111 110111001 1111010110 1110000101 1101101100 10000000000 1111000001 22.125 54.947 1006.7 17800 17 -126 9 58 52 4 $GNGGA,,,,,,0,00,99.9,,,,,,*6F
4 Nan Nan Nan Nan Nan Nan 1101011000 1010111000 1011111110 1100010011 10000000000 1101111000 1110011110 10010010110 1101010011 1101011110 1001000011 1010000101 110110101 1111010100 1110000010 1101101000 1111111001 1110111010 22.125 55.008 1006.7 18799 17 -125 10 60 51 3 $GNGGA,,,,,,0,00,99.9,,,,,,*6F
4 Nan Nan Nan Nan Nan Nan 1101011000 1010110110 1011111101 1100010111 10000000001 1101111101 1110011111 10010010000 1101001011 1101011110 1001000100 1010000101 110111000 1111010101 1110000110 1101101011 1111111110 1110111010 22.125 55.016 1006.7 19798 16 -125 11 58 51 4 $GNGGA,,,,,,0,00,99.9,,,,,,*6F
5 Nan Nan Nan Nan Nan Nan 1101011000 1010111011 1100000001 1100010100 10000000010 1101111111 1110100000 10010011001 1101010011 1101011110 1001000010 1010000011 110110101 1111010101 1110000011 1101101111 1111111111 1110110111 22.125 54.993 1006.7 20797 16 -126 10 60 51 3 $GNGGA,,,,,,0,00,99.9,,,,,,*6F
5 Nan Nan Nan Nan Nan Nan 1101011000 1010110111 1011111100 1100010100 10000000111 1101111001 1110011010 10010011111 1101001110 1101011110 1001000101 1001111111 110111000 1111010110 1110000101 1101101010 1111111100 1110111111 22.125 54.879 1006.7 21796 16 -126 11 59 51 3 $GNGGA,,,,,,0,00,99.9,,,,,,*6F
6 Nan Nan Nan Nan Nan Nan 1101011000 1010110111 1011111101 1100010011 10000000011 1101111100 1110100100 10010010101 1101010000 1101011110 1001001001 1010000110 110111010 1111010110 1110000111 1101110011 1111111111 1110110100 22.125 54.772 1006.8 22795 16 -126 10 58 52 3 $GNGGA,,,,,,0,00,99.9,,,,,,*6F
6 Nan Nan Nan Nan Nan Nan 1101011000 1010110101 1011111010 1100010100 10000000001 1101111000 1110011001 10010010011 1101001001 1101011110 1001000111 1010000101 110111101 1111010111 1110000101 1101101111 10000000100 1111000001 22.125 54.764 1006.8 23794 17 -126 10 60 51 3 $GNGGA,,,,,,0,00,99.9,,,,,,*6F
6 Nan Nan Nan Nan Nan Nan 1101011000 1010111000 1011111111 1100011010 10000001000 1101111011 1110100010 10010010101 1101010000 1101011110 1001000111 1010000100 110111100 1111010101 1110000100 1101101011 10000000100 1110111110 22.125 55.100 1006.8 24793 16 -126 10 59 50 5 $GNGGA,,,,,,0,00,99.9,,,,,,*6F
7 Nan Nan Nan Nan Nan Nan 1101011000 1010111001 1100000010 1100011001 10000001001 1101111100 1110011111 10010010010 1101010101 1101011110 1001000101 1010000110 110111101 1111010110 1110000010 1101101001 10000000111 1111000101 22.125 55.092 1006.7 25792 17 -126 10 60 51 3 $GNGGA,,,,,,0,00,99.9,,,,,,*6F
7 Nan Nan Nan Nan Nan Nan 1101011000 1010110101 1011111100 1100010111 10000000001 1101111001 1110011111 10010010100 1101010111 1101011110 1001001001 1010001001 110111000 1111010101 1110000001 1101101011 10000000100 1110111101 22.125 55.161 1006.7 26791 16 -125 11 59 50 4 $GNGGA,,,,,,0,00,99.9,,,,,,*6F
8 Nan Nan Nan Nan Nan Nan 1101011000 1010110111 1011111110 1100011001 10000000011 1101110111 1110011010 10010011110 1101011010 1101011110 1001000101 1010000101 110111101 1111010111 1110000010 1101101000 10000000001 1110111100 22.125 55.359 1006.8 27790 16 -126 10 59 52 3 $GNGGA,,,,,,0,00,99.9,,,,,,*6F
8 Nan Nan Nan Nan Nan Nan 1101011000 1010111010 1100000010 1100010011 10000000011 1101110111 1110011100 10010010010 1101010000 1101011110 1001000100 1010000111 110111010 1111010110 1110000100 1101101010 10000000000 1110111001 22.125 55.497 1006.8 28789 17 -126 10 59 51 3 $GNGGA,,,,,,0,00,99.9,,,,,,*6F
8 Nan Nan Nan Nan Nan Nan 1101011000 1010111100 1100000010 1100011111 10000000101 1101110111 1110100011 10010100000 1101100001 1101011110 1001001000 1010000111 110110111 1111010101 1110001000 1101101111 1111111010 1110110111 22.125 55.642 1006.8 29789 16 -126 10 59 51 4 $GNGGA,,,,,,0,00,99.9,,,,,,*6F
8 Nan Nan Nan Nan Nan Nan 1101011000 1010110111 1011111100 1100011001 10000000101 1101110010 1110011000 10010010111 1101011000 1101011110 1001000110 1010000011 111000000 1111011000 1110000000 1101101010 1111111101 1110110111 22.188 55.787 1006.8 30787 18 -126 10 59 51 3 $GNGGA,,,,,,0,00,99.9,,,,,,*6F
8 Nan Nan Nan Nan Nan Nan 1101011000 1010111000 1011111110 1100011010 10000000101 1101111000 1110011100 10010010111 1101010111 1101011110 1001000100 1010000110 110111110 1111010110 1110000001 1101101110 10000000001 1110110111 22.188 55.703 1006.8 31785 16 -126 11 59 50 4 $GNGGA,,,,,,0,00,99.9,,,,,,*6F
9 Nan Nan Nan Nan Nan Nan 1101011000 1010110101 1011111010 1100011111 10000000111 1101111100 1110011100 10010010000 1101010110 1101011110 1001000110 1010000011 110111110 1111010110 1110001001 1101101110 10000000101 1110111000 22.188 55.573 1006.8 32785 17 -126 9 59 51 4 $GNGGA,,,,,,0,00,99.9,,,,,,*6F
9 Nan Nan Nan Nan Nan Nan 1101011000 1010111000 1011111110 1100010011 10000000100 1101110111 1110011010 10010010100 1101010000 1101011110 1001001001 1010000111 110111100 1111010110 1110000100 1101110000 1111111111 1110111011 22.188 55.329 1006.8 33784 16 -126 11 59 51 3 $GNGGA,,,,,,0,00,99.9,,,,,,*6F
9 Nan Nan Nan Nan Nan Nan 1101011000 1010111101 1100000010 1100011110 10000001010 1101111011 1110011101 10010010010 1101001110 1101011110 1001000111 1010000101 110111011 1111010100 1110000001 1101101001 10000000001 1110111110 22.188 55.199 1006.8 34784 16 -125 10 59 51 4 $GNGGA,,,,,,0,00,99.9,,,,,,*6F
9 Nan Nan Nan Nan Nan Nan 1101010111 1010110110 1011111101 1100011100 10000001000 1101110110 1110100000 10010010100 1101010110 1101011110 1001000110 1010001000 110111101 1111010110 1110000101 1101101010 1111111111 1110110111 22.188 55.062 1006.8 35782 18 -126 9 59 51 4 $GNGGA,,,,,,0,00,99.9,,,,,,*6F
9 Nan Nan Nan Nan Nan Nan 1101011000 1010110100 1011111010 1100010110 10000000011 1101110111 1110011110 10010010101 1101011010 1101011110 1001000011 1010000100 110111100 1111010101 1110001000 1101110010 10000000011 1110111100 22.188 55.039 1006.8 36782 16 -126 10 59 51 4 $GNGGA,,,,,,0,00,99.9,,,,,,*6F
10 Nan Nan Nan Nan Nan Nan 1101011000 1010110111 1011111100 1100011011 10000000010 1110000011 1110100111 10010011001 1101010100 1101011110 1001001001 1010001000 110111011 1111010110 1110000101 1101101001 10000000010 1110111101 22.188 55.146 1006.8 37780 17 -126 10 59 51 4 $GNGGA,,,,,,0,00,99.9,,,,,,*6F
10 Nan Nan Nan Nan Nan Nan 1101011000 1010111001 1100000010 1100011011 10000000010 1101111011 1110011001 10010010000 1101001110 1101011110 1001001011 1010001001 111000001 1111010111 1110001000 1101101011 10000001000 1111000001 22.188 55.008 1006.8 38779 16 -125 11 59 50 4 $GNGGA,,,,,,0,00,99.9,,,,,,*6F
11 Nan Nan Nan Nan Nan Nan 1101011000 1010110111 1011111110 1100011000 10000000100 1101111000 1110011010 10010010001 1101001110 1101011110 1001000111 1010000111 110111110 1111010110 1110000100 1101101110 10000000010 1110110111 22.188 55.115 1006.7 39778 16 -126 10 59 51 4 $GNGGA,,,,,,0,00,99.9,,,,,,*6F
11 Nan Nan Nan Nan Nan Nan 1101011000 1010111001 1011111111 1100010110 10000000101 1101111000 1110011100 10010010010 1101010010 1101011110 1001000111 1010001000 110111101 1111010100 1110001000 1101101100 1111110111 1110110100 22.188 55.062 1006.7 40777 18 -126 9 58 51 4 $GNGGA,,,,,,0,00,99.9,,,,,,*6F
11 Nan Nan Nan Nan Nan Nan 1101011000 1010110111 1011111110 1100011110 10000001000 1101111010 1110100001 10010010010 1101011000 1101011110 1001001010 1010001001 111000010 1111011000 1110000001 1101101101 10000000010 1110111100 22.188 55.131 1006.8 41777 16 -125 10 59 50 5 $GNGGA,,,,,,0,00,99.9,,,,,,*6F
11 Nan Nan Nan Nan Nan Nan 1101011000 1010110111 1011111110 1100011011 10000000010 1101111000 1110011111 10010010000 1101010001 1101011110 1001001000 1010001010 111000010 1111010110 1110001011 1101110011 10000001000 1110111100 22.188 55.161 1006.8 42775 17 -126 10 59 51 3 $GNGGA,,,,,,0,00,99.9,,,,,,*6F
11 Nan Nan Nan Nan Nan Nan 1101011000 1010110110 1011111100 1100100101 10000000111 1101110110 1110011011 10010001110 1101001101 1101011110 1001001000 1010000111 111000000 1111010100 1110000101 1101101110 1111111111 1110110101 22.188 55.123 1006.7 43774 16 -125 11 59 50 4 $GNGGA,,,,,,0,00,99.9,,,,,,*6F
12 Nan Nan Nan Nan Nan Nan 1101011000 1010111001 1011111111 1100010110 10000000001 1101111001 1110011110 10010010010 1101001011 1101011110 1001000111 1010001001 111000010 1111010111 1110000001 1101101001 10000000100 1110111101 22.188 54.963 1006.8 44773 16 -126 10 60 50 4 $GNGGA,,,,,,0,00,99.9,,,,,,*6F
12 Nan Nan Nan Nan Nan Nan 1101011000 1010111001 1011111111 1100011000 10000000100 1101111001 1110100001 10010011001 1101010111 1101011110 1001001011 1010001010 111001110 1111011010 1110000111 1101101111 10000001000 1111000101 22.188 54.848 1006.7 45772 17 -126 10 59 51 3 $GNGGA,,,,,,0,00,99.9,,,,,,*6F
12 Nan Nan Nan Nan Nan Nan 1101011000 1010111010 1100000011 1100011111 10000000110 1101111000 1110011100 10010010110 1101010000 1101011110 1001000111 1010000111 111000010 1111011000 1110000001 1101101101 10000000110 1110111001 22.188 54.947 1006.7 46771 16 -126 10 59 51 4 $GNGGA,,,,,,0,00,99.9,,,,,,*6F
12 Nan Nan Nan Nan Nan Nan 1101011000 1010110110 1011111011 1100011001 10000000101 1101111010 1110011111 10010011000 1101010011 1101011110 1001000111 1010000111 111001000 1111011000 1110000010 1101101001 10000000100 1110111011 22.188 54.909 1006.8 47770 18 -126 10 59 51 3 $GNGGA,,,,,,0,00,99.9,,,,,,*6F
12 Nan Nan Nan Nan Nan Nan 1101011000 1010110111 1011111111 1100011001 10000000010 1101110011 1110011110 10010010111 1101001111 1101011110 1001001100 1010001010 111000100 1111010111 1110000011 1101101001 1111111000 1110110101 22.188 54.810 1006.8 48770 16 -124 11 59 50 4 $GNGGA,,,,,,0,00,99.9,,,,,,*6F
13 Nan Nan Nan Nan Nan Nan 1101011000 1010111111 1100000110 1100011001 10000000101 1101110111 1110011101 10010011000 1101010000 1101011110 1001000111 1010000110 111000101 1111011001 1110000000 1101101010 1111111110 1110111001 22.188 54.810 1006.8 49769 17 -125 10 60 50 4 $GNGGA,,,,,,0,00,99.9,,,,,,*6F
13 Nan Nan Nan Nan Nan Nan 1101011000 1010111000 1100000001 1100011011 10000000011 1101111010 1110100000 10010011101 1101100000 1101011110 1001001100 1010001010 111000111 1111011000 1110000010 1101110001 1111111111 1110111110 22.188 54.764 1006.7 50767 16 -126 11 59 51 3 $GNGGA,,,,,,0,00,99.9,,,,,,*6F
13 Nan Nan Nan Nan Nan Nan 1101011000 1010111001 1100000000 1100010110 10000000000 1101111000 1110011101 10010011011 1101011010 1101011110 1001001010 1010001001 111000111 1111011000 1110000010 1101101000 10000000011 1111000000 22.188 54.688 1006.7 51767 16 -125 10 59 51 4 $GNGGA,,,,,,0,00,99.9,,,,,,*6F
13 Nan Nan Nan Nan Nan Nan 1101011000 1010111100 1100000100 1100100000 10000000110 1101110011 1110010110 10010011010 1101010011 1101011110 1001001011 1010001010 111000000 1111010111 1110000100 1101101100 10000000000 1110110110 22.188 54.650 1006.8 52765 17 -126 10 60 50 4 $GNGGA,,,,,,0,00,99.9,,,,,,*6F
14 Nan Nan Nan Nan Nan Nan 1101011000 1010111000 1100000000 1100011100 10000000111 1101110110 1110011011 10010011101 1101011110 1101011111 1001001011 1010001000 111000110 1111011001 1110000101 1101110000 10000000010 1110110110 22.188 54.528 1006.8 53765 16 -126 10 59 51 4 $GNGGA,,,,,,0,00,99.9,,,,,,*6F
14 Nan Nan Nan Nan Nan Nan 1101011000 1010110111 1011111101 1100011101 10000000111 1101111010 1110011111 10010010000 1101010100 1101011110 1001001001 1010001000 111001110 1111011001 1110000001 1101101010 10000000000 1110110011 22.188 54.581 1006.8 54764 17 -125 10 60 51 3 $GNGGA,,,,,,0,00,99.9,,,,,,*6F
14 Nan Nan Nan Nan Nan Nan 1101011000 1010111000 1100000000 1100010100 10000000010 1101110011 1110010111 10010010111 1101010010 1101011110 1001001001 1010001000 111001101 1111011000 1110000010 1101101100 1111111100 1110111000 22.188 54.680 1006.7 55762 16 -126 11 58 51 4 $GNGGA,,,,,,0,00,99.9,,,,,,*6F
14 Nan Nan Nan Nan Nan Nan 1101011000 1010111001 1100000000 1100011101 10000000110 1101110100 1110011001 10010010101 1101010110 1101011110 1001001001 1010000111 111001001 1111011000 1101111110 1101100111 10000000010 1110111101 22.188 54.627 1006.7 56762 16 -125 10 60 50 4 $GNGGA,,,,,,0,00,99.9,,,,,,*6F
14 Nan Nan Nan Nan Nan Nan 1101011000 1010111100 1011111111 1100011110 10000000110 1101110110 1110011010 10010010011 1101010011 1101011110 1001001000 1010001000 111000111 1111011000 1101111110 1101101010 1111111100 1110110100 22.188 54.627 1006.8 57760 17 -126 10 59 50 4 $GNGGA,,,,,,0,00,99.9,,,,,,*6F
15 Nan Nan Nan Nan Nan Nan 1101011000 1010111010 1100000000 1100010111 10000000100 1101111010 1110100000 10010011001 1101010110 1101011110 1001001000 1010001000 111000000 1111010110 1110000000 1101101010 1111111100 1110110100 22.188 54.619 1006.8 58760 16 -126 10 59 52 3 $GNGGA,,,,,,0,00,99.9,,,,,,*6F
15 Nan Nan Nan Nan Nan Nan 1101011000 1010111011 1100000010 1100011100 10000000110 1101111001 1110011100 10010010010 1101010101 1101011110 1001000111 1010001000 111000111 1111011000 1110000101 1101101111 1111111101 1110110101 22.188 54.703 1006.8 59758 17 -126 10 60 50 4 $GNGGA,,,,,,0,00,99.9,,,,,,*6F
15 Nan Nan Nan Nan Nan Nan 1101011000 1010111010 1100000001 1100010100 1111111111 1101111100 1110100010 10010010101 1101010000 1101011110 1001001010 1010001001 110111110 1111011000 1110000110 1101110001 1111111110 1110110100 22.188 54.772 1006.8 60758 16 -125 11 59 51 3 $GNGGA,,,,,,0,00,99.9,,,,,,*6F
16 Nan Nan Nan Nan Nan Nan 1101011000 1010110111 1011111110 1100011101 10000001001 1101111100 1110100000 10010010100 1101010010 1101011110 1001001100 1010001101 111000111 1111011000 1110000000 1101100101 1111111001 1110101111 22.188 55.047 1006.7 61757 16 -126 10 60 51 3 $GNGGA,,,,,,0,00,99.9,,,,,,*6F
