id HH MM SS longitude latitude altitude adc_1_ch0 adc_1_ch1 adc_1_ch2 adc_1_ch3 adc_1_ch4 adc_1_ch5 adc_1_ch6 adc_1_ch7 adc_1_ch8 adc_2_ch0 adc_2_ch1 adc_2_ch2 adc_2_ch3 adc_2_ch4 adc_2_ch5 adc_2_ch6 adc_2_ch7 adc_2_ch8 temp hum pres t_prog t_gps t_split t_adc t_temp t_hum t_pres trame_gga
0 12 36 44 Nan Nan Nan 1101011100 1011000101 11011111100 1111000001 10001011110 10010110100 10100000111 10101110111 100010101 1101100011 1001101001 1110111111 1001000101 10001111010 10010101010 10011010111 11001101110 10101001110 23.063 43.137 795.83 1173 18 -126 11 59 51 3 $GNGGA,123644.00,,,,,0,00,99.9,,,,,,*47
1 12 36 45 Nan Nan Nan 1101011101 1011000000 11011110101 1111000111 10001011101 10010110101 10100000111 10101110011 100001110 1101100011 1001101001 1111000001 1001001000 10001111011 10010101001 10011011100 11001110010 10101010001 23.063 43.099 1005.6 2173 17 -125 11 59 50 4 $GNGGA,123645.00,,,,,0,00,99.9,,,,,,*46
1 12 36 46 Nan Nan Nan 1101011101 1010111110 11011110110 1111001010 10001100001 10010111000 10100001011 10101111000 100010011 1101100011 1001101000 1111000000 1001000010 10001111001 10010100011 10011011001 11001110110 10101010010 23.063 43.046 1005.6 3172 17 -126 11 60 51 3 $GNGGA,123646.00,,,,,0,00,99.9,,,,,,*45
1 12 36 47 Nan Nan Nan 1101011101 1010111111 11011111010 1111000010 10001011100 10010110001 10100001000 10101110010 100010111 1101100011 1001101000 1110111110 1001001000 10001111011 10010101000 10011011000 11001101110 10101001111 23.063 42.992 1005.5 4171 17 -125 11 59 51 3 $GNGGA,123647.00,,,,,0,00,99.9,,,,,,*44
2 12 36 48 Nan Nan Nan 1101011101 1011000001 11011110110 1111000100 10001011101 10010110101 10100001000 10101110010 100010111 1101100011 1001101001 1110111111 1001000011 10001111011 10010101100 10011011001 11001110010 10101010011 23.063 42.901 1005.5 5329 16 -125 12 59 50 4 $GNGGA,123648.00,,,,,0,00,99.9,,,,,,*4B
2 12 36 49 Nan Nan Nan 1101011101 1011000000 11011110111 1111000001 10001011100 10010110100 10100001000 10101110000 100001101 1101100011 1001101000 1111000001 1001000000 10001110111 10010100011 10011010010 11001101000 10101001011 23.063 42.870 1005.5 6169 18 -126 11 60 51 3 $GNGGA,123649.00,,,,,0,00,99.9,,,,,,*4A
2 12 36 50 Nan Nan Nan 1101011100 1011000001 11011110111 1110111001 10001011101 10010110101 10100000101 10101110000 100001111 1101100011 1001100011 1111000000 1001000110 10001111101 10010100011 10011001100 11001110111 10101010010 23.063 42.817 1005.5 7168 17 -125 11 59 50 4 $GNGGA,123650.00,,,,,0,00,99.9,,,,,,*42
2 12 36 51 Nan Nan Nan 1101011101 1011000100 11011111100 1110111111 10001011110 10010110000 10100000001 10101111010 100001111 1101100011 1001100100 1111000000 1001000101 10001111100 10010100011 10011010010 11001110110 10101010100 23.063 42.771 1005.5 8167 18 -126 11 60 51 3 $GNGGA,123651.00,,,,,0,00,99.9,,,,,,*43
2 12 36 52 Nan Nan Nan 1101011100 1011000001 11011111000 1111000010 10001011101 10010110010 10100001000 10101110100 100010111 1101100011 1001100101 1110111111 1001001000 10001111101 10010100110 10011010010 11001101111 10101010100 23.063 42.763 1005.5 9166 16 -125 12 59 50 4 $GNGGA,123652.00,,,,,0,00,99.9,,,,,,*40
3 12 36 53 Nan Nan Nan 1101011101 1011000101 11011111010 1111000000 10001011111 10010110110 10100001010 10101110010 100010111 1101100011 1001101010 1111000001 1000111110 10001111011 10010100110 10011010100 11001110100 10101011000 23.063 42.748 1005.5 10166 17 -125 10 59 51 4 $GNGGA,123653.00,,,,,0,00,99.9,,,,,,*41
4 12 36 54 Nan Nan Nan 1101011100 1011000001 11011110111 1111000001 10001011110 10010110010 10100000110 10101111110 100010111 1101100011 1001101010 1111000000 1001000010 10001111110 10010100011 10011010110 11001110110 10101001111 23.063 42.763 1005.5 11329 18 -126 11 59 51 3 $GNGGA,123654.00,,,,,0,00,99.9,,,,,,*46
4 12 36 55 Nan Nan Nan 1101011100 1010111111 11011110110 1110111100 10001011011 10010110011 10100000111 10101111000 100011000 1101100011 1001101000 1111000000 1001001010 10001111101 10010100100 10011010010 11001101111 10101001110 23.063 42.733 1005.5 12163 17 -125 10 59 50 5 $GNGGA,123655.00,,,,,0,00,99.9,,,,,,*47
5 12 36 56 Nan Nan Nan 1101011101 1011000010 11011111001 1110111011 10001011100 10010110011 10100001000 10101111010 100001001 1101100011 1001101001 1111000011 1001000111 10001111101 10010100101 10011010011 11001110111 10101001111 23.063 42.725 1005.5 13162 18 -126 11 59 51 3 $GNGGA,123656.00,,,,,0,00,99.9,,,,,,*44
5 12 36 57 Nan Nan Nan 1101011101 1011000000 11011111000 1110111100 10001011010 10010110001 10100000011 10101111001 100010000 1101100011 1001100101 1111000000 1001001100 10001111110 10010100101 10011010100 11001110010 10101001111 23.063 42.733 1005.5 14161 16 -126 12 59 51 3 $GNGGA,123657.00,,,,,0,00,99.9,,,,,,*45
5 12 36 58 Nan Nan Nan 1101011101 1011000010 11011110111 1110111010 10001011100 10010111100 10100001010 10101101001 100010001 1101100011 1001100111 1111000011 1001000011 10001111010 10010100011 10011010001 11001110010 10101001111 23.063 42.725 1005.5 15160 17 -126 10 58 52 4 $GNGGA,123658.00,,,,,0,00,99.9,,,,,,*4A
5 12 36 59 Nan Nan Nan 1101011100 1010111111 11011110101 1110111101 10001100001 10010110110 10100001010 10101110001 100011100 1101100011 1001100111 1111000010 1001000001 10001111010 10010011110 10011001100 11001101100 10101011000 23.063 42.717 1005.5 16159 17 -126 11 59 51 3 $GNGGA,123659.00,,,,,0,00,99.9,,,,,,*4B
6 12 37 00 Nan Nan Nan 1101011101 1011000010 11011111000 1110111000 10001011100 10010110111 10100001001 10101110000 100010100 1101100011 1001101011 1111000100 1001000001 10001111011 10010100010 10011010001 11001110011 10101001110 23.063 42.725 1005.5 17318 17 -125 11 59 50 4 $GNGGA,123700.00,,,,,0,00,99.9,,,,,,*46
6 12 37 01 Nan Nan Nan 1101011101 1011000010 11011111000 1110111110 10001011110 10010110110 10100000111 10101110000 100011010 1101100011 1001101010 1111000010 1000111111 10001111010 10010011111 10011001110 11001101010 10101001100 23.063 42.717 1005.5 18157 18 -126 11 60 51 3 $GNGGA,123701.00,,,,,0,00,99.9,,,,,,*47
6 12 37 02 Nan Nan Nan 1101011101 1011000001 11011111000 1110111001 10001011110 10010110011 10100001000 10101101011 100010111 1101100011 1001101000 1111000001 1001000110 10001111011 10010100011 10011010011 11001101111 10101001000 23.063 42.710 1005.5 19155 16 -125 12 59 51 3 $GNGGA,123702.00,,,,,0,00,99.9,,,,,,*44
7 12 37 03 Nan Nan Nan 1101011101 1011000100 11011111000 1110111011 10001100000 10010110110 10100001001 10101101110 100011011 1101100011 1001101000 1110111110 1001000011 10001111101 10010100001 10011010001 11001101000 10101010011 23.063 42.710 1005.5 20155 16 -125 11 60 50 4 $GNGGA,123703.00,,,,,0,00,99.9,,,,,,*45
7 12 37 04 Nan Nan Nan 1101011101 1011000100 11011111011 1111000000 10001011110 10010101110 10100000100 10101101100 100010111 1101100011 1001100110 1110111110 1001000101 10001111010 10010100101 10011010001 11001101110 10101001010 23.063 42.733 1005.5 21153 18 -125 10 59 50 4 $GNGGA,123704.00,,,,,0,00,99.9,,,,,,*42
8 12 37 05 Nan Nan Nan 1101011101 1011000000 11011110100 1111000100 10001011111 10010110010 10100000101 10101101111 100010101 1101100011 1001101010 1111000000 1001000111 10001111101 10010100000 10011010011 11001101011 10101010110 23.063 42.855 1005.5 22153 17 -126 11 59 52 3 $GNGGA,123705.00,,,,,0,00,99.9,,,,,,*43
9 12 37 06 Nan Nan Nan 1101011101 1011000001 11011111000 1111000001 10001011101 10010110101 10100000010 10101101011 100011010 1101100011 1001101010 1111000010 1001000101 10001111011 10010100011 10011010001 11001101010 10101001111 23.063 43.030 1005.5 23313 16 -125 11 60 50 4 $GNGGA,123706.00,,,,,0,00,99.9,,,,,,*40
9 12 37 07 Nan Nan Nan 1101011101 1011000000 11011110101 1110111110 10001011111 10010110111 10100000100 10101101101 100010111 1101100011 1001101000 1110111111 1001000011 10001111101 10010011111 10011001100 11001101011 10101001110 23.063 43.099 1005.5 24151 17 -125 12 59 51 3 $GNGGA,123707.00,,,,,0,00,99.9,,,,,,*41
10 12 37 08 Nan Nan Nan 1101011101 1011000000 11011111000 1111000000 10001011111 10010110100 10100000100 10101110001 100011011 1101100011 1001101001 1111000001 1001000111 10001111100 10010100110 10011010001 11001101011 10101000110 23.063 43.229 1005.5 25150 17 -125 11 60 50 4 $GNGGA,123708.00,,,,,0,00,99.9,,,,,,*4E
10 12 37 09 Nan Nan Nan 1101011101 1011000010 11011111001 1111000101 10001100000 10010110001 10100000000 10101110010 100010111 1101100011 1001101000 1111000010 1001000101 10001111101 10010011111 10011010101 11001101010 10101001101 23.063 43.274 1005.5 26148 17 -126 11 58 51 4 $GNGGA,123709.00,,,,,0,00,99.9,,,,,,*4F
10 12 37 10 Nan Nan Nan 1101011101 1011000011 11011111001 1111000001 10001100001 10010110000 10100000110 10101100111 100010011 1101100011 1001101100 1111000110 1001000001 10001111011 10010100000 10011001101 11001100001 10100111111 23.063 43.145 1005.5 27148 16 -125 11 59 51 4 $GNGGA,123710.00,,,,,0,00,99.9,,,,,,*47
10 12 37 11 Nan Nan Nan 1101011101 1011000010 11011110111 1111000001 10001011111 10010110000 10011111111 10101101001 100010111 1101100011 1001100110 1110111111 1001000111 10001111100 10010011111 10011001101 11001110001 10101010100 23.063 43.000 1005.5 28147 18 -125 10 60 50 4 $GNGGA,123711.00,,,,,0,00,99.9,,,,,,*46
11 12 37 12 Nan Nan Nan 1101011101 1011000101 11011111001 1111000011 10001100001 10010110101 10100000101 10101101101 100010010 1101100011 1001101001 1111000000 1001001011 10001111011 10010100100 10011010001 11001011110 10101000101 23.063 43.099 1005.5 29305 17 -126 12 58 51 3 $GNGGA,123712.00,,,,,0,00,99.9,,,,,,*45
11 12 37 13 Nan Nan Nan 1101011101 1011000100 11011111001 1111000001 10001011100 10010110001 10100000011 10101101011 100010000 1101100011 1001101011 1111000000 1001001011 10001111110 10010100101 10011010011 11001101010 10101001001 23.063 43.244 1005.5 30144 18 -126 11 60 51 3 $GNGGA,123713.00,,,,,0,00,99.9,,,,,,*44
12 12 37 14 Nan Nan Nan 1101011101 1011000001 11011110110 1110111100 10001011110 10010110110 10100000010 10101101000 100001101 1101100011 1001101001 1111000000 1001001001 10001111100 10010011110 10011001010 11001100111 10101000110 23.063 43.313 1005.5 31144 16 -125 12 59 50 4 $GNGGA,123714.00,,,,,0,00,99.9,,,,,,*43
12 12 37 15 Nan Nan Nan 1101011101 1010111111 11011110110 1110111010 10001011101 10010101111 10100000101 10101101010 100001101 1101100011 1001101001 1111000000 1001001001 10001111011 10010100001 10011010001 11001100101 10101001000 23.125 43.114 1005.5 32143 17 -126 10 59 51 4 $GNGGA,123715.00,,,,,0,00,99.9,,,,,,*42
12 12 37 16 Nan Nan Nan 1101011101 1011000000 11011110011 1111000000 10001011110 10010110101 10100000110 10101101001 100010100 1101100011 1001100101 1111000001 1001001101 10001111100 10010011100 10011001000 11001101010 10101010010 23.063 42.939 1005.5 33142 17 -126 11 59 51 3 $GNGGA,123716.00,,,,,0,00,99.9,,,,,,*41
13 12 37 17 Nan Nan Nan 1101011101 1011000100 11011111001 1110111000 10001011100 10010110001 10100000101 10101101100 100011110 1101100011 1001101010 1111000000 1001000011 10001111010 10010100000 10011010001 11001100011 10101001001 23.063 42.847 1005.5 34142 17 -125 10 59 51 4 $GNGGA,123717.00,,,,,0,00,99.9,,,,,,*40
14 12 37 18 Nan Nan Nan 1101011100 1011000011 11011110111 1110111000 10001011010 10010110001 10100000100 10101100100 100010111 1101100011 1001101100 1111000100 1001001000 10001111110 10010100010 10011010011 11001101100 10101001100 23.063 42.840 1005.5 35300 17 -126 11 60 51 3 $GNGGA,123718.00,,,,,0,00,99.9,,,,,,*4F
14 12 37 19 Nan Nan Nan 1101011101 1010111111 11011110010 1111000010 10001011101 10010101110 10100000001 10101101011 100011001 1101100011 1001101010 1111000010 1001000111 10001111101 10010100001 10011001100 11001100110 10101001101 23.063 42.847 1005.5 36140 17 -124 11 59 50 4 $GNGGA,123719.00,,,,,0,00,99.9,,,,,,*4E
14 12 37 20 Nan Nan Nan 1101011101 1011000010 11011110111 1110111010 10001011100 10010110011 10100000000 10101100101 100010001 1101100011 1001101010 1111000001 1001001000 10001111011 10010011011 10011010000 11001100111 10101001011 23.063 43.046 1005.5 37138 18 -126 11 60 51 3 $GNGGA,123720.00,,,,,0,00,99.9,,,,,,*44
14 12 37 21 Nan Nan Nan 1101011101 1011000000 11011110110 1110111111 10001011101 10010110001 10100000111 10101100111 100010100 1101100011 1001110001 1111000100 1001001111 10001111101 10010100001 10011001101 11001100001 10101010000 23.063 43.679 1005.5 38137 16 -125 12 59 51 3 $GNGGA,123721.00,,,,,0,00,99.9,,,,,,*45
15 12 37 22 Nan Nan Nan 1101011101 1011000011 11011111001 1110111110 10001011100 10010110010 10100000111 10101101011 100010010 1101100011 1001101100 1111000010 1001000011 10001111010 10010010111 10011000111 11001100000 10101000001 23.125 43.549 1005.5 39136 17 -126 10 59 51 4 $GNGGA,123722.00,,,,,0,00,99.9,,,,,,*46
15 12 37 23 Nan Nan Nan 1101011101 1011000001 11011110100 1111000001 10001011011 10010101101 10100000001 10101100110 100010100 1101100011 1001101110 1111000101 1001001000 10001111101 10010011111 10011001111 11001101110 10101001010 23.063 43.480 1005.5 40135 18 -126 11 60 51 3 $GNGGA,123723.00,,,,,0,00,99.9,,,,,,*47
16 12 37 24 Nan Nan Nan 1101011101 1011000101 11011111010 1111000011 10001011110 10010101111 10011111011 10101100101 100011001 1101100011 1001101000 1111000000 1001001100 10001111110 10010011111 10011001101 11001101101 10101001010 23.063 43.908 1005.5 41294 16 -125 12 59 50 4 $GNGGA,123724.00,,,,,0,00,99.9,,,,,,*40
16 12 37 25 Nan Nan Nan 1101011101 1011000100 11011111011 1111000011 10001011111 10010100100 10011111011 10101101100 100010100 1101100011 1001101000 1111000001 1001001001 10001111101 10010100001 10011001100 11001101100 10101000111 23.063 44.106 1005.5 42133 18 -126 11 60 51 3 $GNGGA,123725.00,,,,,0,00,99.9,,,,,,*41
16 12 37 26 Nan Nan Nan 1101011101 1011000010 11011110101 1111000110 10001011110 10010101101 10100000010 10101101000 100010100 1101100011 1001101000 1111000001 1000111111 10001111000 10010100011 10011001101 11001100011 10100111111 23.063 44.457 1005.5 43132 16 -125 12 59 50 4 $GNGGA,123726.00,,,,,0,00,99.9,,,,,,*42
16 12 37 27 Nan Nan Nan 1101011101 1011000001 11011110110 1111000000 10001011100 10010110001 10100000011 10101110001 100100010 1101100011 1001100111 1111000000 1001000100 10001111110 10010011010 10011001100 11001101010 10101000101 23.125 44.426 1005.5 44131 17 -126 10 58 52 4 $GNGGA,123727.00,,,,,0,00,99.9,,,,,,*43
16 12 37 28 Nan Nan Nan 1101011101 1011000100 11011110110 1110111111 10001011100 10010101110 10100000000 10101101100 100011011 1101100011 1001101011 1111000000 1001000111 10001111101 10010011111 10011001011 11001110000 10101010101 23.063 44.327 1005.5 45130 17 -126 11 59 51 3 $GNGGA,123728.00,,,,,0,00,99.9,,,,,,*4C
17 12 37 29 Nan Nan Nan 1101011101 1011000011 11011110101 1111000100 10001100001 10010101101 10011111111 10101110000 100011010 1101100011 1001101000 1111000010 1001001001 10001111101 10010100010 10011001010 11001101101 10101000110 23.063 44.365 1005.5 46130 17 -125 10 59 51 4 $GNGGA,123729.00,,,,,0,00,99.9,,,,,,*4D
18 12 37 30 Nan Nan Nan 1101011101 1011000100 11011111000 1110111101 10001011011 10010101101 10100000010 10101110010 100011101 1101100011 1001101001 1110111110 1001000111 10001111111 10010100011 10011010000 11001101101 10101000110 23.063 44.022 1005.5 47288 17 -126 11 59 52 3 $GNGGA,123730.00,,,,,0,00,99.9,,,,,,*45
18 12 37 31 Nan Nan Nan 1101011101 1011000110 11011111100 1111000001 10001011101 10010101110 10100000001 10101101101 100011100 1101100011 1001101101 1111000011 1001001100 10001111100 10010011011 10011000110 11001100100 10100111010 23.063 43.686 1005.5 48126 17 -126 12 59 51 3 $GNGGA,123731.00,,,,,0,00,99.9,,,,,,*44
19 12 37 32 Nan Nan Nan 1101011101 1011000101 11011111010 1110111111 10001011101 10010101111 10100000001 10101101110 100100011 1101100011 1001101010 1111000011 1001001000 10001111100 10010011010 10011001010 11001101111 10101000111 23.063 43.648 1005.5 49126 18 -126 10 59 51 4 $GNGGA,123732.00,,,,,0,00,99.9,,,,,,*47
19 12 37 33 Nan Nan Nan 1101011101 1011000101 11011111000 1110111100 10001100000 10010110001 10011111111 10101110000 100100001 1101100011 1001101110 1111000011 1001001011 10001111101 10010100010 10011001100 11001100001 10101000001 23.063 43.595 1005.5 50125 17 -126 12 59 51 3 $GNGGA,123733.00,,,,,0,00,99.9,,,,,,*46
20 12 37 34 Nan Nan Nan 1101011100 1011000110 11011111100 1111000001 10001011111 10010110000 10100000100 10101110001 100011011 1101100011 1001101111 1111000010 1000111111 10001111010 10010011010 10011001011 11001100110 10101000110 23.063 43.465 1005.5 51125 16 -125 11 59 51 4 $GNGGA,123734.00,,,,,0,00,99.9,,,,,,*41
20 12 37 35 Nan Nan Nan 1101011101 1011000110 11011111011 1110111110 10001011110 10010110000 10100000001 10101110110 100100100 1101100011 1001100110 1110111111 1001001001 10001111011 10010011110 10011001101 11001101000 10101001100 23.063 43.412 1005.5 52122 18 -126 11 59 51 3 $GNGGA,123735.00,,,,,0,00,99.9,,,,,,*40
21 12 37 36 Nan Nan Nan 1101011101 1011001001 11011111110 1111000011 10001011110 10010110001 10100000010 10101101011 100011101 1101100011 1001100111 1110111110 1001001000 10001111100 10010011010 10011001100 11001101111 10101001101 23.063 43.633 1005.5 53280 18 -126 11 58 51 3 $GNGGA,123736.00,,,,,0,00,99.9,,,,,,*43
21 12 37 37 Nan Nan Nan 1101011100 1011000010 11011110111 1111000101 10001011100 10010101010 10011111101 10101101011 100011101 1101100011 1001101110 1111000010 1001000111 10001111100 10010011100 10011001001 11001100010 10101001001 23.063 43.618 1005.5 54121 18 -126 10 59 51 4 $GNGGA,123737.00,,,,,0,00,99.9,,,,,,*42
21 12 37 38 Nan Nan Nan 1101011101 1011000011 11011110101 1111000101 10001011111 10010101010 10011111101 10101100110 100010111 1101100011 1001101001 1111000000 1001001101 10001111110 10010011001 10011001001 11001100011 10101000011 23.063 43.877 1005.5 55119 16 -125 12 59 50 4 $GNGGA,123738.00,,,,,0,00,99.9,,,,,,*4D
22 12 37 39 Nan Nan Nan 1101011101 1011000011 11011110110 1111000010 10001100000 10010101011 10011111101 10101101110 100010110 1101100011 1001101011 1111000000 1001001110 10001111101 10010100000 10011001011 11001011101 10100111100 23.063 44.114 1005.5 56119 17 -126 11 59 52 3 $GNGGA,123739.00,,,,,0,00,99.9,,,,,,*4C
22 12 37 40 Nan Nan Nan 1101011101 1011000011 11011111001 1111000010 10001011110 10010110011 10100000011 10101110000 100100001 1101100011 1001101011 1111000010 1001001010 10001111101 10010011000 10011000011 11001011101 10101000101 23.063 44.236 1005.5 57118 17 -125 11 60 50 4 $GNGGA,123740.00,,,,,0,00,99.9,,,,,,*42
22 12 37 41 Nan Nan Nan 1101011101 1011000100 11011110111 1111000110 10001100000 10010101110 10100000010 10101101000 100010110 1101100011 1001101011 1111000010 1001000101 10001111010 10010100000 10011001010 11001101011 10101010001 23.063 44.488 1005.5 58117 17 -126 10 58 51 5 $GNGGA,123741.00,,,,,0,00,99.9,,,,,,*43
23 12 37 42 Nan Nan Nan 1101011101 1011000111 11011111010 1111000110 10001100010 10010101010 10011111001 10101101101 100011010 1101100011 1001101000 1111000001 1001001010 10001111011 10010100010 10011001010 11001100011 10101001000 23.063 44.220 1005.5 59274 17 -126 10 58 52 4 $GNGGA,123742.00,,,,,0,00,99.9,,,,,,*40
23 12 37 43 Nan Nan Nan 1101011101 1011000100 11011111000 1111000001 10001011100 10010100111 10011110111 10101100111 100011000 1101100011 1001101100 1110111111 1001001100 10001111100 10010011000 10011001001 11001101000 10101000110 23.063 44.106 1005.5 60114 17 -126 11 58 51 4 $GNGGA,123743.00,,,,,0,00,99.9,,,,,,*41
24 12 37 44 Nan Nan Nan 1101011101 1011000101 11011111010 1111000000 10001011110 10010101111 10011111110 10101101110 100011000 1101100011 1001100111 1110111110 1001000101 10001111001 10010011100 10011001100 11001100011 10101000111 23.063 43.847 1005.5 61114 17 -126 11 60 51 3 $GNGGA,123744.00,,,,,0,00,99.9,,,,,,*46
24 12 37 45 Nan Nan Nan 1101011101 1011000101 11011110110 1111000011 10001011110 10010101010 10011111110 10101100110 100001111 1101100011 1001101000 1110111111 1001001010 10001111101 10010011001 10011000011 11001100011 10101000111 23.063 43.824 1005.5 62113 17 -125 11 59 50 4 $GNGGA,123745.00,,,,,0,00,99.9,,,,,,*47
25 12 37 46 Nan Nan Nan 1101011101 1011000101 11011110110 1111000111 10001100011 10010101011 10011111011 10101100110 100010110 1101100011 1001101100 1111000011 1001000111 10001111010 10010011010 10011001001 11001100001 10101001001 23.063 43.847 1005.5 63112 17 -126 10 58 52 4 $GNGGA,123746.00,,,,,0,00,99.9,,,,,,*44
25 12 37 47 Nan Nan Nan 1101011101 1011000010 11011110111 1111000010 10001100011 10010101001 10011111111 10101100111 100010100 1101100011 1001101100 1111000001 1001001110 10001111110 10010011101 10011000110 11001100101 10101000111 23.063 43.732 1005.5 64111 17 -126 11 60 51 3 $GNGGA,123747.00,,,,,0,00,99.9,,,,,,*45
26 12 37 48 Nan Nan Nan 1101011101 1011000101 11011111000 1111000010 10001011101 10010101001 10011111100 10101100001 100010100 1101100011 1001100111 1111000000 1001001001 10001111011 10010010111 10011000101 11001100010 10101001011 23.063 43.618 1005.5 65268 18 -126 11 59 51 3 $GNGGA,123748.00,,,,,0,00,99.9,,,,,,*4A
26 12 37 49 Nan Nan Nan 1101011101 1011000001 11011110110 1111000001 10001011101 10010101000 10011111101 10101100011 100001010 1101100011 1001101010 1111000011 1001000111 10001111100 10010011010 10011000111 11001100010 10101000011 23.063 43.587 1005.5 66109 18 -126 11 60 51 3 $GNGGA,123749.00,,,,,0,00,99.9,,,,,,*4B
26 12 37 50 Nan Nan Nan 1101011100 1010111111 11011110101 1111000001 10001100010 10010101100 10011111111 10101100000 100001000 1101100011 1001101010 1110111111 1001001001 10001111101 10010011001 10011001010 11001100101 10101001010 23.063 43.610 1005.5 67107 17 -126 11 59 50 4 $GNGGA,123750.00,,,,,0,00,99.9,,,,,,*43
26 12 37 51 Nan Nan Nan 1101011101 1011000100 11011111000 1110111101 10001011100 10010101001 10011111100 10101100011 100010101 1101100011 1001100111 1111000000 1001001001 10001111101 10010011101 10011001111 11001101100 10101001101 23.063 43.564 1005.5 68107 17 -126 10 58 52 4 $GNGGA,123751.00,,,,,0,00,99.9,,,,,,*42
26 12 37 52 Nan Nan Nan 1101011101 1011000010 11011110110 1111001000 10001100010 10010101111 10100000000 10101100101 100011011 1101100011 1001100111 1110111111 1001001001 10001111011 10010011001 10011001000 11001100011 10101000010 23.063 43.473 1005.5 69106 17 -125 11 60 50 4 $GNGGA,123752.00,,,,,0,00,99.9,,,,,,*41
26 12 37 53 Nan Nan Nan 1101011101 1011000101 11011110111 1110111101 10001011100 10010101001 10011111010 10101100110 100010100 1101100011 1001101011 1111000001 1001000010 10001111011 10010011101 10011001000 11001100010 10101000011 23.063 43.488 1005.5 70104 17 -126 10 58 51 5 $GNGGA,123753.00,,,,,0,00,99.9,,,,,,*40
27 12 37 54 Nan Nan Nan 1101011100 1010111111 11011110001 1111000011 10001100001 10010110000 10100000001 10101100110 100010010 1101100011 1001101100 1111000001 1001001000 10001111100 10010011100 10011001011 11001011111 10100111000 23.063 43.412 1005.5 71262 17 -126 10 58 52 4 $GNGGA,123754.00,,,,,0,00,99.9,,,,,,*47
27 12 37 55 Nan Nan Nan 1101011100 1011000000 11011110011 1110111110 10001011101 10010101100 10011111110 10101100111 100011100 1101100011 1001101100 1111000000 1001001000 10001111100 10010011101 10011001100 11001100000 10101001000 23.063 43.351 1005.5 72102 17 -126 11 59 50 4 $GNGGA,123755.00,,,,,0,00,99.9,,,,,,*46
27 12 37 56 Nan Nan Nan 1101011101 1011000010 11011110001 1110111110 10001011100 10010101100 10011111011 10101101111 100011011 1101100011 1001101001 1111000000 1001001100 10001111101 10010100010 10011010000 11001101011 10101001111 23.063 43.381 1005.5 73102 17 -126 11 59 52 3 $GNGGA,123756.00,,,,,0,00,99.9,,,,,,*45
27 12 37 57 Nan Nan Nan 1101011101 1011000010 11011110100 1111000100 10001100010 10010101100 10100000100 10101101011 100011001 1101100011 1001101100 1111000001 1001001100 10001111110 10010010111 10011000000 11001100000 10101000011 23.063 43.320 1005.5 74101 17 -125 11 59 50 4 $GNGGA,123757.00,,,,,0,00,99.9,,,,,,*44
27 12 37 58 Nan Nan Nan 1101011101 1011000011 11011111000 1110111100 10001011100 10010101000 10100000000 10101100101 100010111 1101100011 1001101011 1111000100 1001001100 10001111101 10010011100 10011001000 11001011101 10101000010 23.063 43.267 1005.5 75100 17 -126 10 58 52 4 $GNGGA,123758.00,,,,,0,00,99.9,,,,,,*4B
28 12 37 59 Nan Nan Nan 1101011101 1011000101 11011110111 1110111100 10001011111 10010101100 10011111110 10101100111 100011010 1101100011 1001101001 1111000010 1001001001 10001111100 10010011100 10011001011 11001100010 10101000011 23.063 43.259 1005.5 76099 17 -125 11 60 51 3 $GNGGA,123759.00,,,,,0,00,99.9,,,,,,*4A
29 12 38 00 Nan Nan Nan 1101011101 1011000011 11011110110 1110111101 10001011011 10010101011 10011111111 10101011110 100010110 1101100011 1001101101 1111000001 1001001000 10001111011 10010011010 10011000110 11001100100 10101000100 23.063 43.366 1005.5 77258 18 -125 10 59 50 4 $GNGGA,123800.00,,,,,0,00,99.9,,,,,,*49
29 12 38 01 Nan Nan Nan 1101011101 1011000100 11011110111 1110111010 10001011100 10010101000 10011111000 10101101011 100010101 1101100011 1001101011 1111000000 1001001010 10001111101 10010011011 10011000011 11001011110 10101000001 23.063 43.442 1005.5 78097 18 -126 11 60 51 3 $GNGGA,123801.00,,,,,0,00,99.9,,,,,,*48
29 12 38 02 Nan Nan Nan 1101011101 1011000001 11011110101 1110111100 10001011011 10010100111 10011111101 10101101000 100010101 1101100011 1001101101 1111000110 1001001110 10001111011 10010011011 10011001010 11001011101 10101000101 23.063 43.519 1005.5 79095 17 -126 12 59 51 3 $GNGGA,123802.00,,,,,0,00,99.9,,,,,,*4B
30 12 38 03 Nan Nan Nan 1101011101 1011000110 11011111000 1111000000 10001011110 10010101001 10011111010 10101100010 100011100 1101100011 1001101010 1111000001 1001000111 10001111100 10010010111 10011000011 11001100010 10101000110 23.063 43.740 1005.5 80095 17 -126 11 59 52 3 $GNGGA,123803.00,,,,,0,00,99.9,,,,,,*4A
30 12 38 04 Nan Nan Nan 1101011101 1011000000 11011110110 1110111100 10001011100 10010110000 10100000100 10101100110 100101000 1101100011 1001101010 1110111111 1001001110 10001111101 10010011100 10011000100 11001011110 10100111110 23.063 43.618 1005.5 81093 17 -125 11 60 50 4 $GNGGA,123804.00,,,,,0,00,99.9,,,,,,*4D
31 12 38 05 Nan Nan Nan 1101011101 1011000100 11011110100 1110111011 10001100001 10010100001 10011111100 10101100001 100100001 1101100011 1001101001 1110111111 1001010010 10001111110 10010011000 10011000101 11001100011 10101001010 23.063 43.587 1005.5 82093 17 -126 10 59 50 5 $GNGGA,123805.00,,,,,0,00,99.9,,,,,,*4C
32 12 38 06 Nan Nan Nan 1101011101 1011000100 11011110111 1110111100 10001100000 10010101011 10011111010 10101101000 100100001 1101100011 1001101010 1111000001 1001001111 10001111101 10010011100 10011000111 11001011111 10101000010 23.063 43.488 1005.5 83250 17 -126 10 58 52 4 $GNGGA,123806.00,,,,,0,00,99.9,,,,,,*4F
32 12 38 07 Nan Nan Nan 1101011101 1011000010 11011110110 1110111111 10001011111 10010100100 10011110011 10101011111 100011000 1101100011 1001110001 1111000011 1001010101 10001111101 10010011111 10011001010 11001101010 10101000101 23.063 43.572 1005.5 84091 17 -125 11 59 50 4 $GNGGA,123807.00,,,,,0,00,99.9,,,,,,*4E
32 12 38 08 Nan Nan Nan 1101011101 1011000100 11011110111 1111000010 10001100001 10010101011 10100000001 10101100010 100011001 1101100011 1001101011 1111000001 1001001100 10001111110 10010011010 10011000111 11001100101 10100111101 23.063 43.702 1005.5 85090 17 -126 11 58 52 3 $GNGGA,123808.00,,,,,0,00,99.9,,,,,,*41
32 12 38 09 Nan Nan Nan 1101011101 1011000101 11011111000 1111000101 10001011110 10010101011 10011111110 10101011100 100010101 1101100011 1001101001 1111000000 1001010000 10001111111 10010010011 10010111111 11001100101 10101000111 23.063 43.908 1005.5 86089 17 -126 11 60 51 3 $GNGGA,123809.00,,,,,0,00,99.9,,,,,,*40
32 12 38 10 Nan Nan Nan 1101011101 1011000100 11011111010 1110111101 10001011011 10010101010 10011111111 10101011011 100001111 1101100011 1001101111 1111000010 1001001110 10001111110 10010010100 10010111111 11001011111 10101000010 23.063 44.076 1005.5 87087 17 -126 10 59 50 5 $GNGGA,123810.00,,,,,0,00,99.9,,,,,,*48
32 12 38 11 Nan Nan Nan 1101011101 1011000100 11011110110 1111000010 10001011010 10010101001 10011111011 10101011111 100010100 1101100011 1001101110 1111000010 1001001110 10001111110 10010010011 10011000000 11001100001 10101001000 23.063 44.121 1005.5 88086 18 -126 11 59 51 3 $GNGGA,123811.00,,,,,0,00,99.9,,,,,,*49
33 12 38 12 Nan Nan Nan 1101011101 1011000100 11011110110 1110111110 10001011110 10010101110 10100000000 10101100100 100011100 1101100011 1001101100 1111000001 1001001100 10001111010 10010011001 10011000101 11001100110 10101000111 23.063 44.137 1005.5 89248 18 -126 10 58 51 4 $GNGGA,123812.00,,,,,0,00,99.9,,,,,,*4A
33 12 38 13 Nan Nan Nan 1101011101 1011000011 11011110100 1111000000 10001011110 10010100110 10011111001 10101100011 100010101 1101100011 1001101010 1111000000 1001010010 10001111011 10010011101 10011001010 11001100100 10101001001 23.125 44.030 1005.5 90084 17 -126 10 59 51 4 $GNGGA,123813.00,,,,,0,00,99.9,,,,,,*4B
33 12 38 14 Nan Nan Nan 1101011100 1011000100 11011110111 1111000011 10001011110 10010101000 10011110111 10101011111 100011001 1101100011 1001101010 1111000010 1001010001 10001111100 10010010110 10011000111 11001100010 10101000100 23.063 43.793 1005.5 91084 17 -125 11 59 51 3 $GNGGA,123814.00,,,,,0,00,99.9,,,,,,*4C
33 12 38 15 Nan Nan Nan 1101011101 1011000110 11011110101 1111000101 10001100000 10010101010 10011110110 10101100000 100010110 1101100011 1001101011 1111000110 1001010110 10010000000 10010010110 10011000010 11001100010 10101001000 23.063 43.694 1005.5 92082 17 -126 10 58 52 4 $GNGGA,123815.00,,,,,0,00,99.9,,,,,,*4D
33 12 38 16 Nan Nan Nan 1101011101 1011000011 11011110110 1110111110 10001011110 10010100101 10011111001 10101100001 100010101 1101100011 1001101011 1111000010 1001010111 10001111100 10010010110 10011000101 11001100010 10101000001 23.063 43.557 1005.5 93081 18 -126 11 59 51 3 $GNGGA,123816.00,,,,,0,00,99.9,,,,,,*4E
34 12 38 17 Nan Nan Nan 1101011101 1011000100 11011110111 1111000000 10001100001 10010101010 10011111000 10101011100 100010101 1101100011 1001101111 1111000011 1001001100 10001111101 10010010101 10011000011 11001100010 10100111111 23.063 43.313 1005.5 94081 17 -125 11 58 51 4 $GNGGA,123817.00,,,,,0,00,99.9,,,,,,*4F
35 12 38 18 Nan Nan Nan 1101011101 1011000011 11011110111 1111000111 10001100001 10010101000 10011111111 10101100100 100010010 1101100011 1001101010 1110111111 1001010101 10001111111 10010010100 10011000100 11001011110 10101000001 23.063 43.290 1005.5 95239 17 -125 10 59 51 4 $GNGGA,123818.00,,,,,0,00,99.9,,,,,,*40
35 12 38 19 Nan Nan Nan 1101011101 1011000110 11011111010 1110111111 10001011011 10010100011 10011111010 10101100010 100010010 1101100011 1001101110 1111000010 1001001010 10001111010 10010010011 10010111111 11001100100 10101000111 23.063 43.381 1005.5 96078 16 -126 12 59 51 3 $GNGGA,123819.00,,,,,0,00,99.9,,,,,,*41
36 12 38 20 Nan Nan Nan 1101011101 1011000001 11011110110 1110111010 10001011011 10010100111 10011111011 10101100010 100010101 1101100011 1001101101 1111000011 1001001100 10001111110 10010010011 10010111110 11001011010 10100111101 23.125 43.664 1005.5 97078 17 -126 11 58 52 3 $GNGGA,123820.00,,,,,0,00,99.9,,,,,,*4B
36 12 38 21 Nan Nan Nan 1101011101 1011000110 11011110101 1111000001 10001011110 10010100110 10011111010 10101101000 100011001 1101100011 1001101011 1111000000 1001010101 10001111101 10010010101 10011000010 11001011110 10101000101 23.063 43.725 1005.5 98077 17 -125 11 60 51 3 $GNGGA,123821.00,,,,,0,00,99.9,,,,,,*4A
36 12 38 22 Nan Nan Nan 1101011101 1011000010 11011110110 1111000011 10001011001 10010101000 10011111010 10101101000 100011101 1101100011 1001101011 1111000000 1001010011 10001111100 10010010110 10011000101 11001011100 10100111101 23.125 43.603 1005.5 99076 17 -125 10 59 50 5 $GNGGA,123822.00,,,,,0,00,99.9,,,,,,*49
36 12 38 23 Nan Nan Nan 1101011101 1011000100 11011110101 1111000010 10001011100 10010100111 10011111011 10101011110 100010001 1101100011 1001101100 1111000010 1001001001 10001111000 10010010100 10011000001 11001010001 10101000001 23.063 43.496 1005.5 100074 18 -126 10 59 51 4 $GNGGA,123823.00,,,,,0,00,99.9,,,,,,*48
37 12 38 24 Nan Nan Nan 1101011101 1011000110 11011111001 1111000001 10001011100 10010100001 10011110010 10101011101 100011100 1101100011 1001101110 1111000010 1001001001 10001111110 10010010101 10011000001 11001011001 10101000000 23.063 43.427 1005.5 101232 18 -126 11 60 51 3 $GNGGA,123824.00,,,,,0,00,99.9,,,,,,*4F
37 12 38 25 Nan Nan Nan 1101011100 1011000011 11011110100 1110111011 10001011011 10010100101 10011110111 10101011101 100100010 1101100011 1001101011 1111000001 1001001111 10001111110 10010010110 10011000000 11001011011 10100111011 23.063 43.343 1005.5 102073 17 -126 11 59 51 3 $GNGGA,123825.00,,,,,0,00,99.9,,,,,,*4E
37 12 38 26 Nan Nan Nan 1101011101 1011000101 11011110101 1111000001 10001011101 10010100010 10011110011 10101100010 100100101 1101100011 1001101110 1111000010 1001001110 10001111110 10010010011 10011000001 11001100110 10101000111 23.063 43.305 1005.4 103072 18 -126 11 59 51 3 $GNGGA,123826.00,,,,,0,00,99.9,,,,,,*4D
38 12 38 27 Nan Nan Nan 1101011101 1011000101 11011110111 1110111011 10001011100 10010101001 10011111111 10101011111 100100011 1101100011 1001101010 1111000001 1001010010 10001111101 10010010111 10011000001 11001011010 10100111011 23.125 43.725 1005.4 104071 17 -126 10 59 51 4 $GNGGA,123827.00,,,,,0,00,99.9,,,,,,*4C
38 12 38 28 Nan Nan Nan 1101011101 1011000011 11011110100 1111000011 10001011111 10010100110 10011111010 10101010111 100011000 1101100011 1001101010 1111000010 1001010001 10001111101 10010010010 10011000000 11001010111 10100111101 23.063 43.862 1005.5 105070 18 -126 10 59 51 4 $GNGGA,123828.00,,,,,0,00,99.9,,,,,,*43
38 12 38 29 Nan Nan Nan 1101011101 1011000011 11011110011 1110111011 10001011101 10010011111 10011110011 10101010100 100011000 1101100011 1001101101 1111000001 1001001110 10001111010 10010010111 10011000011 11001100110 10101000111 23.063 43.938 1005.5 106070 16 -124 12 59 50 4 $GNGGA,123829.00,,,,,0,00,99.9,,,,,,*42
39 12 38 30 Nan Nan Nan 1101011101 1011000100 11011110111 1110111110 10001011101 10010100101 10011111000 10101011001 100010011 1101100011 1001101111 1111000100 1001001111 10001111101 10010011011 10011000010 11001011000 10100111101 23.063 43.824 1005.5 107227 17 -126 11 59 51 4 $GNGGA,123830.00,,,,,0,00,99.9,,,,,,*4A
39 12 38 31 Nan Nan Nan 1101011101 1011001000 11011111000 1110111011 10001011100 10010100100 10011111011 10101010110 100011010 1101100011 1001101101 1111000001 1001001100 10001111100 10010010100 10011000011 11001100000 10101000011 23.063 43.747 1005.5 108068 17 -126 11 59 50 4 $GNGGA,123831.00,,,,,0,00,99.9,,,,,,*4B
39 12 38 32 Nan Nan Nan 1101011101 1011000100 11011110100 1111000011 10001011101 10010100100 10011111110 10101011110 100011010 1101100011 1001110001 1111000100 1001001010 10001111100 10010010110 10011000010 11001100001 10101000111 23.063 43.625 1005.5 109067 17 -125 10 59 51 4 $GNGGA,123832.00,,,,,0,00,99.9,,,,,,*48
39 12 38 33 Nan Nan Nan 1101011101 1011000100 11011111000 1110111000 10001011101 10010100011 10011111000 10101011011 100010010 1101100011 1001101111 1111000011 1001010011 10001111101 10010010010 10010111111 11001010100 10101000010 23.063 43.564 1005.5 110064 18 -126 11 60 51 3 $GNGGA,123833.00,,,,,0,00,99.9,,,,,,*49
40 12 38 34 Nan Nan Nan 1101011101 1011000011 11011110011 1110111001 10001011110 10010100010 10011111000 10101100100 100100010 1101100011 1001101110 1111000011 1001001101 10001111011 10010010101 10011000000 11001011111 10101000011 23.063 43.465 1005.5 111065 17 -125 10 59 50 5 $GNGGA,123834.00,,,,,0,00,99.9,,,,,,*4E
40 12 38 35 Nan Nan Nan 1101011101 1011000010 11011110010 1110111100 10001011111 10010100101 10011111000 10101011010 100100000 1101100011 1001110001 1111000010 1001001000 10001111011 10010011001 10010111111 11001100001 10100111111 23.063 43.351 1005.4 112063 18 -126 11 59 51 3 $GNGGA,123835.00,,,,,0,00,99.9,,,,,,*4F
41 12 38 36 Nan Nan Nan 1101011101 1011000111 11011111001 1111000001 10001011111 10010100101 10011111010 10101011101 100011101 1101100011 1001101011 1111000010 1001001001 10001111011 10010010100 10010111110 11001010110 10100111111 23.063 43.335 1005.4 113220 18 -126 10 59 51 4 $GNGGA,123836.00,,,,,0,00,99.9,,,,,,*4C
41 12 38 37 Nan Nan Nan 1101011101 1011000110 11011110110 1111000000 10001011101 10010100100 10011110000 10101011100 100011111 1101100011 1001101101 1110111101 1001001101 10001111101 10010010001 10010111101 11001010111 10100111101 23.063 43.267 1005.4 114062 17 -125 10 59 51 4 $GNGGA,123837.00,,,,,0,00,99.9,,,,,,*4D
41 12 38 38 Nan Nan Nan 1101011101 1011000111 11011110111 1111000010 10001011101 10010100011 10100000011 10101011011 100010111 1101100011 1001110000 1111000011 1001001101 10001111010 10010011010 10011000101 11001100010 10100111101 23.063 43.313 1005.4 115060 18 -126 11 59 51 3 $GNGGA,123838.00,,,,,0,00,99.9,,,,,,*42
41 12 38 39 Nan Nan Nan 1101011101 1011001000 11011111000 1111000011 10001011101 10010100100 10011111001 10101010011 100011000 1101100011 1001101100 1111000010 1001010000 10001111110 10010011010 10011000001 11001011110 10101000111 23.063 43.419 1005.4 116060 17 -125 10 59 50 5 $GNGGA,123839.00,,,,,0,00,99.9,,,,,,*43
41 12 38 40 Nan Nan Nan 1101011101 1011000111 11011110011 1111000110 10001011100 10010100101 10011110110 10101010101 100011100 1101100011 1001101010 1111000001 1001001111 10001111110 10010010100 10011000000 11001011001 10100110101 23.063 43.343 1005.4 117058 17 -125 11 60 50 4 $GNGGA,123840.00,,,,,0,00,99.9,,,,,,*4D
41 12 38 41 Nan Nan Nan 1101011101 1011000101 11011110110 1111000100 10001011101 10010100011 10011111001 10101010101 100010100 1101100011 1001101101 1111000001 1001010110 10001111111 10010011000 10011000100 11001011001 10100111110 23.063 43.305 1005.4 118056 16 -125 12 59 51 3 $GNGGA,123841.00,,,,,0,00,99.9,,,,,,*4C
42 12 38 42 Nan Nan Nan 1101011101 1011000011 11011110010 1111000111 10001100010 10010100100 10011111001 10101011010 100011001 1101100011 1001101010 1111000010 1001010100 10001111100 10010010011 10010111101 11001010111 10100111111 23.063 43.366 1005.4 119216 17 -126 10 58 51 5 $GNGGA,123842.00,,,,,0,00,99.9,,,,,,*4F
42 12 38 43 Nan Nan Nan 1101011101 1011000100 11011110100 1111000100 10001011100 10010011011 10011110001 10101011111 100100100 1101100011 1001101101 1111000010 1001011010 10001111101 10010010010 10010111010 11001011011 10101000100 23.063 43.274 1005.4 120055 17 -126 12 59 51 3 $GNGGA,123843.00,,,,,0,00,99.9,,,,,,*4E
42 12 38 44 Nan Nan Nan 1101011101 1011000001 11011110001 1110110111 10001011101 10010100100 10011110111 10101011110 100011111 1101100011 1001101111 1111000011 1001010100 10001111101 10010010111 10011000000 11001011000 10101000001 23.063 43.198 1005.4 121054 16 -125 11 59 51 4 $GNGGA,123844.00,,,,,0,00,99.9,,,,,,*49
42 12 38 45 Nan Nan Nan 1101011101 1011001000 11011111000 1110111101 10001011100 10010100011 10011111001 10101011110 100011010 1101100011 1001101110 1111000001 1001010101 10001111101 10010001011 10010111000 11001011001 10101001000 23.063 43.191 1005.4 122053 18 -126 11 60 51 3 $GNGGA,123845.00,,,,,0,00,99.9,,,,,,*48
42 12 38 46 Nan Nan Nan 1101011101 1011000111 11011111010 1111000000 10001011110 10010100010 10011110100 10101011010 100010101 1101100011 1001101101 1111000001 1001010100 10001111110 10010010100 10010111110 11001011110 10101000000 23.063 43.221 1005.4 123053 16 -124 12 59 50 4 $GNGGA,123846.00,,,,,0,00,99.9,,,,,,*4B
42 12 38 47 Nan Nan Nan 1101011101 1011000010 11011110010 1111000011 10001011110 10010100100 10011111001 10101011110 100100000 1101100011 1001101110 1110111111 1001001101 10001111010 10010010101 10011000001 11001011001 10100111111 23.063 43.114 1005.4 124051 18 -126 10 59 51 4 $GNGGA,123847.00,,,,,0,00,99.9,,,,,,*4A
43 12 38 48 Nan Nan Nan 1101011101 1011000101 11011110110 1110111101 10001011111 10010100000 10011110011 10101011101 100011111 1101100011 1001101100 1111000001 1001010101 10001111100 10010010001 10010111001 11001011010 10100111100 23.063 43.053 1005.4 125208 18 -126 10 59 51 4 $GNGGA,123848.00,,,,,0,00,99.9,,,,,,*45
43 12 38 49 Nan Nan Nan 1101011101 1011000111 11011111011 1110111100 10001100000 10010100110 10011110110 10101011111 100100101 1101100011 1001101101 1111000000 1001010011 10001111011 10010001101 10010111001 11001010101 10100110110 23.063 43.023 1005.4 126049 17 -126 10 58 52 4 $GNGGA,123849.00,,,,,0,00,99.9,,,,,,*44
43 12 38 50 Nan Nan Nan 1101011101 1011000101 11011110101 1110111101 10001011011 10010100100 10011110100 10101011111 100101000 1101100011 1001101100 1111000010 1001001111 10001111110 10010010010 10010111110 11001010001 10100111011 23.063 42.916 1005.4 127047 18 -126 10 59 51 4 $GNGGA,123850.00,,,,,0,00,99.9,,,,,,*4C
43 12 38 51 Nan Nan Nan 1101011101 1011000100 11011110100 1111000010 10001011111 10010100110 10011111001 10101010011 100010110 1101100011 1001110001 1111000011 1001010101 10001111110 10010001111 10010111101 11001010101 10100111000 23.063 42.847 1005.4 128047 17 -126 11 59 51 4 $GNGGA,123851.00,,,,,0,00,99.9,,,,,,*4D
44 12 38 52 Nan Nan Nan 1101011101 1011000101 11011110100 1111000000 10001011110 10010100000 10011111001 10101010111 100010101 1101100011 1001101111 1111000001 1001010100 10001111100 10010011000 10011000000 11001011101 10100111100 23.063 42.809 1005.4 129046 18 -126 11 60 51 3 $GNGGA,123852.00,,,,,0,00,99.9,,,,,,*4E
44 12 38 53 Nan Nan Nan 1101011101 1011001000 11011111001 1111000011 10001011111 10010011111 10011110011 10101011010 100011110 1101100011 1001101101 1111000011 1001010010 10001111110 10010010111 10010111110 11001010011 10100111011 23.063 43.091 1005.4 130045 16 -125 12 59 50 4 $GNGGA,123853.00,,,,,0,00,99.9,,,,,,*4F
45 12 38 54 Nan Nan Nan 1101011101 1011000011 11011110011 1110111101 10001011011 10010011011 10011110001 10101011000 100011000 1101100011 1001110000 1111000000 1001010001 10001111101 10010010000 10010111011 11001011011 10101000100 23.063 43.755 1005.4 131204 17 -126 10 58 51 5 $GNGGA,123854.00,,,,,0,00,99.9,,,,,,*48
45 12 38 55 Nan Nan Nan 1101011101 1011000101 11011110110 1110111101 10001011101 10010011101 10011110011 10101011001 100011101 1101100011 1001101110 1111000010 1001010100 10001111101 10010010010 10010111010 11001011000 10100111100 23.063 43.923 1005.4 132042 18 -126 11 58 51 3 $GNGGA,123855.00,,,,,0,00,99.9,,,,,,*49
46 12 38 56 Nan Nan Nan 1101011101 1011000100 11011110101 1111000000 10001011100 10010100000 10011110101 10101010110 100010101 1101100011 1001101101 1111000010 1001001101 10001111101 10010001110 10010110111 11001010110 10100111011 23.063 43.816 1005.4 133043 16 -125 11 59 51 4 $GNGGA,123856.00,,,,,0,00,99.9,,,,,,*4A
46 12 38 57 Nan Nan Nan 1101011101 1011000110 11011110101 1111000000 10001011011 10010011110 10011110101 10101100000 100011010 1101100011 1001101110 1111000000 1001011000 10001111110 10010000110 10010111011 11001001110 10100110101 23.063 43.747 1005.4 134041 18 -126 11 60 51 3 $GNGGA,123857.00,,,,,0,00,99.9,,,,,,*4B
46 12 38 58 Nan Nan Nan 1101011101 1011001001 11011111000 1111000010 10001011111 10010100000 10011110011 10101011100 100010110 1101100011 1001101010 1110111111 1001010011 10001111110 10010010001 10010110110 11001010100 10100111110 23.063 43.625 1005.4 135041 17 -125 12 59 51 3 $GNGGA,123858.00,,,,,0,00,99.9,,,,,,*44
47 12 38 59 Nan Nan Nan 1101011101 1011000011 11011110011 1111000000 10001011101 10010100010 10011110101 10101010111 100010010 1101100011 1001101110 1111000010 1001010101 10001111111 10010010010 10010111010 11001011010 10100110111 23.063 43.480 1005.4 136039 18 -126 10 59 51 4 $GNGGA,123859.00,,,,,0,00,99.9,,,,,,*45
48 12 39 00 Nan Nan Nan 1101011101 1011000110 11011110111 1110111101 10001011011 10010011101 10011110000 10101010111 100010101 1101100011 1001101111 1111000010 1001010100 10001111110 10010010001 10010111100 11001001101 10100110010 23.063 43.320 1005.4 137197 17 -125 11 60 50 4 $GNGGA,123900.00,,,,,0,00,99.9,,,,,,*48
48 12 39 01 Nan Nan Nan 1101011101 1011000100 11011110011 1110111101 10001011101 10010100001 10011110100 10101011111 100011111 1101100011 1001101101 1111000000 1001011001 10001111111 10010001110 10010110111 11001001111 10100111010 23.063 43.191 1005.4 138038 17 -126 10 59 51 4 $GNGGA,123901.00,,,,,0,00,99.9,,,,,,*49
48 12 39 02 Nan Nan Nan 1101011101 1011000100 11011110100 1111000001 10001100000 10010100000 10011110101 10101101001 100100110 1101100100 1001101100 1110111110 1001010100 10001111101 10010001010 10010110111 11001010001 10100111010 23.063 42.985 1005.4 139036 18 -125 10 60 50 4 $GNGGA,123902.00,,,,,0,00,99.9,,,,,,*4A
48 12 39 03 Nan Nan Nan 1101011101 1011000100 11011110101 1111000011 10001011111 10010100001 10011110011 10101010101 100100001 1101100011 1001101111 1111000011 1001001101 10001111111 10010010011 10010111100 11001010111 10100111111 23.063 43.175 1005.4 140036 16 -125 11 59 50 5 $GNGGA,123903.00,,,,,0,00,99.9,,,,,,*4B
48 12 39 04 Nan Nan Nan 1101011101 1011000100 11011110101 1110111100 10001011001 10010011110 10011110010 10101011000 100100010 1101100011 1001101110 1110111111 1001001111 10001111011 10010010000 10010110110 11001011100 10101000101 23.063 43.328 1005.4 141034 18 -126 11 59 51 3 $GNGGA,123904.00,,,,,0,00,99.9,,,,,,*4C
48 12 39 05 Nan Nan Nan 1101011101 1011000111 11011110111 1111000010 10001011111 10010011011 10011110001 10101011000 100100001 1101100011 1001110001 1111000100 1001010000 10001111100 10010001111 10010111010 11001011000 10101000010 23.063 43.305 1005.4 142033 17 -126 12 59 51 3 $GNGGA,123905.00,,,,,0,00,99.9,,,,,,*4D
49 12 39 06 Nan Nan Nan 1101011101 1011000101 11011110100 1110111101 10001011100 10010100011 10011111000 10101010001 100100000 1101100011 1001101011 1111000001 1001010011 10001111101 10010001111 10010110111 11001001110 10100111101 23.063 43.526 1005.4 143192 16 -126 12 59 51 3 $GNGGA,123906.00,,,,,0,00,99.9,,,,,,*4E
49 12 39 07 Nan Nan Nan 1101011101 1011000011 11011110100 1110111010 10001011011 10010100011 10011110110 10101010010 100100001 1101100011 1001101111 1111000011 1001010010 10001111110 10010001111 10010110110 11001010010 10100110010 23.063 43.580 1005.4 144030 18 -126 10 58 51 4 $GNGGA,123907.00,,,,,0,00,99.9,,,,,,*4F
50 12 39 08 Nan Nan Nan 1101011101 1011000110 11011110111 1110111110 10001011010 10010011111 10011110011 10101010010 100100010 1101100011 1001110001 1111000011 1001010000 10001111110 10010001111 10010111001 11001010000 10100111001 23.063 43.412 1005.4 145031 17 -126 11 59 52 3 $GNGGA,123908.00,,,,,0,00,99.9,,,,,,*40
50 12 39 09 Nan Nan Nan 1101011101 1011000100 11011110101 1110111010 10001011011 10010011101 10011101101 10101010010 100011110 1101100011 1001101010 1110111111 1001010101 10001111110 10010010000 10010111000 11001010110 10100111111 23.063 43.442 1005.4 146029 18 -126 10 59 51 4 $GNGGA,123909.00,,,,,0,00,99.9,,,,,,*41
50 12 39 10 Nan Nan Nan 1101011101 1011000101 11011110111 1111000001 10001100001 10010011101 10011110011 10101011001 100011101 1101100011 1001101111 1111000011 1001011100 10001111110 10010001011 10010111001 11001011000 10100111110 23.063 43.580 1005.4 147028 17 -126 12 59 51 3 $GNGGA,123910.00,,,,,0,00,99.9,,,,,,*49
51 12 39 11 Nan Nan Nan 1101011101 1011000100 11011110100 1111000011 10001011011 10010011011 10011101111 10101100010 100101001 1101100011 1001101101 1111000000 1001010001 10001111011 10010001000 10010110100 11001011011 10101000000 23.125 43.534 1005.4 148027 17 -126 10 59 51 4 $GNGGA,123911.00,,,,,0,00,99.9,,,,,,*48
52 12 39 12 Nan Nan Nan 1101011101 1011000011 11011110011 1111000001 10001011110 10010011111 10011110101 10101010110 100100011 1101100011 1001110010 1111000101 1001011000 10001111011 10010001001 10010110101 11001011010 10101001001 23.063 43.397 1005.5 149186 18 -126 10 59 51 4 $GNGGA,123912.00,,,,,0,00,99.9,,,,,,*4B
52 12 39 13 Nan Nan Nan 1101011101 1011000111 11011110101 1110111111 10001011110 10010100101 10011111001 10101010100 100100110 1101100011 1001110000 1111000010 1001010101 10001111011 10010001110 10010111000 11001010010 10100111100 23.063 43.297 1005.4 150025 16 -126 11 59 52 3 $GNGGA,123913.00,,,,,0,00,99.9,,,,,,*4A
53 12 39 14 Nan Nan Nan 1101011101 1011001001 11011111001 1111000011 10001100001 10010011011 10011110000 10101010110 100011111 1101100011 1001110001 1111000100 1001001100 10001111110 10010010011 10010111011 11001011010 10100111110 23.063 43.183 1005.4 151025 18 -125 10 60 50 4 $GNGGA,123914.00,,,,,0,00,99.9,,,,,,*4D
53 12 39 15 Nan Nan Nan 1101011101 1011000101 11011110100 1111000010 10001011110 10010011010 10011110000 10101011011 100011101 1101100011 1001110000 1111000100 1001010111 10001111101 10010001000 10010110101 11001011000 10100111110 23.063 43.076 1005.4 152024 17 -126 12 59 51 3 $GNGGA,123915.00,,,,,0,00,99.9,,,,,,*4C
54 12 39 16 Nan Nan Nan 1101011101 1011000100 11011110011 1110111101 10001011001 10010100000 10011110110 10101011111 100100111 1101100011 1001101110 1110111111 1001010011 10001111101 10010001000 10010110010 11001011001 10101000000 23.063 43.038 1005.4 153023 18 -125 10 60 50 4 $GNGGA,123916.00,,,,,0,00,99.9,,,,,,*4F
54 12 39 17 Nan Nan Nan 1101011101 1011000110 11011110100 1111000001 10001100000 10010100000 10011110011 10101011110 100100000 1101100011 1001110000 1111000011 1001010010 10001111011 10010001101 10010111001 11001010001 10100110010 23.063 43.000 1005.4 154021 17 -126 11 58 51 4 $GNGGA,123917.00,,,,,0,00,99.9,,,,,,*4E
55 12 39 18 Nan Nan Nan 1101011101 1011000110 11011110011 1110111001 10001011101 10010100001 10011110011 10101011111 100100011 1101100011 1001110001 1111000000 1001010011 10001111110 10010001011 10010110011 11001010000 10100111010 23.063 43.152 1005.4 155181 17 -126 12 59 51 3 $GNGGA,123918.00,,,,,0,00,99.9,,,,,,*41
55 12 39 19 Nan Nan Nan 1101011100 1011000011 11011110010 1110111110 10001011011 10010011110 10011110011 10101010101 100100010 1101100011 1001110000 1111000010 1001010111 10001111101 10010001000 10010110010 11001010101 10100111001 23.063 43.252 1005.4 156019 18 -126 10 58 51 4 $GNGGA,123919.00,,,,,0,00,99.9,,,,,,*40
55 12 39 20 Nan Nan Nan 1101011101 1011000111 11011110011 1111001111 10001011111 10010011100 10011101111 10101010101 100011101 1101100011 1001101111 1111000011 1001011000 10001111100 10010001011 10010110010 11001010001 10100111001 23.063 43.213 1005.4 157018 17 -126 10 58 51 5 $GNGGA,123920.00,,,,,0,00,99.9,,,,,,*4A
56 12 39 21 Nan Nan Nan 1101011101 1011001000 11011110110 1110111010 10001011011 10010010111 10011101111 10101011010 100100101 1101100011 1001110000 1111000100 1001010010 10001111100 10010001011 10010110011 11001001101 10100111001 23.063 43.152 1005.4 158018 17 -125 11 60 50 4 $GNGGA,123921.00,,,,,0,00,99.9,,,,,,*4B
56 12 39 22 Nan Nan Nan 1101011101 1011001000 11011111000 1110111101 10001011110 10010100000 10011110101 10101010110 100100011 1101100011 1001101101 1111000011 1001010101 10001111110 10010001101 10010110010 11001010000 10100110011 23.063 43.068 1005.4 159016 16 -125 12 59 51 3 $GNGGA,123922.00,,,,,0,00,99.9,,,,,,*48
57 12 39 23 Nan Nan Nan 1101011101 1011000110 11011110111 1111000101 10001011111 10010011010 10011101100 10101011101 100100110 1101100011 1001101011 1110111111 1001001010 10001111011 10010010001 10010111011 11001001001 10100110101 23.063 43.168 1005.4 160016 16 -125 11 60 50 4 $GNGGA,123923.00,,,,,0,00,99.9,,,,,,*49
58 12 39 24 Nan Nan Nan 1101011101 1011000101 11011110110 1110111000 10001011011 10010011010 10011101011 10101011111 100100000 1101100011 1001110001 1111000011 1001010010 10001111101 10010001110 10010110011 11001001110 10100110101 23.063 43.381 1005.4 161174 17 -125 11 60 50 4 $GNGGA,123924.00,,,,,0,00,99.9,,,,,,*4E
58 12 39 25 Nan Nan Nan 1101011101 1011000010 11011101111 1111000111 10001100001 10010100000 10011110000 10101100000 100101010 1101100011 1001101110 1111000010 1001010001 10001111101 10010001000 10010110101 11001010110 10100111010 23.063 43.412 1005.4 162014 17 -126 11 59 52 3 $GNGGA,123925.00,,,,,0,00,99.9,,,,,,*4F
58 12 39 26 Nan Nan Nan 1101011101 1011001001 11011111000 1111000001 10001011110 10010011110 10011101101 10101011110 100101010 1101100011 1001101101 1111000010 1001011000 10001111101 10010001101 10010111010 11001001100 10100110100 23.063 43.747 1005.4 163012 18 -126 10 59 51 4 $GNGGA,123926.00,,,,,0,00,99.9,,,,,,*4C
58 12 39 27 Nan Nan Nan 1101011101 1011000111 11011110110 1111000000 10001011110 10010100000 10011110101 10101011100 100011111 1101100011 1001110010 1111000100 1001010101 10001111100 10010000111 10010110010 11001010101 10100110111 23.063 43.717 1005.4 164012 16 -124 12 59 50 4 $GNGGA,123927.00,,,,,0,00,99.9,,,,,,*4D
59 12 39 28 Nan Nan Nan 1101011101 1011000110 11011110101 1110111110 10001011101 10010011100 10011101110 10101011011 100100010 1101100011 1001101111 1111000001 1001010101 10001111111 10010010000 10010111000 11001001111 10100110010 23.063 43.572 1005.4 165011 17 -125 11 60 50 4 $GNGGA,123928.00,,,,,0,00,99.9,,,,,,*42
59 12 39 29 Nan Nan Nan 1101011101 1011000101 11011110110 1111000101 10001100001 10010011000 10011101100 10101011001 100011101 1101100011 1001101110 1111000001 1001010101 10001111101 10010001110 10010110111 11001001110 10100110110 23.063 43.442 1005.4 166009 17 -126 11 58 51 4 $GNGGA,123929.00,,,,,0,00,99.9,,,,,,*43
60 12 39 30 Nan Nan Nan 1101011101 1011000111 11011110100 1111000110 10001011110 10010011111 10011101010 10101010100 100011011 1101100011 1001101111 1111000001 1001011010 10001111110 10010000111 10010110000 11001010010 10100110100 23.063 43.419 1005.4 167166 17 -126 11 58 51 4 $GNGGA,123930.00,,,,,0,00,99.9,,,,,,*4B
60 12 39 31 Nan Nan Nan 1101011101 1011000100 11011110010 1110111110 10001011100 10010011011 10011110000 10101010110 100011110 1101100011 1001110001 1111000100 1001010101 10001111100 10010001011 10010110110 11001001101 10100110000 23.063 43.297 1005.4 168007 17 -125 11 60 50 4 $GNGGA,123931.00,,,,,0,00,99.9,,,,,,*4A
60 12 39 32 Nan Nan Nan 1101011101 1011000100 11011110010 1110111110 10001011100 10010011110 10011110011 10101011010 100100011 1101100011 1001110010 1111000011 1001010100 10001111101 10010000111 10010110010 11001010000 10100111000 23.063 43.213 1005.4 169007 17 -126 11 59 51 4 $GNGGA,123932.00,,,,,0,00,99.9,,,,,,*49
61 12 39 33 Nan Nan Nan 1101011101 1011000100 11011110010 1111000011 10001011110 10010010111 10011101111 10101010110 100100110 1101100011 1001110000 1111000010 1001010111 10001111110 10010001000 10010110010 11001010111 10100111111 23.063 43.389 1005.4 170005 18 -126 10 59 51 4 $GNGGA,123933.00,,,,,0,00,99.9,,,,,,*48
61 12 39 34 Nan Nan Nan 1101011101 1011001001 11011110111 1110111100 10001011010 10010011010 10011110011 10101011111 100011111 1101100011 1001110001 1111000010 1001010101 10001111111 10010001000 10010110010 11001010000 10100111001 23.063 43.435 1005.4 171003 17 -126 12 58 51 3 $GNGGA,123934.00,,,,,0,00,99.9,,,,,,*4F
62 12 39 35 Nan Nan Nan 1101011101 1011000100 11011110100 1111000000 10001011101 10010011110 10011110000 10101100010 100100011 1101100011 1001110000 1111000010 1001011010 10001111111 10010001001 10010101111 11001010010 10100111101 23.063 43.435 1005.4 172004 17 -125 10 60 50 4 $GNGGA,123935.00,,,,,0,00,99.9,,,,,,*4E
63 12 39 36 Nan Nan Nan 1101011101 1011001000 11011110100 1111000001 10001011110 10010011001 10011101110 10101010111 100011110 1101100011 1001101100 1110111111 1001010100 10001111111 10010001000 10010110000 11001001011 10100110110 23.063 43.450 1005.4 173162 18 -126 10 59 51 4 $GNGGA,123936.00,,,,,0,00,99.9,,,,,,*4D
63 12 39 37 Nan Nan Nan 1101011101 1011000101 11011110011 1111000000 10001011101 10010010111 10011101101 10101010110 100100000 1101100011 1001101111 1111000010 1001010100 10001111100 10010010110 10010111000 11001010000 10100110101 23.063 43.458 1005.4 174002 16 -125 11 59 52 3 $GNGGA,123937.00,,,,,0,00,99.9,,,,,,*4C
63 12 39 38 Nan Nan Nan 1101011101 1011000111 11011110101 1110110111 10001011001 10010011110 10011110011 10101011000 100100100 1101100011 1001101010 1110111101 1001001111 10001111101 10010001001 10010110010 11001010000 10100111001 23.063 43.511 1005.4 175000 18 -126 10 59 51 4 $GNGGA,123938.00,,,,,0,00,99.9,,,,,,*43
63 12 39 39 Nan Nan Nan 1101011101 1011001000 11011110100 1111000100 10001011110 10010011001 10011101101 10101010000 100011111 1101100011 1001101110 1111000011 1001011001 10001111111 10010001011 10010110001 11001010001 10100111001 23.000 43.580 1005.4 176000 16 -125 12 59 51 3 $GNGGA,123939.00,,,,,0,00,99.9,,,,,,*42
64 12 39 40 Nan Nan Nan 1101011100 1011000110 11011110110 1111001000 10001100000 10010011010 10011101101 10101010100 100100100 1101100011 1001110010 1111000100 1001011100 10001111110 10010001100 10010110011 11001010000 10100111011 23.063 43.633 1005.4 176999 18 -125 10 60 50 4 $GNGGA,123940.00,,,,,0,00,99.9,,,,,,*4C
64 12 39 41 Nan Nan Nan 1101011101 1011000101 11011110010 1110111101 10001011110 10010011000 10011101100 10101011101 100101000 1101100011 1001110000 1111000000 1001010011 10001111110 10010001110 10010110100 11001001111 10100110101 23.063 43.656 1005.4 177997 17 -126 12 58 51 3 $GNGGA,123941.00,,,,,0,00,99.9,,,,,,*4D
65 12 39 42 Nan Nan Nan 1101011101 1011000110 11011110110 1110111110 10001011101 10010011011 10011110000 10101011100 100100101 1101100011 1001101111 1111000000 1001011011 10001111111 10010001110 10010110100 11001001000 10100110110 23.063 44.060 1005.4 179156 16 -125 12 59 50 4 $GNGGA,123942.00,,,,,0,00,99.9,,,,,,*4E
65 12 39 43 Nan Nan Nan 1101011101 1011001000 11011110110 1110111010 10001011101 10010011100 10011110110 10101100001 100101001 1101100011 1001110010 1111000010 1001010000 10001111100 10010001011 10010110010 11001001101 10100110111 23.063 44.304 1005.4 179995 18 -126 11 60 51 3 $GNGGA,123943.00,,,,,0,00,99.9,,,,,,*4F
65 12 39 44 Nan Nan Nan 1101011101 1011000111 11011110011 1110111101 10001011010 10010011000 10011101100 10101010101 100100001 1101100011 1001110000 1111000010 1001011001 10001111101 10010001001 10010110000 11001001011 10100110010 23.063 44.327 1005.4 180994 17 -126 12 58 51 3 $GNGGA,123944.00,,,,,0,00,99.9,,,,,,*48
66 12 39 45 Nan Nan Nan 1101011101 1011001001 11011110101 1110111101 10001011110 10010010110 10011101010 10101010010 100100010 1101100011 1001110000 1111000001 1001001111 10001111100 10010001001 10010110001 11001010010 10100111101 23.063 43.915 1005.4 181993 18 -126 10 59 51 4 $GNGGA,123945.00,,,,,0,00,99.9,,,,,,*49
66 12 39 46 Nan Nan Nan 1101011101 1011000101 11011110000 1111000001 10001011011 10010011001 10011101101 10101011011 100100000 1101100011 1001101111 1111000000 1001011100 10001111100 10010001010 10010111000 11001001111 10100111000 23.063 43.541 1005.4 182992 17 -126 12 58 51 3 $GNGGA,123946.00,,,,,0,00,99.9,,,,,,*4A
67 12 39 47 Nan Nan Nan 1101011101 1011000111 11011110101 1110111111 10001011110 10010011001 10011101110 10101010110 100101101 1101100011 1001110011 1111000010 1001010110 10001111110 10010001000 10010101111 11001010011 10100111011 23.063 43.229 1005.4 183992 17 -125 10 59 51 4 $GNGGA,123947.00,,,,,0,00,99.9,,,,,,*4B
68 12 39 48 Nan Nan Nan 1101011101 1011000110 11011110100 1110111101 10001011101 10010011110 10011110010 10101011100 100101000 1101100011 1001101110 1110111111 1001011001 10001111101 10010001100 10010110011 11001001010 10100110110 23.063 43.084 1005.4 185151 17 -125 11 60 50 4 $GNGGA,123948.00,,,,,0,00,99.9,,,,,,*44
68 12 39 49 Nan Nan Nan 1101011101 1011000010 11011101111 1111000011 10001011101 10010100000 10011110110 10101011111 100110100 1101100011 1001110000 1111000001 1001011110 10001111111 10010010001 10010111010 11001001011 10100110111 23.063 43.221 1005.4 185989 17 -126 11 58 51 4 $GNGGA,123949.00,,,,,0,00,99.9,,,,,,*45
69 12 39 50 Nan Nan Nan 1101011101 1011000110 11011110011 1111000100 10001100001 10010010011 10011101101 10101011001 100101100 1101100011 1001101111 1111000010 1001011010 10001111101 10010001111 10010110011 11001001110 10100111011 23.063 43.107 1005.4 186988 17 -125 11 60 50 4 $GNGGA,123950.00,,,,,0,00,99.9,,,,,,*4D
69 12 39 51 Nan Nan Nan 1101011101 1011000101 11011110101 1111000100 10001011111 10010011010 10011101001 10101100010 100101110 1101100011 1001110010 1111000011 1001011000 10001111101 10010000111 10010110011 11001001000 10100111001 23.063 43.007 1005.4 187987 17 -126 12 58 51 3 $GNGGA,123951.00,,,,,0,00,99.9,,,,,,*4C
70 12 39 52 Nan Nan Nan 1101011101 1011000100 11011110010 1111000000 10001011100 10010011000 10011110001 10101001110 100011100 1101100100 1001101111 1111000011 1001010010 10001111100 10010001100 10010111000 11001001000 10100111000 23.063 43.183 1005.4 188987 16 -125 11 60 50 4 $GNGGA,123952.00,,,,,0,00,99.9,,,,,,*4F
70 12 39 53 Nan Nan Nan 1101011101 1011000100 11011110101 1110111110 10001011110 10010011010 10011101100 10101010100 100100010 1101100011 1001110101 1111000101 1001010110 10001111010 10010001101 10010110100 11001000110 10100110000 23.063 43.358 1005.4 189984 18 -126 10 58 51 4 $GNGGA,123953.00,,,,,0,00,99.9,,,,,,*4E
71 12 39 54 Nan Nan Nan 1101011101 1011000100 11011110010 1111000011 10001011110 10010011000 10011101100 10101010011 100011111 1101100011 1001101110 1111000001 1001011100 10001111101 10010001001 10010110101 11001001010 10100110111 23.063 43.473 1005.4 191144 16 -125 12 59 50 4 $GNGGA,123954.00,,,,,0,00,99.9,,,,,,*49
71 12 39 55 Nan Nan Nan 1101011101 1011000100 11011101111 1110111110 10001011011 10010010100 10011101001 10101011101 100100011 1101100011 1001101111 1111000010 1001010111 10001111101 10010001001 10010110010 11001001100 10100111011 23.063 43.580 1005.4 191983 18 -126 10 59 51 4 $GNGGA,123955.00,,,,,0,00,99.9,,,,,,*48
71 12 39 56 Nan Nan Nan 1101011101 1011001000 11011111000 1111000010 10001011100 10010010110 10011101010 10101010000 100011111 1101100011 1001101111 1111000010 1001010100 10001111101 10010000110 10010101111 11001000011 10100110101 23.063 43.786 1005.4 192983 17 -125 12 59 51 3 $GNGGA,123956.00,,,,,0,00,99.9,,,,,,*4B
72 12 39 57 Nan Nan Nan 1101011101 1011001000 11011110110 1111000011 10001100000 10010011001 10011101011 10101010011 100100001 1101100011 1001110101 1111000100 1001010101 10001111110 10010001001 10010110010 11001001101 10101000100 23.063 43.938 1005.4 193982 18 -125 10 60 50 4 $GNGGA,123957.00,,,,,0,00,99.9,,,,,,*4A
72 12 39 58 Nan Nan Nan 1101011101 1011000110 11011110101 1111000100 10001100000 10010010011 10011100111 10101010010 100101000 1101100011 1001110011 1111000011 1001011000 10001111101 10010001000 10010101101 11001001010 10100111011 23.063 43.908 1005.4 194980 17 -126 12 59 51 3 $GNGGA,123958.00,,,,,0,00,99.9,,,,,,*45
72 12 39 59 Nan Nan Nan 1101011101 1011000111 11011110100 1111001000 10001011101 10010010011 10011101011 10101010001 100101010 1101100011 1001110000 1111000011 1001010110 10001111110 10010001100 10010110111 11001001101 10100110010 23.063 43.816 1005.4 195979 17 -126 11 59 52 3 $GNGGA,123959.00,,,,,0,00,99.9,,,,,,*44
73 12 40 00 Nan Nan Nan 1101011101 1011000101 11011110011 1111000010 10001011100 10010010011 10011101001 10101010011 100100111 1101100011 1001101111 1111000000 1001010111 10001111010 10010000111 10010110000 11001001100 10100110000 23.063 43.656 1005.4 197138 18 -126 10 59 51 4 $GNGGA,124000.00,,,,,0,00,99.9,,,,,,*46
73 12 40 01 Nan Nan Nan 1101011101 1011000110 11011110100 1111000101 10001011111 10010011011 10011110000 10101010111 100100101 1101100011 1001110001 1111000010 1001011001 10001111011 10010001001 10010110010 11001001000 10100101110 23.063 43.587 1005.4 197978 16 -126 11 59 51 4 $GNGGA,124001.00,,,,,0,00,99.9,,,,,,*47
74 12 40 02 Nan Nan Nan 1101011101 1011000111 11011110100 1110111011 10001011100 10010010111 10011101010 10101010111 100100111 1101100011 1001110011 1111000011 1001011000 10001111110 10010001010 10010110001 11001000100 10100110110 23.063 43.427 1005.4 198976 18 -126 10 59 51 4 $GNGGA,124002.00,,,,,0,00,99.9,,,,,,*44
74 12 40 03 Nan Nan Nan 1101011101 1011000111 11011110100 1111000010 10001011111 10010010011 10011101011 10101010111 100101000 1101100011 1001101111 1110111111 1001011010 10001111110 10010000101 10010110010 11001000110 10100101100 23.063 43.328 1005.4 199975 17 -126 12 59 51 3 $GNGGA,124003.00,,,,,0,00,99.9,,,,,,*45
75 12 40 04 Nan Nan Nan 1101011101 1011000101 11011110011 1111000001 10001011101 10010010011 10011100101 10101010000 100011111 1101100011 1001101110 1111000001 1001011111 10001111111 10010000100 10010101111 11001001010 10100110011 23.063 43.252 1005.4 200975 17 -126 11 60 51 3 $GNGGA,124004.00,,,,,0,00,99.9,,,,,,*42
75 12 40 05 Nan Nan Nan 1101011101 1011000101 11011110001 1111000110 10001100001 10010010011 10011100110 10101011111 100101110 1101100011 1001110001 1111000010 1001011000 10001111110 10010000101 10010110000 11001000110 10100111001 23.063 43.221 1005.4 201973 18 -126 11 58 51 3 $GNGGA,124005.00,,,,,0,00,99.9,,,,,,*43
76 12 40 06 Nan Nan Nan 1101011101 1011000100 11011110001 1111000000 10001011110 10010011001 10011101011 10101010110 100100110 1101100011 1001110101 1111000011 1001011001 10001111101 10010001000 10010110100 11001001011 10100111000 23.063 43.236 1005.4 203131 16 -125 12 59 50 4 $GNGGA,124006.00,,,,,0,00,99.9,,,,,,*40
76 12 40 07 Nan Nan Nan 1101011101 1011000100 11011110001 1110111011 10001011010 10010010101 10011101001 10101011101 100101001 1101100011 1001110000 1111000001 1001011010 10001111110 10010000101 10010101111 11001001100 10100110101 23.063 43.206 1005.4 203972 17 -125 11 60 50 4 $GNGGA,124007.00,,,,,0,00,99.9,,,,,,*41
76 12 40 08 Nan Nan Nan 1101011100 1011001001 11011110111 1110111100 10001011001 10010010000 10011100011 10101011101 100101101 1101100011 1001110110 1111000110 1001011110 10001111101 10010000111 10010110000 11001000011 10100110001 23.063 43.160 1005.4 204971 17 -125 12 59 51 3 $GNGGA,124008.00,,,,,0,00,99.9,,,,,,*4E
77 12 40 09 Nan Nan Nan 1101011101 1011000110 11011110000 1110111101 10001011011 10010010110 10011101101 10101011010 100101100 1101100011 1001110001 1111000011 1001011010 10001111101 10010000111 10010101100 11001000000 10100101101 23.063 43.122 1005.4 205970 18 -125 10 60 50 4 $GNGGA,124009.00,,,,,0,00,99.9,,,,,,*4F
77 12 40 10 Nan Nan Nan 1101011101 1011000011 11011101111 1111000001 10001011011 10010010101 10011110000 10101010110 100100101 1101100011 1001101100 1110111111 1001010110 10001111110 10010000001 10010101100 11001001111 10100110010 23.063 43.107 1005.4 206968 17 -126 12 58 51 3 $GNGGA,124010.00,,,,,0,00,99.9,,,,,,*47
77 12 40 11 Nan Nan Nan 1101011101 1011000110 11011101111 1110111101 10001011011 10010011000 10011101100 10101001100 100100000 1101100011 1001110100 1111000010 1001011010 10001111101 10010001100 10010101111 11001001000 10100101111 23.063 43.152 1005.4 207967 17 -126 11 59 52 3 $GNGGA,124011.00,,,,,0,00,99.9,,,,,,*46
78 12 40 12 Nan Nan Nan 1101011101 1011000100 11011101110 1110111101 10001011100 10010001111 10011100110 10101010101 100100000 1101100011 1001101101 1111000001 1001011100 10001111100 10010000111 10010101111 11001001100 10100110110 23.063 43.236 1005.4 209125 17 -126 11 60 51 3 $GNGGA,124012.00,,,,,0,00,99.9,,,,,,*45
78 12 40 13 Nan Nan Nan 1101011101 1011001000 11011110110 1110111110 10001011110 10010010111 10011110000 10101010101 100100100 1101100011 1001101110 1111000000 1001011101 10001111110 10010001011 10010110011 11001001001 10100110100 23.063 43.351 1005.4 209966 16 -126 11 59 51 4 $GNGGA,124013.00,,,,,0,00,99.9,,,,,,*44
78 12 40 14 Nan Nan Nan 1101011101 1011001010 11011110011 1110111111 10001011101 10010010111 10011101110 10101011000 100100011 1101100100 1001110001 1111000010 1001010011 10001111101 10010000011 10010101101 11001010001 10100110111 23.063 43.534 1005.4 210964 17 -125 11 60 50 4 $GNGGA,124014.00,,,,,0,00,99.9,,,,,,*43
78 12 40 15 Nan Nan Nan 1101011101 1011000111 11011110010 1111000101 10001011110 10010010010 10011101001 10101011001 100100111 1101100011 1001110010 1111000001 1001011011 10001111111 10010000101 10010101100 11001001100 10100101101 23.063 43.610 1005.4 211963 17 -126 12 59 51 3 $GNGGA,124015.00,,,,,0,00,99.9,,,,,,*42
79 12 40 16 Nan Nan Nan 1101011101 1011000100 11011110000 1110111111 10001011010 10010010011 10011101011 10101010101 100100101 1101100011 1001110010 1111000010 1001011001 10001111110 10010000100 10010110001 11001000111 10100101111 23.063 44.243 1005.4 212963 16 -125 11 59 51 4 $GNGGA,124016.00,,,,,0,00,99.9,,,,,,*41
79 12 40 17 Nan Nan Nan 1101011101 1011000110 11011110100 1111000010 10001011010 10010011001 10011101101 10101011010 100110010 1101100011 1001110000 1111000100 1001010100 10001111011 10010001000 10010101110 11001001101 10100111010 23.063 44.228 1005.4 213961 18 -126 10 58 51 4 $GNGGA,124017.00,,,,,0,00,99.9,,,,,,*40
80 12 40 18 Nan Nan Nan 1101011101 1011001010 11011111000 1111000000 10001011111 10010010100 10011100110 10101010100 100101100 1101100011 1001110011 1111000100 1001011110 10001111110 10010000100 10010101000 11001010000 10100111101 23.125 43.969 1005.4 215120 17 -126 12 58 51 3 $GNGGA,124018.00,,,,,0,00,99.9,,,,,,*4F
80 12 40 19 Nan Nan Nan 1101011101 1011000011 11011110001 1111000001 10001011110 10010010011 10011101101 10101010111 100110000 1101100011 1001110011 1111000110 1001010110 10001111111 10010001000 10010101100 11001001000 10100110111 23.063 43.892 1005.4 215960 17 -125 11 60 50 4 $GNGGA,124019.00,,,,,0,00,99.9,,,,,,*4E
80 12 40 20 Nan Nan Nan 1101011101 1011000100 11011110000 1110111000 10001011010 10010010111 10011101011 10101011100 100101010 1101100011 1001110000 1111000100 1001011010 10001111111 10010000101 10010100111 11001000100 10100101000 23.063 43.755 1005.4 216958 17 -126 12 59 51 3 $GNGGA,124020.00,,,,,0,00,99.9,,,,,,*44
81 12 40 21 Nan Nan Nan 1101011101 1011000100 11011110000 1111000011 10001100000 10010010011 10011101000 10101010110 100100101 1101100011 1001101110 1111000001 1001011001 10001111101 10010000110 10010101111 11001000111 10100110001 23.125 43.534 1005.4 217958 16 -125 11 60 50 4 $GNGGA,124021.00,,,,,0,00,99.9,,,,,,*45
81 12 40 22 Nan Nan Nan 1101011101 1011001001 11011111001 1110111111 10001100001 10010001110 10011100011 10101010101 100101100 1101100011 1001110001 1111000011 1001011110 10001111111 10010000000 10010101000 11001000101 10100101100 23.125 43.358 1005.4 218955 18 -126 10 58 51 4 $GNGGA,124022.00,,,,,0,00,99.9,,,,,,*46
82 12 40 23 Nan Nan Nan 1101011101 1011000111 11011110011 1110111110 10001011110 10010010010 10011101001 10101010110 100101000 1101100011 1001110011 1111000011 1001011101 10001111110 10010000101 10010101001 11001001100 10100110000 23.063 43.183 1005.4 219956 16 -126 11 59 52 3 $GNGGA,124023.00,,,,,0,00,99.9,,,,,,*47
83 12 40 24 Nan Nan Nan 1101011101 1011000100 11011110001 1111000000 10001011100 10010001001 10011100101 10101010000 100101001 1101100011 1001110001 1111000101 1001011110 10001111111 10010000111 10010101101 11001001101 10101000000 23.125 43.076 1005.4 221115 16 -125 11 60 50 4 $GNGGA,124024.00,,,,,0,00,99.9,,,,,,*40
83 12 40 25 Nan Nan Nan 1101011101 1011001001 11011110101 1111000010 10001011110 10010010011 10011100111 10101010100 100101100 1101100011 1001101110 1111000011 1001011110 10001111111 10010000101 10010101100 11001001000 10100110101 23.125 43.038 1005.4 221954 17 -126 12 58 51 3 $GNGGA,124025.00,,,,,0,00,99.9,,,,,,*41
84 12 40 26 Nan Nan Nan 1101011101 1011000111 11011110011 1111000111 10001100001 10010010000 10011100101 10101010011 100100100 1101100011 1001110000 1111000001 1001011101 10001111101 10010000011 10010100110 11001000011 10100101010 23.125 43.007 1005.4 222953 18 -125 10 60 50 4 $GNGGA,124026.00,,,,,0,00,99.9,,,,,,*42
84 12 40 27 Nan Nan Nan 1101011101 1011000011 11011110000 1111000100 10001011101 10010010000 10011100100 10101001011 100100011 1101100011 1001110011 1111000101 1001010110 10001111100 10010000011 10010101011 11001001011 10100111100 23.125 43.175 1005.4 223951 17 -126 12 58 51 3 $GNGGA,124027.00,,,,,0,00,99.9,,,,,,*43
85 12 40 28 Nan Nan Nan 1101011101 1011000101 11011110000 1111000100 10001011101 10010010100 10011100100 10101001100 100100001 1101100011 1001110100 1111000100 1001010100 10001111101 10010000010 10010101000 11001001010 10100111001 23.125 43.099 1005.4 224951 17 -126 11 59 52 3 $GNGGA,124028.00,,,,,0,00,99.9,,,,,,*4C
85 12 40 29 Nan Nan Nan 1101011101 1011000110 11011110011 1110111110 10001011010 10010010100 10011101010 10101001010 100100011 1101100011 1001110010 1110111111 1001011110 10001111101 10010000110 10010101111 11001000100 10100110011 23.125 43.076 1005.4 225948 18 -126 10 59 51 4 $GNGGA,124029.00,,,,,0,00,99.9,,,,,,*4D
86 12 40 30 Nan Nan Nan 1101011101 1011000011 11011110001 1110111100 10001011101 10010010010 10011101000 10101001110 100100101 1101100011 1001110001 1111000001 1001011011 10001111101 10010001000 10010101110 11001000001 10100110011 23.125 43.068 1005.4 227110 16 -125 12 59 50 4 $GNGGA,124030.00,,,,,0,00,99.9,,,,,,*45
86 12 40 31 Nan Nan Nan 1101011101 1011000110 11011110001 1110111101 10001011110 10010010001 10011101000 10101010000 100101000 1101100011 1001110000 1111000011 1001010101 10001111101 10010000100 10010101011 11001001000 10100110011 23.125 43.007 1005.4 227947 18 -126 10 59 51 4 $GNGGA,124031.00,,,,,0,00,99.9,,,,,,*44
86 12 40 32 Nan Nan Nan 1101011101 1011000010 11011101101 1111000010 10001011100 10010001101 10011100011 10101010010 100011101 1101100011 1001101111 1111000000 1001010101 10001111110 10010000111 10010101110 11001000011 10100111000 23.125 42.977 1005.4 228945 17 -126 11 58 51 4 $GNGGA,124032.00,,,,,0,00,99.9,,,,,,*47
87 12 40 33 Nan Nan Nan 1101011101 1011000110 11011110100 1111000101 10001100001 10010010011 10011100111 10101001010 100100000 1101100100 1001110101 1111000001 1001010111 10001111100 10010000110 10010101101 11000111101 10100101100 23.125 42.992 1005.4 229946 16 -125 11 60 51 3 $GNGGA,124033.00,,,,,0,00,99.9,,,,,,*46
87 12 40 34 Nan Nan Nan 1101011101 1011001001 11011110100 1111000100 10001011111 10010010100 10011101010 10101001011 100100101 1101100011 1001110010 1111000010 1001011000 10001111110 10010000011 10010101000 11001000010 10100101111 23.125 43.007 1005.4 230944 18 -126 10 58 51 4 $GNGGA,124034.00,,,,,0,00,99.9,,,,,,*41
88 12 40 35 Nan Nan Nan 1101011101 1011000111 11011110000 1110111110 10001011100 10010010010 10011100100 10101001001 100011011 1101100011 1001110001 1111000011 1001011111 10010000000 10010000111 10010101001 11001000010 10100101010 23.125 42.954 1005.4 231944 17 -126 11 59 52 3 $GNGGA,124035.00,,,,,0,00,99.9,,,,,,*40
89 12 40 36 Nan Nan Nan 1101011101 1011001011 11011110100 1110111111 10001011100 10010010100 10011100110 10101000110 100010111 1101100100 1001110011 1111000101 1001011010 10001111101 10010000000 10010101000 11001000101 10100101010 23.125 43.099 1005.4 233101 17 -126 10 58 52 4 $GNGGA,124036.00,,,,,0,00,99.9,,,,,,*43
89 12 40 37 Nan Nan Nan 1101011101 1011001010 11011110010 1111000010 10001011101 10010010010 10011101001 10101001001 100011111 1101100011 1001110000 1111000010 1001010101 10001111100 10010000010 10010100101 11001001010 10100110100 23.125 43.091 1005.4 233942 17 -125 12 58 51 3 $GNGGA,124037.00,,,,,0,00,99.9,,,,,,*42
90 12 40 38 Nan Nan Nan 1101011101 1011000110 11011110010 1111000010 10001100000 10010001011 10011100001 10101001010 100011100 1101100011 1001110101 1111000100 1001010101 10001111101 10010000010 10010101011 11001000110 10100101101 23.125 43.107 1005.4 234941 17 -125 11 60 50 4 $GNGGA,124038.00,,,,,0,00,99.9,,,,,,*4D
90 12 40 39 Nan Nan Nan 1101011101 1011001001 11011111000 1110111100 10001011100 10010010000 10011101001 10101001101 100101001 1101100011 1001110100 1111000011 1001011100 10001111010 10010000010 10010101010 11001000101 10100110001 23.125 43.084 1005.4 235939 17 -126 11 58 51 4 $GNGGA,124039.00,,,,,0,00,99.9,,,,,,*4C
90 12 40 40 Nan Nan Nan 1101011101 1011001000 11011110101 1110111000 10001011100 10010010101 10011101010 10101010001 100101011 1101100011 1001110001 1111000001 1001011111 10001111100 10010001100 10010110001 11001001000 10100110101 23.125 43.068 1005.4 236938 17 -126 10 58 52 4 $GNGGA,124040.00,,,,,0,00,99.9,,,,,,*42
91 12 40 41 Nan Nan Nan 1101011101 1011000101 11011110000 1110111110 10001011110 10010001101 10011100011 10101001011 100101101 1101100011 1001110010 1111000101 1001011010 10001111101 10010001010 10010110000 11000110111 10100101101 23.125 43.084 1005.4 237937 18 -126 10 59 51 4 $GNGGA,124041.00,,,,,0,00,99.9,,,,,,*43
92 12 40 42 Nan Nan Nan 1101011101 1011001010 11011110111 1110111011 10001011110 10010010011 10011100101 10101001000 100101001 1101100011 1001110011 1111000100 1001011101 10001111110 10010000001 10010101010 11000111011 10100101001 23.125 43.015 1005.4 239096 17 -126 12 58 51 3 $GNGGA,124042.00,,,,,0,00,99.9,,,,,,*40
92 12 40 43 Nan Nan Nan 1101011101 1011000110 11011110011 1110111010 10001011001 10010010011 10011101001 10101001110 100101011 1101100011 1001110100 1111000110 1001011110 10010000000 10010000100 10010101001 11001000010 10100110010 23.063 43.007 1005.4 239936 17 -126 11 60 51 3 $GNGGA,124043.00,,,,,0,00,99.9,,,,,,*41
92 12 40 44 Nan Nan Nan 1101011101 1011000111 11011110010 1111000000 10001100001 10010001011 10011100010 10101001110 100101001 1101100011 1001110001 1111000010 1001011001 10001111110 10010000100 10010101011 11001000011 10100110011 23.125 43.023 1005.4 240935 16 -125 12 59 50 4 $GNGGA,124044.00,,,,,0,00,99.9,,,,,,*46
92 12 40 45 Nan Nan Nan 1101011101 1011000110 11011110000 1110111100 10001011011 10010001111 10011100111 10101000001 100100001 1101100011 1001110101 1111000000 1001011010 10001111100 10010000100 10010101000 11001000101 10100110100 23.125 43.015 1005.4 241934 17 -126 11 59 52 3 $GNGGA,124045.00,,,,,0,00,99.9,,,,,,*47
92 12 40 46 Nan Nan Nan 1101011100 1011001000 11011110101 1111000001 10001011100 10010001001 10011100011 10101001011 100101001 1101100100 1001110100 1111000100 1001011111 10001111101 10010000010 10010101000 11001000000 10100110010 23.125 42.992 1005.4 242933 18 -126 10 59 50 4 $GNGGA,124046.00,,,,,0,00,99.9,,,,,,*44
92 12 40 47 Nan Nan Nan 1101011101 1011001001 11011110010 1110111110 10001011110 10010010101 10011101010 10101001110 100101100 1101100011 1001101110 1111000010 1001011110 10001111101 10010000010 10010100110 11001001000 10100110001 23.125 42.946 1005.4 243932 17 -126 11 58 52 3 $GNGGA,124047.00,,,,,0,00,99.9,,,,,,*45
93 12 40 48 Nan Nan Nan 1101011101 1011001011 11011110101 1111000010 10001100010 10010010001 10011101000 10101001010 100101100 1101100011 1001110100 1111000101 1001011001 10001111101 10010000000 10010101000 11001001011 10100110000 23.125 42.962 1005.4 245091 16 -125 11 59 51 4 $GNGGA,124048.00,,,,,0,00,99.9,,,,,,*4A
93 12 40 49 Nan Nan Nan 1101011101 1011000101 11011110010 1111000001 10001011101 10010001100 10011100001 10101010010 100110110 1101100011 1001110011 1111000001 1001100010 10010000000 10001111101 10010101000 11001000011 10100101101 23.125 42.962 1005.4 245929 17 -126 11 58 51 4 $GNGGA,124049.00,,,,,0,00,99.9,,,,,,*4B
94 12 40 50 Nan Nan Nan 1101011101 1011000111 11011110001 1111000100 10001011111 10010001100 10011100000 10101001001 100101111 1101100011 1001110000 1111000000 1001100101 10010000000 10010000001 10010100110 11001001010 10100101100 23.125 42.969 1005.4 246929 16 -125 11 60 50 4 $GNGGA,124050.00,,,,,0,00,99.9,,,,,,*43
94 12 40 51 Nan Nan Nan 1101011101 1011001000 11011110011 1111000101 10001100000 10010010000 10011100010 10101001110 100101111 1101100011 1001110101 1111000100 1001011111 10001111110 10010000111 10010100111 11001001011 10100110001 23.125 43.015 1005.4 247927 17 -126 12 59 51 3 $GNGGA,124051.00,,,,,0,00,99.9,,,,,,*42
95 12 40 52 Nan Nan Nan 1101011101 1011001010 11011111001 1111001000 10001011110 10010010010 10011100011 10101010011 100110100 1101100011 1001110000 1111000001 1001011110 10001111100 10010000001 10010100110 11001001000 10100101101 23.125 42.969 1005.4 248927 17 -126 11 59 52 3 $GNGGA,124052.00,,,,,0,00,99.9,,,,,,*41
95 12 40 53 Nan Nan Nan 1101011101 1011000100 11011101111 1111000011 10001011100 10010001111 10011100000 10101010001 100101011 1101100011 1001110011 1111000000 1001100100 10001111110 10001111110 10010100111 11001001010 10100110001 23.125 43.007 1005.4 249926 17 -125 11 60 51 3 $GNGGA,124053.00,,,,,0,00,99.9,,,,,,*40
96 12 40 54 Nan Nan Nan 1101011101 1011000111 11011110100 1111000100 10001100100 10010000100 10011011001 10101010010 100101101 1101100011 1001110010 1111000100 1001011111 10001111101 10010000001 10010100111 11001000001 10100101011 23.125 43.023 1005.4 251084 18 -126 10 58 51 4 $GNGGA,124054.00,,,,,0,00,99.9,,,,,,*47
96 12 40 55 Nan Nan Nan 1101011101 1011000101 11011110001 1111001010 10001011111 10010010001 10011101000 10101010110 100110010 1101100011 1001110100 1111000101 1001100011 10001111101 10001111111 10010101000 11001000100 10100101101 23.063 42.985 1005.4 251924 18 -126 11 60 51 3 $GNGGA,124055.00,,,,,0,00,99.9,,,,,,*46
96 12 40 56 Nan Nan Nan 1101011101 1011000110 11011101111 1111000100 10001011101 10010001100 10011100001 10101010010 100101111 1101100011 1001110100 1111000100 1001100001 10001111100 10001111010 10010100001 11001001000 10100110001 23.125 42.939 1005.4 252922 17 -126 11 58 51 4 $GNGGA,124056.00,,,,,0,00,99.9,,,,,,*45
97 12 40 57 Nan Nan Nan 1101011101 1011000111 11011110010 1111001000 10001011111 10010010010 10011100110 10101010011 100110001 1101100011 1001110100 1111000100 1001011111 10001111110 10001111111 10010100011 11001000101 10100110001 23.125 42.939 1005.4 253922 17 -126 11 59 52 3 $GNGGA,124057.00,,,,,0,00,99.9,,,,,,*44
97 12 40 58 Nan Nan Nan 1101011101 1011001010 11011110101 1111000001 10001011110 10010001001 10011100000 10101010010 100110010 1101100011 1001110011 1111000100 1001100111 10010000000 10001111011 10010100011 11000111001 10100101011 23.063 42.946 1005.4 254920 17 -126 11 60 51 3 $GNGGA,124058.00,,,,,0,00,99.9,,,,,,*4B
98 12 40 59 Nan Nan Nan 1101011101 1011001001 11011110110 1111001001 10001011110 10010001111 10011100100 10101001011 100101010 1101100011 1001110000 1111000011 1001011110 10001111110 10010000110 10010100111 11000110100 10100100011 23.063 42.985 1005.4 255921 17 -126 11 59 52 3 $GNGGA,124059.00,,,,,0,00,99.9,,,,,,*4A
99 12 41 00 Nan Nan Nan 1101011101 1011000111 11011110010 1111000100 10001011010 10010001111 10011100011 10101000101 100110010 1101100011 1001110111 1111000011 1001011101 10001111101 10001111011 10010100100 11001000001 10100101010 23.063 43.000 1005.4 257077 17 -126 11 59 52 3 $GNGGA,124100.00,,,,,0,00,99.9,,,,,,*47
99 12 41 01 Nan Nan Nan 1101011101 1011000111 11011110010 1111000010 10001011110 10010001101 10011100000 10101001101 100110011 1101100011 1001110010 1111000011 1001011111 10001111101 10010000100 10010101010 11000110111 10100100110 23.063 42.969 1005.4 257917 17 -126 11 58 51 4 $GNGGA,124101.00,,,,,0,00,99.9,,,,,,*46
99 12 41 02 Nan Nan Nan 1101011101 1011001001 11011110101 1111000101 10001011101 10010001101 10011100010 10101001001 100101110 1101100011 1001101111 1110111110 1001011110 10001111111 10010000010 10010100111 11000111111 10100100110 23.125 42.946 1005.4 258916 17 -126 10 59 51 4 $GNGGA,124102.00,,,,,0,00,99.9,,,,,,*45
100 12 41 03 Nan Nan Nan 1101011101 1011001001 11011110101 1111000010 10001011110 10010001101 10011100100 10101001010 100100111 1101100011 1001110000 1111000010 1001011101 10001111110 10010000001 10010100101 11000111011 10100101010 23.063 42.931 1005.4 259916 17 -125 11 59 50 4 $GNGGA,124103.00,,,,,0,00,99.9,,,,,,*44
100 12 41 04 Nan Nan Nan 1101011101 1011001000 11011110100 1111000101 10001011111 10010010001 10011100011 10101000011 100101000 1101100011 1001110110 1111000011 1001011001 10001111101 10001111010 10010100101 11001000010 10100110001 23.125 42.931 1005.4 260915 17 -126 11 58 52 3 $GNGGA,124104.00,,,,,0,00,99.9,,,,,,*43
100 12 41 05 Nan Nan Nan 1101011101 1011001001 11011110011 1111000011 10001011100 10010001110 10011100010 10101001011 100101100 1101100011 1001110100 1111000011 1001011001 10001111101 10001111101 10010100100 11000111100 10100100111 23.063 42.962 1005.4 261914 18 -126 11 60 51 3 $GNGGA,124105.00,,,,,0,00,99.9,,,,,,*42
101 12 41 06 Nan Nan Nan 1101011101 1011001000 11011110000 1111000100 10001011111 10010001000 10011011011 10101001101 100100010 1101100011 1001110001 1111000001 1001100001 10001111111 10001110011 10010011101 11001000101 10100110011 23.063 43.007 1005.4 263071 17 -125 11 59 50 4 $GNGGA,124106.00,,,,,0,00,99.9,,,,,,*41
101 12 41 07 Nan Nan Nan 1101011101 1011000110 11011110001 1110110111 10001010111 10010001000 10011100000 10101001010 100101101 1101100011 1001110101 1111000001 1001010101 10001111101 10001111110 10010100111 11000111101 10100101001 23.063 43.015 1005.4 263912 18 -126 11 60 51 3 $GNGGA,124107.00,,,,,0,00,99.9,,,,,,*40
101 12 41 08 Nan Nan Nan 1101011101 1011000111 11011110000 1111000011 10001011111 10010001101 10011100101 10101001011 100101000 1101100011 1001110011 1111000001 1001011010 10001111110 10001111111 10010100110 11001000000 10100101110 23.125 43.023 1005.4 264910 17 -126 11 58 51 4 $GNGGA,124108.00,,,,,0,00,99.9,,,,,,*4F
101 12 41 09 Nan Nan Nan 1101011101 1011001011 11011110100 1111000010 10001011101 10010010000 10011011111 10101010001 100110100 1101100011 1001110011 1111000001 1001011100 10001111110 10001111111 10010100100 11000111110 10100110000 23.063 43.038 1005.4 265909 17 -126 10 58 52 4 $GNGGA,124109.00,,,,,0,00,99.9,,,,,,*4E
101 12 41 10 Nan Nan Nan 1101011101 1011001000 11011110100 1111000101 10001011110 10010001101 10011100011 10101001001 100101100 1101100011 1001110101 1111000001 1001100100 10010000000 10010000100 10010100100 11001000100 10100101101 23.063 43.053 1005.4 266909 17 -125 11 60 50 4 $GNGGA,124110.00,,,,,0,00,99.9,,,,,,*46
101 12 41 11 Nan Nan Nan 1101011101 1011001000 11011110010 1110111111 10001011111 10010001100 10011100001 10101000100 100101001 1101100011 1001110011 1111000011 1001100011 10001111111 10001111010 10010100010 11000111100 10100101001 23.063 43.038 1005.4 267908 17 -126 11 59 51 4 $GNGGA,124111.00,,,,,0,00,99.9,,,,,,*47
102 12 41 12 Nan Nan Nan 1101011101 1011001000 11011110000 1110111000 10001011010 10010001110 10011100011 10101001101 100101110 1101100011 1001110010 1111000101 1001011110 10001111110 10010000001 10010100101 11000111100 10100100110 23.063 43.038 1005.4 269065 17 -126 10 58 52 4 $GNGGA,124112.00,,,,,0,00,99.9,,,,,,*44
102 12 41 13 Nan Nan Nan 1101011101 1011000111 11011110011 1110111110 10001011101 10010001101 10011100100 10101001010 100100100 1101100011 1001110100 1111000100 1001011111 10001111011 10001111011 10010100001 11001000010 10100101010 23.063 43.023 1005.4 269906 17 -126 11 59 50 4 $GNGGA,124113.00,,,,,0,00,99.9,,,,,,*45
102 12 41 14 Nan Nan Nan 1101011101 1011001001 11011101111 1110111110 10001011100 10010010000 10011100010 10101001010 100100110 1101100011 1001110011 1111000011 1001011101 10001111010 10010000011 10010100011 11000111111 10100100111 23.063 43.191 1005.4 270905 17 -126 11 60 51 3 $GNGGA,124114.00,,,,,0,00,99.9,,,,,,*42
102 12 41 15 Nan Nan Nan 1101011101 1011001100 11011110101 1110111010 10001011011 10010001001 10011011111 10101001100 100100110 1101100011 1001110101 1111000101 1001100010 10001111110 10010000101 10010100111 11000111101 10100101110 23.063 43.534 1005.4 271904 18 -126 11 59 51 3 $GNGGA,124115.00,,,,,0,00,99.9,,,,,,*43
102 12 41 16 Nan Nan Nan 1101011101 1011001000 11011110010 1110111101 10001011100 10010001100 10011100010 10101000110 100101100 1101100100 1001110100 1111000101 1001011111 10001111101 10010000110 10010101000 11000111101 10100101001 23.063 43.839 1005.4 272903 17 -126 10 58 52 4 $GNGGA,124116.00,,,,,0,00,99.9,,,,,,*40
102 12 41 17 Nan Nan Nan 1101011101 1011000111 11011110000 1110111111 10001011100 10010001011 10011100011 10101000110 100101011 1101100011 1001110101 1111000001 1001100010 10001111110 10010000000 10010100101 11001000000 10100101100 23.000 44.007 1005.4 273902 18 -126 11 60 51 3 $GNGGA,124117.00,,,,,0,00,99.9,,,,,,*41
103 12 41 18 Nan Nan Nan 1101011101 1011001001 11011110011 1111000001 10001100000 10010001011 10011100000 10101001011 100101111 1101100011 1001110011 1111000010 1001011000 10001111100 10001111100 10010100001 11000111011 10100110000 23.063 44.060 1005.4 275059 18 -126 11 60 51 3 $GNGGA,124118.00,,,,,0,00,99.9,,,,,,*4E
103 12 41 19 Nan Nan Nan 1101011101 1011000110 11011110010 1111000111 10001011100 10010001111 10011100101 10101001001 100101111 1101100100 1001110100 1111000001 1001011111 10001111101 10001111010 10010011111 11001000011 10100101010 23.063 44.022 1005.4 275900 18 -126 11 60 51 3 $GNGGA,124119.00,,,,,0,00,99.9,,,,,,*4F
103 12 41 20 Nan Nan Nan 1101011101 1011001011 11011110110 1111000101 10001011101 10010001011 10011011000 10101001000 100101000 1101100100 1001110100 1111000001 1001100010 10001111101 10001111111 10010100011 11001000000 10100101101 23.063 44.030 1005.4 276898 17 -126 12 59 51 3 $GNGGA,124120.00,,,,,0,00,99.9,,,,,,*45
104 12 41 21 Nan Nan Nan 1101011101 1011001011 11011110100 1111000100 10001011111 10010001100 10011100011 10101001111 100110010 1101100011 1001110101 1111000001 1001100011 10001111111 10010000000 10010101000 11001000000 10100101111 23.063 44.213 1005.4 277898 17 -126 11 59 52 3 $GNGGA,124121.00,,,,,0,00,99.9,,,,,,*44
104 12 41 22 Nan Nan Nan 1101011101 1011001000 11011110011 1111000010 10001011110 10010001101 10011100010 10101001110 100101111 1101100011 1001111000 1111000011 1001100100 10001111111 10010000010 10010101010 11001000101 10100101011 23.063 44.350 1005.4 278897 18 -126 11 60 51 3 $GNGGA,124122.00,,,,,0,00,99.9,,,,,,*47
104 12 41 23 Nan Nan Nan 1101011101 1011000110 11011110000 1111000010 10001011101 10010001000 10011011101 10101001011 100110010 1101100011 1001110011 1110111111 1001100011 10001111110 10001110111 10010011011 11001001010 10100110111 23.063 44.564 1005.4 279896 17 -126 10 58 51 5 $GNGGA,124123.00,,,,,0,00,99.9,,,,,,*46
105 12 41 24 Nan Nan Nan 1101011101 1011001001 11011110001 1111000011 10001011101 10010001100 10011100001 10101001110 100101111 1101100011 1001110110 1111000111 1001101000 10001111111 10001111010 10010011110 11000111110 10100100011 23.063 44.045 1005.4 281053 17 -126 11 59 52 3 $GNGGA,124124.00,,,,,0,00,99.9,,,,,,*41
105 12 41 25 Nan Nan Nan 1101011101 1011001000 11011110000 1111000100 10001011101 10010000100 10011011010 10101010010 100110010 1101100011 1001110011 1111000011 1001100110 10001111101 10001111011 10010100100 11000111101 10100100101 23.063 43.999 1005.4 281893 17 -126 11 58 51 4 $GNGGA,124125.00,,,,,0,00,99.9,,,,,,*40
106 12 41 26 Nan Nan Nan 1101011101 1011000111 11011110001 1111000110 10001100000 10010001001 10011011101 10101001001 100101110 1101100011 1001110100 1111000100 1001101000 10010000010 10001111011 10010100001 11000111110 10100101010 23.063 43.862 1005.4 282893 16 -125 11 59 52 3 $GNGGA,124126.00,,,,,0,00,99.9,,,,,,*43
106 12 41 27 Nan Nan Nan 1101011101 1011000110 11011101111 1111000000 10001011110 10010001011 10011011110 10101001000 100101100 1101100011 1001110011 1111000101 1001100001 10001111110 10010000010 10010101000 11000111001 10100101000 23.063 44.022 1005.4 283892 17 -125 11 59 50 4 $GNGGA,124127.00,,,,,0,00,99.9,,,,,,*42
106 12 41 28 Nan Nan Nan 1101011101 1011001000 11011110100 1110111111 10001011100 10010001101 10011011111 10101000010 100101001 1101100011 1001110000 1110111111 1001011010 10001111111 10001111100 10010100010 11000110110 10100101000 23.063 44.083 1005.4 284891 17 -126 11 59 51 4 $GNGGA,124128.00,,,,,0,00,99.9,,,,,,*4D
107 12 41 29 Nan Nan Nan 1101011101 1011001010 11011110011 1111000000 10001011100 10010001100 10011011101 10101000011 100101011 1101100011 1001110011 1111000001 1001100011 10001111111 10001111111 10010101000 11001000011 10100110011 23.063 44.007 1005.4 285890 17 -125 11 60 50 4 $GNGGA,124129.00,,,,,0,00,99.9,,,,,,*4C
108 12 41 30 Nan Nan Nan 1101011101 1011001000 11011110000 1111000000 10001011100 10010001010 10011011100 10101001001 100101101 1101100011 1001110010 1111000011 1001100101 10001111111 10010000000 10010100100 11001000000 10100110001 23.063 43.908 1005.4 287049 18 -125 10 60 50 4 $GNGGA,124130.00,,,,,0,00,99.9,,,,,,*44
108 12 41 31 Nan Nan Nan 1101011101 1011001001 11011110010 1111000001 10001011101 10010001111 10011100011 10101001010 100110011 1101100011 1001110010 1111000100 1001101010 10010000000 10001111101 10010100001 11000111101 10100101000 23.125 43.801 1005.4 287887 17 -126 10 59 51 4 $GNGGA,124131.00,,,,,0,00,99.9,,,,,,*45
108 12 41 32 Nan Nan Nan 1101011101 1011001100 11011110011 1111000011 10001011101 10010000011 10011011000 10100111111 100100001 1101100011 1001110011 1111000001 1001100010 10001111101 10001111111 10010100010 11000111111 10100101110 23.063 43.618 1005.4 288887 16 -125 12 59 50 4 $GNGGA,124132.00,,,,,0,00,99.9,,,,,,*46
108 12 41 33 Nan Nan Nan 1101011101 1011000111 11011110000 1111000100 10001011101 10010001010 10011011110 10101000101 100101110 1101100011 1001110101 1111000010 1001100011 10001111110 10001111011 10010011111 11000111100 10100101010 23.063 43.549 1005.4 289886 17 -126 10 58 52 4 $GNGGA,124133.00,,,,,0,00,99.9,,,,,,*47
108 12 41 34 Nan Nan Nan 1101011101 1011001001 11011110100 1111000100 10001011111 10010000101 10011011100 10101000011 100101000 1101100011 1001110010 1111000010 1001100000 10001111101 10001111000 10010011101 11000111100 10100100110 23.063 43.572 1005.4 290885 18 -126 11 60 51 3 $GNGGA,124134.00,,,,,0,00,99.9,,,,,,*40
108 12 41 35 Nan Nan Nan 1101011101 1011001010 11011110010 1110111110 10001011001 10010000111 10011011101 10101000001 100101001 1101100011 1001110101 1111000100 1001100011 10001111101 10001111011 10010100001 11001000011 10100110001 23.063 43.557 1005.4 291884 17 -125 12 59 51 3 $GNGGA,124135.00,,,,,0,00,99.9,,,,,,*41
109 12 41 36 Nan Nan Nan 1101011101 1011001000 11011110001 1110111100 10001011011 10010001110 10011100111 10101001010 100100110 1101100011 1001110110 1111000100 1001100001 10001111111 10001111000 10010011110 11000110110 10100100101 23.063 43.473 1005.4 293043 16 -125 11 59 51 4 $GNGGA,124136.00,,,,,0,00,99.9,,,,,,*42
109 12 41 37 Nan Nan Nan 1101011101 1011001100 11011110101 1110110111 10001011011 10010010001 10011100010 10101001000 100101110 1101100011 1001110100 1111000010 1001100001 10001111111 10001111110 10010011111 11000111110 10100101001 23.063 43.458 1005.4 293881 17 -126 12 58 51 3 $GNGGA,124137.00,,,,,0,00,99.9,,,,,,*43
109 12 41 38 Nan Nan Nan 1101011101 1011001001 11011110100 1111000000 10001011100 10010001010 10011011111 10101001000 100110001 1101100011 1001110100 1111000010 1001100011 10001111110 10001111010 10010100000 11000111110 10100101001 23.063 43.747 1005.4 294880 17 -126 10 58 52 4 $GNGGA,124138.00,,,,,0,00,99.9,,,,,,*4C
110 12 41 39 Nan Nan Nan 1101011101 1011001000 11011110001 1111000110 10001100001 10010000110 10011011011 10101000011 100101101 1101100011 1001110010 1111000010 1001100001 10001111101 10001111101 10010100011 11000101110 10100011010 23.063 44.304 1005.4 295880 17 -125 11 60 50 4 $GNGGA,124139.00,,,,,0,00,99.9,,,,,,*4D
110 12 41 40 Nan Nan Nan 1101011101 1011001000 11011110000 1110111010 10001011010 10010001001 10011011110 10101001100 100110011 1101100011 1001110011 1111000011 1001100010 10001111110 10001111100 10010100001 11000111101 10100101100 23.063 44.106 1005.4 296879 16 -126 11 59 51 4 $GNGGA,124140.00,,,,,0,00,99.9,,,,,,*43
111 12 41 41 Nan Nan Nan 1101011101 1011001001 11011110010 1111000001 10001011101 10010001101 10011011111 10101001000 100101110 1101100100 1001110010 1111000001 1001100101 10010000000 10010000011 10010100011 11000111100 10100101100 23.063 43.824 1005.4 297878 17 -126 11 60 51 3 $GNGGA,124141.00,,,,,0,00,99.9,,,,,,*42
112 12 41 42 Nan Nan Nan 1101011101 1011001000 11011110000 1111001000 10001011110 10010000111 10011100110 10101001000 100110110 1101100011 1001110100 1111000011 1001100001 10001111101 10001111001 10010011100 11001000001 10100101100 23.063 44.083 1005.4 299035 17 -126 11 60 51 3 $GNGGA,124142.00,,,,,0,00,99.9,,,,,,*41
112 12 41 43 Nan Nan Nan 1101011101 1011001110 11011110101 1111000010 10001011100 10010001011 10011100010 10101001101 100101110 1101100011 1001110100 1111000011 1001100101 10001111101 10001111001 10010011110 11000110101 10100100011 23.063 44.533 1005.4 299876 17 -126 11 59 51 3 $GNGGA,124143.00,,,,,0,00,99.9,,,,,,*40
