id HH MM SS longitude latitude altitude adc_1_ch0 adc_1_ch1 adc_1_ch2 adc_1_ch3 adc_1_ch4 adc_1_ch5 adc_1_ch6 adc_1_ch7 adc_1_ch8 adc_2_ch0 adc_2_ch1 adc_2_ch2 adc_2_ch3 adc_2_ch4 adc_2_ch5 adc_2_ch6 adc_2_ch7 adc_2_ch8 temp hum pres t_prog t_gps t_split t_adc t_temp t_hum t_pres trame_gga
0 12 47 48 Nan Nan Nan 1101011101 1011010011 11011101010 1111000010 10001011100 10001011110 10010110011 10100011000 101001011 1101100011 1010000011 1111000110 1001111111 10010000000 10001010100 10001101010 10111111101 10011111101 23.188 42.969 795.83 1790 17 -126 11 58 51 4 $GNGGA,124748.00,,,,,0,00,99.9,,,,,,*4D
0 12 47 49 Nan Nan Nan 1101011101 1011001100 11011100110 1110111111 10001011000 10001011101 10010110010 10100011110 101010011 1101100100 1010000011 1111000101 1010000011 10010000000 10001010010 10001101001 11000000000 10100000001 23.188 42.931 1005.4 2630 17 -125 11 60 51 3 $GNGGA,124749.00,,,,,0,00,99.9,,,,,,*4C
0 12 47 50 Nan Nan Nan 1101011101 1011001011 11011100011 1110111110 10001011010 10001011100 10010110110 10100011010 101001110 1101100100 1010000000 1111000011 1010001010 10010000011 10001010011 10001101110 11000000011 10100001100 23.188 42.862 1005.4 3630 16 -125 11 59 50 5 $GNGGA,124750.00,,,,,0,00,99.9,,,,,,*44
0 12 47 51 Nan Nan Nan 1101011101 1011001111 11011101001 1111000110 10001011110 10001011101 10010110011 10100010111 101001001 1101100011 1010000010 1111000101 1010000011 10001111111 10001010000 10001101001 10111111110 10011111101 23.188 42.969 1005.4 4628 18 -126 11 60 51 3 $GNGGA,124751.00,,,,,0,00,99.9,,,,,,*45
0 12 47 52 Nan Nan Nan 1101011101 1011001100 11011100111 1111000101 10001011110 10001011011 10010101111 10100010101 101001011 1101100100 1010000100 1111000110 1010000101 10010000010 10001001110 10001101101 11000000100 10100000110 23.188 43.160 1005.4 5626 17 -126 12 59 51 3 $GNGGA,124752.00,,,,,0,00,99.9,,,,,,*46
1 12 47 53 Nan Nan Nan 1101011101 1011010001 11011101010 1111000101 10001011100 10001011100 10010110110 10100100011 101011001 1101100100 1010000001 1111000100 1010000110 10010000010 10001001110 10001101001 11000000100 10100000100 23.188 43.068 1005.4 6627 17 -125 10 59 51 4 $GNGGA,124753.00,,,,,0,00,99.9,,,,,,*47
2 12 47 54 Nan Nan Nan 1101011101 1011010000 11011100110 1110111101 10001011101 10001011111 10010110111 10100011010 101010101 1101100011 1010000011 1111000011 1010000010 10010000001 10001010000 10001101001 10111110111 10011111010 23.188 43.114 1005.4 7785 17 -125 11 60 51 3 $GNGGA,124754.00,,,,,0,00,99.9,,,,,,*40
2 12 47 55 Nan Nan Nan 1101011101 1011001110 11011100110 1111000101 10001011110 10001011100 10010110010 10100011001 101001111 1101100100 1001111111 1111000011 1010000001 10010000000 10001010011 10001101011 11000000010 10100000000 23.188 43.274 1005.4 8624 17 -126 10 58 51 5 $GNGGA,124755.00,,,,,0,00,99.9,,,,,,*41
3 12 47 56 Nan Nan Nan 1101011101 1011001110 11011100110 1111000000 10001011100 10001011101 10010110101 10100011011 101001110 1101100100 1001111110 1111000010 1010000000 10001111111 10001001110 10001101010 10111111101 10011111101 23.188 43.244 1005.4 9622 18 -126 10 59 51 4 $GNGGA,124756.00,,,,,0,00,99.9,,,,,,*42
3 12 47 57 Nan Nan Nan 1101011101 1011001110 11011101000 1110110011 10001010111 10001010101 10010101100 10100011100 101001100 1101100100 1001111111 1111000010 1001111111 10010000001 10001010001 10001101101 10111111110 10011111011 23.188 43.412 1005.4 10622 16 -125 12 59 50 4 $GNGGA,124757.00,,,,,0,00,99.9,,,,,,*43
3 12 47 58 Nan Nan Nan 1101011101 1011010010 11011101010 1110111011 10001011001 10001011001 10010101101 10100011011 101010000 1101100011 1001111110 1111000100 1010000010 10010000001 10001010000 10001101000 10111111011 10011111101 23.188 43.648 1005.4 11621 17 -126 10 59 51 4 $GNGGA,124758.00,,,,,0,00,99.9,,,,,,*4C
3 12 47 59 Nan Nan Nan 1101011101 1011001110 11011100101 1111000001 10001011110 10001011111 10010110110 10100100000 101000111 1101100100 1001111101 1111000001 1010000110 10010000001 10001010010 10001101000 10111111001 10011111101 23.188 43.580 1005.4 12620 17 -125 11 59 50 4 $GNGGA,124759.00,,,,,0,00,99.9,,,,,,*4D
4 12 48 00 Nan Nan Nan 1101011101 1011001111 11011101000 1111000100 10001011011 10001011101 10010110000 10100011100 101010000 1101100011 1001111111 1111000001 1010000001 10010000000 10001001001 10001100100 10111111001 10011111011 23.188 43.259 1005.4 13777 17 -126 11 58 51 4 $GNGGA,124800.00,,,,,0,00,99.9,,,,,,*4E
4 12 48 01 Nan Nan Nan 1101011101 1011010011 11011101101 1111000000 10001011101 10001010111 10010110010 10100011101 101010000 1101100100 1010000001 1111000100 1001111100 10001111111 10001001010 10001100100 11000000000 10011111010 23.188 43.137 1005.4 14618 18 -126 10 59 51 4 $GNGGA,124801.00,,,,,0,00,99.9,,,,,,*4F
4 12 48 02 Nan Nan Nan 1101011101 1011010010 11011101100 1111000000 10001011100 10001010110 10010101110 10100011110 101010000 1101100100 1010000101 1111000110 1001111111 10001111111 10001001100 10001100101 11000000000 10011111100 23.188 43.061 1005.4 15618 16 -124 12 59 50 4 $GNGGA,124802.00,,,,,0,00,99.9,,,,,,*4C
4 12 48 03 Nan Nan Nan 1101011101 1011001111 11011100111 1111000010 10001011011 10001011111 10010110100 10100010111 101001010 1101100011 1010000010 1111000100 1010000101 10010000010 10001001110 10001100101 10111111101 10011111010 23.188 43.213 1005.4 16616 17 -125 11 60 50 4 $GNGGA,124803.00,,,,,0,00,99.9,,,,,,*4D
4 12 48 04 Nan Nan Nan 1101011101 1011010000 11011101001 1110111110 10001011011 10001011010 10010110000 10100100000 101001110 1101100011 1010000001 1111000011 1001111011 10010000000 10001010110 10001101011 10111111110 10011111011 23.188 43.236 1005.4 17615 17 -126 12 59 51 3 $GNGGA,124804.00,,,,,0,00,99.9,,,,,,*4A
5 12 48 05 Nan Nan Nan 1101011101 1011001110 11011100111 1111000001 10001011010 10001100000 10010110010 10100011011 101000111 1101100100 1001111111 1111000010 1001111110 10010000000 10001010101 10001110011 10111110111 10011111001 23.188 43.664 1005.4 18615 17 -125 10 59 51 4 $GNGGA,124805.00,,,,,0,00,99.9,,,,,,*4B
6 12 48 06 Nan Nan Nan 1101011101 1011010000 11011101100 1110111101 10001011101 10001011000 10010110010 10100010111 101001110 1101100100 1001111111 1111000010 1001111111 10001111111 10001010001 10001101100 10111111010 10011111000 23.188 43.511 1005.4 19773 18 -126 10 59 51 4 $GNGGA,124806.00,,,,,0,00,99.9,,,,,,*48
6 12 48 07 Nan Nan Nan 1101011101 1011001101 11011100101 1110111111 10001011100 10001011100 10010110011 10100100001 101010101 1101100100 1010000011 1111000010 1010000100 10010000001 10001010110 10001101011 10111111010 10011111011 23.188 43.374 1005.4 20613 16 -125 11 59 50 5 $GNGGA,124807.00,,,,,0,00,99.9,,,,,,*49
7 12 48 08 Nan Nan Nan 1101011101 1011001101 11011100101 1111000011 10001011100 10001011001 10010110110 10100011011 101010011 1101100100 1010000010 1111000101 1001111110 10001111110 10001001110 10001100111 10111110110 10011110111 23.188 43.252 1005.4 21612 17 -125 11 60 50 4 $GNGGA,124808.00,,,,,0,00,99.9,,,,,,*46
7 12 48 09 Nan Nan Nan 1101011101 1011010000 11011101001 1111000110 10001011010 10001010011 10010101000 10100011010 101001010 1101100011 1010000001 1111000100 1010000100 10010000001 10001001111 10001101001 10111111011 10011110110 23.250 43.297 1005.4 22610 17 -126 12 59 51 3 $GNGGA,124809.00,,,,,0,00,99.9,,,,,,*47
7 12 48 10 Nan Nan Nan 1101011101 1011010000 11011101001 1111001001 10001011101 10001010111 10010110010 10100100001 101001111 1101100100 1001111110 1111000000 1010000000 10001111111 10001001111 10001101100 11000000011 10100000000 23.250 43.320 1005.4 23609 17 -126 10 59 51 4 $GNGGA,124810.00,,,,,0,00,99.9,,,,,,*4F
7 12 48 11 Nan Nan Nan 1101011101 1011001111 11011100111 1111000100 10001011101 10001011001 10010110000 10100011011 101001111 1101100011 1010000010 1111000100 1010001000 10010000100 10001001111 10001101010 10111111101 10011111100 23.250 43.267 1005.4 24608 18 -126 11 59 51 3 $GNGGA,124811.00,,,,,0,00,99.9,,,,,,*4E
8 12 48 12 Nan Nan Nan 1101011101 1011010000 11011101000 1111000111 10001100000 10001011011 10010101100 10100011011 101010111 1101100100 1010000010 1111000010 1001111101 10001111111 10001010001 10001101001 10111111011 10011111011 23.250 43.221 1005.4 25767 16 -125 12 59 50 4 $GNGGA,124812.00,,,,,0,00,99.9,,,,,,*4D
8 12 48 13 Nan Nan Nan 1101011101 1011001111 11011100110 1110111100 10001011011 10001010110 10010101011 10100011101 101010101 1101100100 1010000000 1111000001 1010000001 10010000001 10001001110 10001100101 10111110110 10011110100 23.250 43.221 1005.4 26606 18 -126 11 60 51 3 $GNGGA,124813.00,,,,,0,00,99.9,,,,,,*4C
8 12 48 14 Nan Nan Nan 1101011101 1011001110 11011101000 1111000001 10001011100 10001011010 10010110100 10100011110 101011001 1101100100 1010000011 1111000011 1010000111 10010000000 10001010011 10001101001 10111111110 10011111110 23.250 43.137 1005.4 27604 17 -126 12 58 51 3 $GNGGA,124814.00,,,,,0,00,99.9,,,,,,*4B
9 12 48 15 Nan Nan Nan 1101011101 1011001111 11011100111 1110111111 10001011110 10001011000 10010101101 10100011110 101011001 1101100011 1010000010 1111000101 1010000100 10010000000 10001010110 10001101001 10111111011 10011111101 23.250 43.076 1005.4 28605 18 -125 10 60 50 4 $GNGGA,124815.00,,,,,0,00,99.9,,,,,,*4A
9 12 48 16 Nan Nan Nan 1101011101 1011010011 11011101011 1111000010 10001011110 10001011010 10010110010 10100011001 101010011 1101100100 1001111111 1111000011 1010000100 10010000001 10001010011 10001100110 11000000000 10100000001 23.250 43.015 1005.4 29603 16 -126 12 59 51 3 $GNGGA,124816.00,,,,,0,00,99.9,,,,,,*49
10 12 48 17 Nan Nan Nan 1101011101 1011010001 11011101001 1111000101 10001011110 10001010110 10010110000 10100100010 101011101 1101100011 1010000000 1111000100 1010000010 10001111111 10001001111 10001101010 10111111110 10011111001 23.250 42.992 1005.4 30603 17 -126 10 59 51 4 $GNGGA,124817.00,,,,,0,00,99.9,,,,,,*48
11 12 48 18 Nan Nan Nan 1101011101 1011001110 11011101001 1111000100 10001011011 10001011010 10010110001 10100100000 101011101 1101100011 1010000000 1111000101 1010000000 10010000000 10001001101 10001101000 10111110111 10011111011 23.250 43.023 1005.4 31759 17 -126 10 59 51 4 $GNGGA,124818.00,,,,,0,00,99.9,,,,,,*47
11 12 48 19 Nan Nan Nan 1101011101 1011010000 11011100110 1111000011 10001011010 10001011100 10010110001 10100011111 101010101 1101100100 1001111111 1111000001 1010000101 10010000011 10001010000 10001100111 10111111101 10011111110 23.250 43.137 1005.4 32601 17 -125 10 59 50 5 $GNGGA,124819.00,,,,,0,00,99.9,,,,,,*46
12 12 48 20 Nan Nan Nan 1101011101 1011001101 11011100101 1110111110 10001011010 10001011010 10010110000 10100100011 101011101 1101100100 1010000010 1111000010 1001111101 10010000001 10001010001 10001101111 10111111110 10011110111 23.188 43.427 1005.4 33600 18 -125 10 60 50 4 $GNGGA,124820.00,,,,,0,00,99.9,,,,,,*4C
12 12 48 21 Nan Nan Nan 1101011101 1011001110 11011100110 1110111011 10001011010 10001011000 10010101111 10100011101 101010100 1101100100 1010000000 1111000100 1010000111 10010000001 10001010010 10001100111 10111111110 10011110111 23.188 43.664 1005.4 34598 16 -125 12 59 50 4 $GNGGA,124821.00,,,,,0,00,99.9,,,,,,*4D
12 12 48 22 Nan Nan Nan 1101011101 1011001110 11011100110 1110111101 10001011101 10001010101 10010101100 10100011001 101010100 1101100100 1001111111 1111000010 1001111101 10001111111 10001001110 10001100111 11000000001 10011111101 23.250 43.900 1005.4 35597 17 -126 10 58 52 4 $GNGGA,124822.00,,,,,0,00,99.9,,,,,,*4E
12 12 48 23 Nan Nan Nan 1101011101 1011010000 11011101000 1110111001 10001010111 10001011011 10010101110 10100010111 101011001 1101100100 1001111111 1111000011 1010001001 10010000010 10001001111 10001101000 10111111111 10100000111 23.250 44.488 1005.4 36596 18 -126 10 58 51 4 $GNGGA,124823.00,,,,,0,00,99.9,,,,,,*4F
13 12 48 24 Nan Nan Nan 1101011101 1011010000 11011100101 1110111110 10001011011 10001010110 10010101011 10100011101 101011000 1101100100 1001111111 1111000000 1010000101 10010000010 10001010000 10001100111 10111111110 10011111001 23.250 44.953 1005.4 37755 17 -126 12 59 51 3 $GNGGA,124824.00,,,,,0,00,99.9,,,,,,*48
13 12 48 25 Nan Nan Nan 1101011101 1011010001 11011100110 1111000101 10001011111 10001011110 10010101111 10100010111 101010001 1101100100 1010000011 1111000100 1010001100 10010000010 10001010101 10001101100 11000000100 10011111111 23.250 45.434 1005.4 38594 17 -125 11 60 50 4 $GNGGA,124825.00,,,,,0,00,99.9,,,,,,*49
13 12 48 26 Nan Nan Nan 1101011101 1011010000 11011100111 1110111100 10001011010 10001010110 10010101111 10100011110 101010001 1101100100 1001111110 1111000010 1010001000 10010000011 10001001101 10001100100 10111111100 10100000010 23.250 45.342 1005.4 39593 17 -126 11 58 51 4 $GNGGA,124826.00,,,,,0,00,99.9,,,,,,*4A
14 12 48 27 Nan Nan Nan 1101011101 1011010000 11011101001 1111000010 10001011010 10001010101 10010101011 10100011010 101001100 1101100100 1001111111 1111000010 1010000100 10001111111 10001001101 10001100100 10111111010 10011111100 23.250 45.266 1005.4 40593 17 -126 10 60 50 4 $GNGGA,124827.00,,,,,0,00,99.9,,,,,,*4B
14 12 48 28 Nan Nan Nan 1101011101 1011001111 11011100100 1111000001 10001011010 10001011000 10010101110 10100011001 101001111 1101100100 1010000010 1111000100 1010001011 10001111111 10001001001 10001100010 10111111010 10011110111 23.250 44.823 1005.4 41591 17 -126 12 59 51 3 $GNGGA,124828.00,,,,,0,00,99.9,,,,,,*44
15 12 48 29 Nan Nan Nan 1101011101 1011010001 11011101010 1110111100 10001011010 10001010110 10010110000 10100010011 101001100 1101100100 1010000001 1111000011 1010001000 10010000001 10001010010 10001101101 10111111001 10011111100 23.250 44.472 1005.3 42591 16 -126 11 59 52 3 $GNGGA,124829.00,,,,,0,00,99.9,,,,,,*45
16 12 48 30 Nan Nan Nan 1101011101 1011001110 11011100111 1111000000 10001011011 10001011101 10010110001 10100011111 101010100 1101100100 1010000010 1111000010 1010001001 10010000011 10001001101 10001100100 10111111111 10011111100 23.250 44.037 1005.4 43749 17 -126 11 59 51 3 $GNGGA,124830.00,,,,,0,00,99.9,,,,,,*4D
16 12 48 31 Nan Nan Nan 1101011101 1011001111 11011100111 1110111110 10001011011 10001010111 10010101111 10100011011 101011010 1101100100 1010000010 1111000011 1010001001 10010000001 10001001101 10001101101 10111110111 10011110110 23.250 43.732 1005.4 44589 17 -126 12 59 51 3 $GNGGA,124831.00,,,,,0,00,99.9,,,,,,*4C
16 12 48 32 Nan Nan Nan 1101011101 1011010000 11011100111 1110111111 10001011110 10001011010 10010101110 10100011010 101010100 1101100100 1010000110 1111000110 1010000101 10010000000 10001001111 10001100101 11000000000 10011111010 23.250 43.732 1005.4 45587 17 -125 11 60 50 4 $GNGGA,124832.00,,,,,0,00,99.9,,,,,,*4F
16 12 48 33 Nan Nan Nan 1101011101 1011001111 11011100110 1111001000 10001100010 10001011100 10010110000 10100010011 101010011 1101100100 1010000000 1111000010 1010001010 10010000011 10001010011 10001101001 10111111110 10011110110 23.250 43.694 1005.3 46586 17 -126 12 58 51 3 $GNGGA,124833.00,,,,,0,00,99.9,,,,,,*4E
17 12 48 34 Nan Nan Nan 1101011101 1011010000 11011100110 1111000110 10001011101 10001010001 10010101001 10100010100 101011011 1101100100 1010000000 1111000011 1010001010 10010000010 10001010100 10001101010 10111110111 10011110001 23.250 43.549 1005.4 47586 16 -125 11 59 51 4 $GNGGA,124834.00,,,,,0,00,99.9,,,,,,*49
17 12 48 35 Nan Nan Nan 1101011101 1011001111 11011100101 1111000010 10001011010 10001011010 10010101101 10100011100 101011111 1101100100 1010000010 1111000011 1010000010 10010000000 10001001101 10001100011 10111111000 10011110010 23.250 43.450 1005.4 48585 18 -125 10 60 50 4 $GNGGA,124835.00,,,,,0,00,99.9,,,,,,*48
18 12 48 36 Nan Nan Nan 1101011101 1011010101 11011101010 1111000000 10001011100 10001010111 10010110001 10100011111 101011101 1101100100 1010000000 1111000001 1010001010 10010000001 10001001110 10001100101 10111110110 10011110101 23.250 43.328 1005.4 49742 17 -126 11 58 51 4 $GNGGA,124836.00,,,,,0,00,99.9,,,,,,*4B
18 12 48 37 Nan Nan Nan 1101011101 1011001111 11011100100 1111000111 10001011011 10001010101 10010110100 10100011000 101010111 1101100011 1001111111 1111000000 1010000111 10010000000 10001010001 10001100110 10111110001 10011111101 23.250 43.236 1005.4 50582 18 -126 10 59 51 4 $GNGGA,124837.00,,,,,0,00,99.9,,,,,,*4A
18 12 48 38 Nan Nan Nan 1101011101 1011010001 11011100111 1111000110 10001011101 10001011001 10010101100 10100010100 101001010 1101100100 1001111111 1111000001 1010000010 10001111111 10001001100 10001101001 10111111001 10011111010 23.250 43.007 1005.4 51581 17 -126 12 58 51 3 $GNGGA,124838.00,,,,,0,00,99.9,,,,,,*45
19 12 48 39 Nan Nan Nan 1101011101 1011001110 11011100100 1111000001 10001011010 10001011010 10010101111 10100011001 101011111 1101100100 1010000000 1111000011 1010000110 10010000000 10001010010 10001101010 10111111101 10011111110 23.250 43.076 1005.4 52581 16 -125 11 60 50 4 $GNGGA,124839.00,,,,,0,00,99.9,,,,,,*44
19 12 48 40 Nan Nan Nan 1101011101 1011010000 11011100110 1111000100 10001011111 10001010111 10010101100 10100010101 101001100 1101100100 1010000000 1111000010 1010000000 10001111111 10001000100 10001011011 10111111001 10011111010 23.250 43.091 1005.4 53579 18 -126 11 58 51 3 $GNGGA,124840.00,,,,,0,00,99.9,,,,,,*4A
20 12 48 41 Nan Nan Nan 1101011101 1011001110 11011100101 1111000000 10001011101 10001011010 10010101110 10100011001 101011100 1101100100 1010000110 1111000110 1010001000 10010000001 10001001100 10001100110 10111111011 10011111110 23.250 43.107 1005.4 54579 16 -125 11 59 51 4 $GNGGA,124841.00,,,,,0,00,99.9,,,,,,*4B
21 12 48 42 Nan Nan Nan 1101011101 1011010010 11011101000 1111000000 10001011011 10001010100 10010101010 10100011001 101010100 1101100100 1010000011 1111000011 1010000100 10010000001 10001010000 10001101001 10111110011 10011110100 23.250 43.221 1005.4 55738 16 -125 11 60 50 4 $GNGGA,124842.00,,,,,0,00,99.9,,,,,,*48
21 12 48 43 Nan Nan Nan 1101011101 1011001111 11011101001 1111000000 10001011010 10001010101 10010101100 10100011000 101010101 1101100100 1010000001 1111000010 1010001010 10010000011 10001001100 10001100100 10111111000 10011111010 23.250 43.183 1005.4 56576 17 -125 11 58 51 4 $GNGGA,124843.00,,,,,0,00,99.9,,,,,,*49
22 12 48 44 Nan Nan Nan 1101011101 1011001110 11011100011 1111000010 10001011110 10001011001 10010101101 10100011010 101011001 1101100100 1001111110 1111000001 1001111111 10010000000 10001001000 10001100011 10111111000 10011111011 23.250 43.023 1005.4 57576 17 -125 11 60 50 4 $GNGGA,124844.00,,,,,0,00,99.9,,,,,,*4E
22 12 48 45 Nan Nan Nan 1101011101 1011010010 11011101010 1111000101 10001011110 10001010011 10010101011 10100010111 101001111 1101100100 1001111111 1111000000 1010000001 10010000000 10001001001 10001100101 10111110111 10011111100 23.188 42.901 1005.4 58574 17 -126 11 58 51 4 $GNGGA,124845.00,,,,,0,00,99.9,,,,,,*4F
23 12 48 46 Nan Nan Nan 1101011101 1011010000 11011101000 1111000101 10001011010 10001010101 10010110010 10100011001 101010011 1101100100 1010000100 1111000101 1001111111 10010000000 10001001010 10001100010 10111111000 10011110111 23.250 42.801 1005.4 59574 16 -125 11 59 51 4 $GNGGA,124846.00,,,,,0,00,99.9,,,,,,*4C
23 12 48 47 Nan Nan Nan 1101011101 1011010011 11011100101 1111000100 10001011101 10001011000 10010101110 10100011101 101010110 1101100011 1010000100 1111000101 1010000111 10010000000 10001001010 10001100100 10111110111 10011111001 23.188 42.748 1005.4 60572 18 -126 10 59 51 4 $GNGGA,124847.00,,,,,0,00,99.9,,,,,,*4D
24 12 48 48 Nan Nan Nan 1101011101 1011010010 11011101001 1111000001 10001011000 10001011100 10010110011 10100010110 101001111 1101100100 1010000001 1111000100 1010000101 10001111111 10001001001 10001100010 10111110110 10011111001 23.188 42.717 1005.4 61731 17 -126 12 59 51 3 $GNGGA,124848.00,,,,,0,00,99.9,,,,,,*42
24 12 48 49 Nan Nan Nan 1101011101 1011001110 11011100101 1111000011 10001011000 10001010011 10010101000 10100011101 101010111 1101100100 1010000001 1111000011 1010000011 10010000010 10001001111 10001100100 10111110111 10011110100 23.188 42.695 1005.4 62571 17 -125 11 60 50 4 $GNGGA,124849.00,,,,,0,00,99.9,,,,,,*43
24 12 48 50 Nan Nan Nan 1101011101 1011001101 11011100101 1111000110 10001100000 10001011000 10010101010 10100011010 101001101 1101100100 1010000010 1111000100 1010001000 10010000010 10001001010 10001100100 10111111000 10011111011 23.188 42.634 1005.4 63569 17 -126 12 59 51 3 $GNGGA,124850.00,,,,,0,00,99.9,,,,,,*4B
25 12 48 51 Nan Nan Nan 1101011101 1011001111 11011100011 1110111100 10001011010 10001010111 10010101101 10100010010 101001110 1101100100 1010000100 1111000010 1010000110 10010000000 10001010011 10001101000 10111111101 10011111111 23.188 42.603 1005.4 64569 17 -125 10 60 50 4 $GNGGA,124851.00,,,,,0,00,99.9,,,,,,*4A
25 12 48 52 Nan Nan Nan 1101011101 1011001111 11011101001 1110111101 10001011100 10001011000 10010101111 10100011000 101010101 1101100100 1010000010 1111000011 1010000110 10010000000 10001000100 10001100001 10111111101 10011111010 23.188 42.573 1005.4 65567 18 -126 10 58 51 4 $GNGGA,124852.00,,,,,0,00,99.9,,,,,,*49
25 12 48 53 Nan Nan Nan 1101011101 1011010000 11011100110 1111000110 10001011110 10001011010 10010101110 10100011010 101010101 1101100100 1010000001 1111000010 1010000101 10001111111 10001001100 10001100101 10111111001 10011110111 23.188 42.664 1005.4 66567 17 -126 11 59 52 3 $GNGGA,124853.00,,,,,0,00,99.9,,,,,,*48
26 12 48 54 Nan Nan Nan 1101011101 1011010011 11011101000 1110111111 10001011011 10001011001 10010101100 10100010110 101010101 1101100100 1010000000 1111000001 1010001100 10010000010 10001001010 10001100001 10111111001 10011110110 23.188 42.840 1005.4 67725 17 -126 10 58 52 4 $GNGGA,124854.00,,,,,0,00,99.9,,,,,,*4F
26 12 48 55 Nan Nan Nan 1101011101 1011010011 11011100111 1111000010 10001011010 10001010101 10010101010 10100011000 101011011 1101100011 1010000100 1111000101 1010001011 10010000001 10001001011 10001100111 10111111001 10011111010 23.188 43.694 1005.4 68564 17 -126 12 59 51 3 $GNGGA,124855.00,,,,,0,00,99.9,,,,,,*4E
27 12 48 56 Nan Nan Nan 1101011101 1011001111 11011100100 1111000010 10001011010 10001010101 10010101010 10100011000 101011111 1101100100 1010000000 1111000000 1010001100 10010000001 10001001111 10001100101 10111111000 10011111001 23.188 43.702 1005.4 69564 17 -125 10 60 50 4 $GNGGA,124856.00,,,,,0,00,99.9,,,,,,*4D
27 12 48 57 Nan Nan Nan 1101011101 1011001111 11011100100 1111000010 10001011101 10001011001 10010110010 10100010111 101011100 1101100100 1010000000 1111000011 1010000111 10010000001 10001001001 10001100010 10111110101 10011111010 23.188 43.450 1005.4 70562 17 -126 12 59 51 3 $GNGGA,124857.00,,,,,0,00,99.9,,,,,,*4C
28 12 48 58 Nan Nan Nan 1101011101 1011010001 11011100101 1110111111 10001011010 10001011101 10010110000 10100011101 101100010 1101100011 1001111111 1111000011 1010000000 10001111111 10001001000 10001011111 10111110011 10011111010 23.188 43.122 1005.4 71562 16 -126 11 59 52 3 $GNGGA,124858.00,,,,,0,00,99.9,,,,,,*43
28 12 48 59 Nan Nan Nan 1101011101 1011010000 11011100011 1110111110 10001011101 10001010101 10010101011 10100011010 101011011 1101100100 1010000011 1111000100 1010000110 10010000000 10001001000 10001100010 10111110011 10011110010 23.188 42.916 1005.4 72561 18 -125 10 60 50 4 $GNGGA,124859.00,,,,,0,00,99.9,,,,,,*42
29 12 49 00 Nan Nan Nan 1101011101 1011010000 11011100110 1110111101 10001011111 10001010011 10010101001 10100011000 101010111 1101100100 1010000011 1111000101 1010001000 10010000001 10001001110 10001100110 10111110100 10011101111 23.188 42.756 1005.4 73719 18 -126 10 59 50 4 $GNGGA,124900.00,,,,,0,00,99.9,,,,,,*4F
29 12 49 01 Nan Nan Nan 1101011101 1011010001 11011101000 1110111110 10001011010 10001010010 10010101010 10100011011 101011100 1101100100 1010000110 1111000101 1010000110 10010000000 10001001100 10001100011 10111110010 10011111000 23.188 42.656 1005.4 74558 17 -125 11 60 50 4 $GNGGA,124901.00,,,,,0,00,99.9,,,,,,*4E
29 12 49 02 Nan Nan Nan 1101011101 1011010001 11011101000 1110111111 10001011010 10001011000 10010101111 10100011101 101100001 1101100100 1010000011 1111000100 1010001000 10010000000 10001010000 10001100110 10111111000 10011110110 23.188 42.580 1005.4 75557 17 -126 12 59 51 3 $GNGGA,124902.00,,,,,0,00,99.9,,,,,,*4D
30 12 49 03 Nan Nan Nan 1101011101 1011010000 11011100111 1110111010 10001011010 10001010110 10010101011 10100011110 101100001 1101100100 1010000100 1111000110 1010000111 10010000001 10001001101 10001100011 10111110000 10011110010 23.188 42.527 1005.4 76556 17 -126 10 59 51 4 $GNGGA,124903.00,,,,,0,00,99.9,,,,,,*4C
30 12 49 04 Nan Nan Nan 1101011101 1011001111 11011100011 1111000100 10001011101 10001010000 10010101011 10100011000 101011001 1101100100 1010000010 1111000101 1010000100 10001111111 10001001111 10001101000 10111111001 10011110110 23.188 42.496 1005.4 77556 18 -125 10 59 50 4 $GNGGA,124904.00,,,,,0,00,99.9,,,,,,*4B
30 12 49 05 Nan Nan Nan 1101011101 1011001111 11011100100 1110111011 10001011011 10001010010 10010100001 10100011001 101011011 1101100011 1010000101 1111000100 1010001000 10010000001 10001001011 10001100101 10111110010 10011111000 23.188 42.504 1005.4 78554 17 -126 10 59 50 5 $GNGGA,124905.00,,,,,0,00,99.9,,,,,,*4A
31 12 49 06 Nan Nan Nan 1101011101 1011001110 11011100011 1111000110 10001011100 10001001011 10010100011 10100011101 101100100 1101100100 1010000010 1111000011 1001111110 10001111111 10001000110 10001100010 10111110110 10011111000 23.188 42.580 1005.4 79714 16 -125 11 59 51 4 $GNGGA,124906.00,,,,,0,00,99.9,,,,,,*49
31 12 49 07 Nan Nan Nan 1101011101 1011010000 11011101000 1110111110 10001011001 10001010011 10010101011 10100011010 101011101 1101100100 1010000101 1111000011 1010000111 10010000000 10001001101 10001100000 10111110010 10011101111 23.188 42.611 1005.4 80552 17 -126 11 59 50 4 $GNGGA,124907.00,,,,,0,00,99.9,,,,,,*48
31 12 49 08 Nan Nan Nan 1101011101 1011001110 11011100100 1110111111 10001011010 10001010000 10010101011 10100011000 101011000 1101100100 1010000000 1111000010 1010001000 10010000000 10001001100 10001100100 10111111100 10011111100 23.188 42.618 1005.4 81552 17 -126 11 60 51 3 $GNGGA,124908.00,,,,,0,00,99.9,,,,,,*47
31 12 49 09 Nan Nan Nan 1101011101 1011010001 11011100110 1110111011 10001011000 10001001111 10010101001 10100001111 101011011 1101100100 1010000001 1111000011 1010001100 10010000001 10001001000 10001100100 10111111000 10011111100 23.188 42.634 1005.4 82550 18 -126 10 59 50 4 $GNGGA,124909.00,,,,,0,00,99.9,,,,,,*46
31 12 49 10 Nan Nan Nan 1101011101 1011010010 11011101000 1111000000 10001011100 10001010101 10010101111 10100001011 101010011 1101100100 1010000011 1111000011 1010001010 10001111111 10001001001 10001100100 10111110010 10011111100 23.188 42.679 1005.4 83550 17 -126 11 59 52 3 $GNGGA,124910.00,,,,,0,00,99.9,,,,,,*4E
31 12 49 11 Nan Nan Nan 1101011101 1011010000 11011100100 1111000011 10001011001 10001010101 10010101001 10100010000 101010000 1101100100 1010000010 1111000100 1010010001 10010000000 10001001110 10001100110 10111110101 10100000001 23.188 42.733 1005.3 84548 18 -126 10 59 51 4 $GNGGA,124911.00,,,,,0,00,99.9,,,,,,*4F
32 12 49 12 Nan Nan Nan 1101011101 1011010001 11011101001 1111000010 10001011111 10001010111 10010101011 10100010011 101011101 1101100011 1010000001 1111000011 1010000110 10001111111 10001001011 10001100010 10111110110 10011111010 23.188 42.794 1005.3 85708 18 -126 10 59 50 4 $GNGGA,124912.00,,,,,0,00,99.9,,,,,,*4C
32 12 49 13 Nan Nan Nan 1101011101 1011010101 11011101010 1111000011 10001011011 10001010010 10010101000 10100010101 101011101 1101100100 1010000010 1111000011 1010001000 10010000001 10001001000 10001100011 10111111100 10011111110 23.188 42.809 1005.3 86547 18 -126 11 60 51 3 $GNGGA,124913.00,,,,,0,00,99.9,,,,,,*4D
32 12 49 14 Nan Nan Nan 1101011101 1011010010 11011100110 1110111011 10001011010 10001010000 10010100101 10100010011 101010110 1101100100 1010000100 1111000101 1010001010 10010000000 10001000011 10001011000 10111111000 10011110101 23.188 42.832 1005.3 87545 17 -126 12 58 51 3 $GNGGA,124914.00,,,,,0,00,99.9,,,,,,*4A
33 12 49 15 Nan Nan Nan 1101011101 1011001110 11011100101 1111001000 10001011111 10001010000 10010101001 10100011111 101100101 1101100100 1010000000 1110111111 1010010001 10010000010 10001001010 10001100010 10111111101 10011110110 23.125 42.847 1005.3 88545 17 -126 11 59 52 3 $GNGGA,124915.00,,,,,0,00,99.9,,,,,,*4B
33 12 49 16 Nan Nan Nan 1101011100 1011001111 11011100101 1110111010 10001011001 10001010110 10010101101 10100011001 101011101 1101100011 1010000000 1111000000 1010000010 10001111111 10001000111 10001011111 10111110111 10011110111 23.188 42.855 1005.3 89544 18 -126 10 60 50 4 $GNGGA,124916.00,,,,,0,00,99.9,,,,,,*48
33 12 49 17 Nan Nan Nan 1101011101 1011010000 11011100100 1111000100 10001011100 10001001110 10010100000 10100011000 101011011 1101100011 1010000101 1111000011 1010000110 10010000001 10001001101 10001100101 10111110100 10011110001 23.125 42.923 1005.3 90543 17 -126 11 59 51 4 $GNGGA,124917.00,,,,,0,00,99.9,,,,,,*49
34 12 49 18 Nan Nan Nan 1101011101 1011010001 11011100100 1111000010 10001011110 10001010111 10010101100 10100010101 101011100 1101100100 1010000001 1111000011 1010001010 10010000010 10001000110 10001011111 10111110001 10011110101 23.125 42.939 1005.3 91702 16 -125 11 59 51 4 $GNGGA,124918.00,,,,,0,00,99.9,,,,,,*46
34 12 49 19 Nan Nan Nan 1101011101 1011010010 11011100111 1111000011 10001011100 10001010111 10010101100 10100010101 101011101 1101100011 1010000011 1111000100 1010000110 10010000000 10001001001 10001011111 10111110111 10011111001 23.188 42.985 1005.3 92541 17 -126 11 59 50 4 $GNGGA,124919.00,,,,,0,00,99.9,,,,,,*47
34 12 49 20 Nan Nan Nan 1101011101 1011010000 11011100111 1111000101 10001011101 10001011000 10010110000 10100010011 101100000 1101100100 1001111111 1111000011 1010001010 10010000010 10001000110 10001011010 10111110010 10011110010 23.188 43.023 1005.4 93540 17 -126 11 60 51 3 $GNGGA,124920.00,,,,,0,00,99.9,,,,,,*4D
34 12 49 21 Nan Nan Nan 1101011101 1011010000 11011100101 1111001010 10001011110 10001001101 10010100001 10100011010 101011100 1101100100 1010000011 1111000010 1010000100 10010000001 10001010001 10001100011 10111110101 10011110101 23.125 43.046 1005.4 94539 17 -125 11 59 50 4 $GNGGA,124921.00,,,,,0,00,99.9,,,,,,*4C
34 12 49 22 Nan Nan Nan 1101011101 1011010001 11011100101 1111000100 10001011100 10001010100 10010101010 10100011111 101100110 1101100011 1010000110 1111000110 1010000111 10010000001 10001001100 10001100010 10111110100 10011110001 23.188 43.061 1005.3 95538 16 -125 11 59 51 4 $GNGGA,124922.00,,,,,0,00,99.9,,,,,,*4F
34 12 49 23 Nan Nan Nan 1101011101 1011010001 11011101001 1111000011 10001011001 10001010001 10010100111 10100010100 101011101 1101100100 1010000100 1111000110 1010000110 10010000000 10001000110 10001011110 10111110101 10011110011 23.125 43.076 1005.3 96536 18 -126 11 60 51 3 $GNGGA,124923.00,,,,,0,00,99.9,,,,,,*4E
35 12 49 24 Nan Nan Nan 1101011101 1011010001 11011100110 1111001011 10001011101 10001010010 10010100111 10100011010 101011111 1101100100 1010000001 1111000001 1010001100 10010000011 10001001000 10001011111 10111110011 10011110011 23.125 43.114 1005.4 97695 18 -126 10 58 51 4 $GNGGA,124924.00,,,,,0,00,99.9,,,,,,*49
35 12 49 25 Nan Nan Nan 1101011101 1011010001 11011100110 1111000111 10001100000 10001010111 10010101010 10100011111 101100001 1101100100 1010000100 1111000011 1010001001 10001111111 10001000110 10001011110 10111101111 10011110010 23.188 43.137 1005.3 98535 18 -126 10 60 50 4 $GNGGA,124925.00,,,,,0,00,99.9,,,,,,*48
35 12 49 26 Nan Nan Nan 1101011101 1011010000 11011100011 1111000100 10001011111 10001010100 10010101011 10100010111 101100110 1101100100 1010000011 1111000010 1010001100 10010000100 10001001010 10001011111 10111101001 10011101111 23.188 43.229 1005.4 99533 17 -126 11 58 51 4 $GNGGA,124926.00,,,,,0,00,99.9,,,,,,*4B
35 12 49 27 Nan Nan Nan 1101011101 1011010101 11011101010 1111000011 10001011001 10001010000 10010101000 10100010111 101100000 1101100100 1010000000 1111000001 1010000101 10001111111 10001001000 10001011111 10111110101 10011110100 23.125 43.381 1005.3 100533 16 -126 11 59 52 3 $GNGGA,124927.00,,,,,0,00,99.9,,,,,,*4A
35 12 49 28 Nan Nan Nan 1101011101 1011001111 11011100100 1111001001 10001100010 10001010100 10010101010 10100010110 101011101 1101100100 1010000100 1111000101 1010001001 10010000010 10001000111 10001011111 10111110100 10011110010 23.188 43.725 1005.3 101532 18 -126 10 60 50 4 $GNGGA,124928.00,,,,,0,00,99.9,,,,,,*45
35 12 49 29 Nan Nan Nan 1101011101 1011010010 11011100110 1110111011 10001011110 10001010011 10010101100 10100010101 101100100 1101100011 1010000110 1111000100 1010000011 10010000001 10001001001 10001011101 10111111100 10011111101 23.125 43.999 1005.3 102531 17 -126 11 58 51 4 $GNGGA,124929.00,,,,,0,00,99.9,,,,,,*44
36 12 49 30 Nan Nan Nan 1101011101 1011001110 11011100011 1111000101 10001011110 10001001111 10010100011 10100001111 101011011 1101100100 1010000101 1111000101 1010001011 10010000010 10001000111 10001011110 10111110111 10011110011 23.125 44.228 1005.3 103688 17 -126 11 59 52 3 $GNGGA,124930.00,,,,,0,00,99.9,,,,,,*4C
36 12 49 31 Nan Nan Nan 1101011101 1011010001 11011100110 1111001000 10001011110 10001010101 10010100101 10100001111 101011111 1101100100 1010000101 1111000010 1010000110 10010000000 10001000110 10001011010 10111110011 10011111111 23.188 44.114 1005.3 104528 17 -126 11 58 51 4 $GNGGA,124931.00,,,,,0,00,99.9,,,,,,*4D
37 12 49 32 Nan Nan Nan 1101011101 1011010000 11011100101 1110111101 10001011010 10001010111 10010101100 10100010011 101100101 1101100100 1010000001 1111000011 1010000100 10010000010 10001001001 10001100100 10111111000 10011111001 23.188 44.343 1005.3 105528 16 -126 11 59 52 3 $GNGGA,124932.00,,,,,0,00,99.9,,,,,,*4E
37 12 49 33 Nan Nan Nan 1101011101 1011010001 11011100110 1111000100 10001011110 10001010011 10010101001 10100010001 101011110 1101100100 1010000110 1111000101 1010000010 10010000001 10001001000 10001100001 10111101011 10011101001 23.125 44.411 1005.3 106527 18 -125 10 59 50 4 $GNGGA,124933.00,,,,,0,00,99.9,,,,,,*4F
37 12 49 34 Nan Nan Nan 1101011101 1011010000 11011100100 1111000010 10001011101 10001010000 10010101000 10100011100 101100011 1101100100 1010000101 1111000100 1010000111 10010000001 10001000111 10001011110 10111110101 10011110101 23.188 44.289 1005.3 107525 17 -126 10 58 51 5 $GNGGA,124934.00,,,,,0,00,99.9,,,,,,*48
38 12 49 35 Nan Nan Nan 1101011101 1011010010 11011100101 1111000011 10001011101 10001001100 10010100110 10100011000 101100000 1101100011 1010000111 1111000111 1010001000 10010000000 10001000101 10001011011 10111101110 10011101101 23.125 44.457 1005.3 108524 18 -126 10 60 50 4 $GNGGA,124935.00,,,,,0,00,99.9,,,,,,*49
39 12 49 36 Nan Nan Nan 1101011101 1011001111 11011100101 1111000000 10001011100 10001010000 10010100110 10100010110 101011101 1101100100 1010000011 1111000100 1010001011 10010000010 10001000101 10001011100 10111101100 10011110011 23.188 44.472 1005.3 109681 18 -126 11 59 51 3 $GNGGA,124936.00,,,,,0,00,99.9,,,,,,*4A
39 12 49 37 Nan Nan Nan 1101011101 1011001111 11011100011 1111000011 10001011001 10001001101 10010100101 10100001100 101011000 1101100011 1010000101 1111000000 1010000111 10010000000 10001001001 10001100000 10111110000 10011111011 23.188 44.900 1005.3 110522 17 -126 10 59 51 4 $GNGGA,124937.00,,,,,0,00,99.9,,,,,,*4B
39 12 49 38 Nan Nan Nan 1101011101 1011010101 11011101011 1111001000 10001011101 10001010001 10010100100 10100010011 101100001 1101100011 1010000101 1111000100 1010001101 10010000000 10001000011 10001011011 10111110100 10011110010 23.188 44.846 1005.4 111521 18 -126 11 59 51 3 $GNGGA,124938.00,,,,,0,00,99.9,,,,,,*44
40 12 49 39 Nan Nan Nan 1101011101 1011001110 11011100010 1111000001 10001011100 10001001101 10010100011 10100010000 101011101 1101100011 1010000100 1111000001 1010001100 10010000001 10001001010 10001100001 10111101101 10011110001 23.188 44.442 1005.3 112521 17 -125 10 59 51 4 $GNGGA,124939.00,,,,,0,00,99.9,,,,,,*45
40 12 49 40 Nan Nan Nan 1101011110 1011010010 11011100111 1111000101 10001011101 10001001110 10010100111 10100010000 101011101 1101100100 1010000011 1111000010 1010000100 10001111111 10001000110 10001011100 10111110010 10011110100 23.188 44.205 1005.4 113519 18 -126 10 59 51 4 $GNGGA,124940.00,,,,,0,00,99.9,,,,,,*4B
40 12 49 41 Nan Nan Nan 1101011101 1011010000 11011100110 1111001001 10001011111 10001001110 10010100011 10100011011 101100001 1101100100 1010000010 1111000011 1010001111 10010000000 10001000110 10001011110 10111101111 10011101111 23.188 44.236 1005.4 114518 17 -125 12 58 51 3 $GNGGA,124941.00,,,,,0,00,99.9,,,,,,*4A
41 12 49 42 Nan Nan Nan 1101011101 1011001110 11011100110 1111000110 10001011111 10001010011 10010100111 10100010101 101010101 1101100100 1010000000 1111000100 1010001101 10010000001 10001001000 10001100001 10111110111 10011111010 23.188 44.571 1005.3 115676 17 -126 11 58 52 3 $GNGGA,124942.00,,,,,0,00,99.9,,,,,,*49
41 12 49 43 Nan Nan Nan 1101011101 1011001110 11011100000 1111000010 10001011100 10001010110 10010101101 10100011111 101100100 1101100100 1010000110 1111000110 1010001011 10010000010 10001000110 10001011110 10111110100 10011110000 23.188 44.564 1005.3 116516 17 -126 12 59 51 3 $GNGGA,124943.00,,,,,0,00,99.9,,,,,,*48
42 12 49 44 Nan Nan Nan 1101011101 1011001111 11011100101 1111000001 10001011101 10001001101 10010100000 10100001111 101010110 1101100100 1010000011 1111000101 1010001111 10010000010 10001001110 10001011101 10111110101 10011110110 23.188 44.144 1005.3 117515 17 -126 10 59 51 4 $GNGGA,124944.00,,,,,0,00,99.9,,,,,,*4F
42 12 49 45 Nan Nan Nan 1101011101 1011001101 11011100010 1110111110 10001011001 10001001000 10010011101 10100001111 101010101 1101100100 1010000001 1111000100 1010001100 10010000100 10001000010 10001011101 10111101110 10011110010 23.188 44.014 1005.3 118514 18 -126 11 59 51 3 $GNGGA,124945.00,,,,,0,00,99.9,,,,,,*4E
42 12 49 46 Nan Nan Nan 1101011101 1011010001 11011100101 1111001000 10001100000 10001001110 10010100011 10100010111 101100000 1101100100 1010000110 1111000100 1010001011 10010000011 10001001100 10001011111 10111110011 10011110010 23.188 43.801 1005.3 119514 16 -126 11 59 51 4 $GNGGA,124946.00,,,,,0,00,99.9,,,,,,*4D
42 12 49 47 Nan Nan Nan 1101011101 1011001101 11011100011 1110111100 10001011010 10001010001 10010101101 10100010110 101011011 1101100100 1010000001 1111000000 1010000111 10010000010 10001000111 10001011011 10111101110 10011110100 23.188 43.519 1005.3 120512 18 -126 10 60 50 4 $GNGGA,124947.00,,,,,0,00,99.9,,,,,,*4C
43 12 49 48 Nan Nan Nan 1101011101 1011010000 11011100011 1111000010 10001011011 10001001010 10010100101 10100011000 101100101 1101100100 1010000010 1111000100 1010001010 10010000010 10001001001 10001011100 10111110001 10011110101 23.188 43.297 1005.3 121669 18 -126 10 59 51 4 $GNGGA,124948.00,,,,,0,00,99.9,,,,,,*43
43 12 49 49 Nan Nan Nan 1101011101 1011010001 11011100100 1111000010 10001011101 10001001111 10010100010 10100010101 101100010 1101100100 1010000100 1111000010 1010000111 10010000001 10001000101 10001011001 10111110110 10011111001 23.188 43.221 1005.3 122511 16 -125 11 60 50 4 $GNGGA,124949.00,,,,,0,00,99.9,,,,,,*42
43 12 49 50 Nan Nan Nan 1101011101 1011010100 11011100101 1110111101 10001011011 10001010101 10010101000 10100001101 101011000 1101100100 1010000101 1111000100 1010001001 10010000001 10001000100 10001011000 10111110101 10011110011 23.188 43.046 1005.3 123509 18 -126 11 59 51 3 $GNGGA,124950.00,,,,,0,00,99.9,,,,,,*4A
44 12 49 51 Nan Nan Nan 1101011101 1011001110 11011100010 1110111101 10001011100 10001010000 10010101001 10100010001 101100001 1101100100 1010000001 1110111110 1010001011 10010000000 10001001001 10001011011 10111110011 10011111010 23.188 42.855 1005.3 124509 16 -125 11 59 51 4 $GNGGA,124951.00,,,,,0,00,99.9,,,,,,*4B
44 12 49 52 Nan Nan Nan 1101011101 1011010001 11011100100 1111000101 10001011111 10001010110 10010101010 10100001111 101011011 1101100100 1010000010 1111000011 1010000111 10010000001 10001000001 10001011000 10111110000 10011101111 23.188 42.687 1005.3 125506 18 -126 10 59 51 4 $GNGGA,124952.00,,,,,0,00,99.9,,,,,,*48
44 12 49 53 Nan Nan Nan 1101011101 1011010000 11011100110 1110111111 10001011010 10001001110 10010101010 10100001011 101011010 1101100011 1010000100 1111000011 1010000100 10010000010 10001000111 10001011110 10111110100 10011111100 23.188 42.618 1005.3 126507 17 -125 12 59 51 3 $GNGGA,124953.00,,,,,0,00,99.9,,,,,,*49
45 12 49 54 Nan Nan Nan 1101011101 1011001111 11011100011 1111000000 10001011011 10001010100 10010101001 10100010111 101100011 1101100011 1010000100 1111000010 1010000111 10010000010 10001001011 10001100001 10111110011 10011110111 23.188 42.618 1005.3 127664 17 -126 11 58 51 4 $GNGGA,124954.00,,,,,0,00,99.9,,,,,,*4E
45 12 49 55 Nan Nan Nan 1101011101 1011001111 11011100100 1110111101 10001010111 10001010010 10010101000 10100001110 101011110 1101100011 1001111111 1111000001 1010001101 10010000001 10001000101 10001011101 10111110011 10011101111 23.188 42.557 1005.3 128504 17 -126 12 59 51 3 $GNGGA,124955.00,,,,,0,00,99.9,,,,,,*4F
46 12 49 56 Nan Nan Nan 1101011110 1011001111 11011100011 1111000011 10001011111 10001001111 10010100110 10100010001 101100110 1101100100 1010000011 1111000011 1010001001 10001111111 10001000101 10001010111 10111110010 10011101111 23.188 42.542 1005.3 129504 16 -125 11 59 51 4 $GNGGA,124956.00,,,,,0,00,99.9,,,,,,*4C
46 12 49 57 Nan Nan Nan 1101011101 1011010100 11011101001 1111001010 10001011101 10001010011 10010100101 10100010010 101100011 1101100011 1010000100 1111000111 1010000111 10010000010 10001001000 10001011110 10111101100 10011110000 23.188 42.542 1005.3 130502 18 -126 10 60 50 4 $GNGGA,124957.00,,,,,0,00,99.9,,,,,,*4D
46 12 49 58 Nan Nan Nan 1101011101 1011010001 11011100100 1111000011 10001011100 10001001110 10010100011 10100001110 101100100 1101100100 1010000100 1111000101 1010000110 10010000000 10001001010 10001011111 10111101010 10011101001 23.188 42.512 1005.3 131502 16 -126 11 59 51 4 $GNGGA,124958.00,,,,,0,00,99.9,,,,,,*42
47 12 49 59 Nan Nan Nan 1101011101 1011010010 11011100011 1110111110 10001011011 10001001001 10010011111 10100010100 101100011 1101100011 1010000101 1111000011 1010001010 10010000001 10001000111 10001011010 10111110111 10011110101 23.188 42.473 1005.3 132501 17 -125 11 60 50 4 $GNGGA,124959.00,,,,,0,00,99.9,,,,,,*43
48 12 50 00 Nan Nan Nan 1101011101 1011010010 11011100111 1111000000 10001011010 10001001110 10010100100 10100000011 101010111 1101100011 1010000100 1111000010 1010001110 10010000001 10000111111 10001011000 10111110011 10011110100 23.188 42.443 1005.3 133659 18 -126 11 60 51 3 $GNGGA,125000.00,,,,,0,00,99.9,,,,,,*47
48 12 50 01 Nan Nan Nan 1101011101 1011010001 11011100110 1111000011 10001011110 10001001011 10010100111 10100001111 101100000 1101100011 1010000001 1111000010 1010001011 10010000001 10001000010 10001011011 10111101110 10011110100 23.188 42.443 1005.3 134499 16 -125 11 59 51 4 $GNGGA,125001.00,,,,,0,00,99.9,,,,,,*46
48 12 50 02 Nan Nan Nan 1101011101 1011010100 11011101000 1111000010 10001100000 10001001111 10010101000 10100001101 101011001 1101100100 1010000001 1111000011 1010001111 10010000000 10001000101 10001011010 10111101100 10011101111 23.188 42.473 1005.3 135497 18 -126 10 58 51 4 $GNGGA,125002.00,,,,,0,00,99.9,,,,,,*45
48 12 50 03 Nan Nan Nan 1101011101 1011010000 11011100101 1111000001 10001011001 10001010010 10010100110 10100010001 101011101 1101100100 1001111100 1111000000 1010001101 10010000001 10001000100 10001010110 10111111101 10011111101 23.125 42.473 1005.3 136496 17 -126 11 59 51 4 $GNGGA,125003.00,,,,,0,00,99.9,,,,,,*44
49 12 50 04 Nan Nan Nan 1101011101 1011001111 11011100011 1111000101 10001011011 10001010010 10010101000 10100010010 101011101 1101100100 1010000000 1111000010 1010001111 10001111111 10001000101 10001011000 10111101010 10011110010 23.188 42.450 1005.3 137495 18 -126 10 59 51 4 $GNGGA,125004.00,,,,,0,00,99.9,,,,,,*43
49 12 50 05 Nan Nan Nan 1101011101 1011001110 11011100000 1111000001 10001011101 10001010001 10010100011 10100010010 101011100 1101100011 1010000010 1111000010 1010010011 10010000011 10001000101 10001011001 10111111001 10011111010 23.188 42.428 1005.3 138494 17 -126 12 59 51 3 $GNGGA,125005.00,,,,,0,00,99.9,,,,,,*42
50 12 50 06 Nan Nan Nan 1101011101 1011010011 11011100101 1111000110 10001011110 10001001010 10010100100 10100011001 101100011 1101100100 1010000100 1111000101 1010010110 10010000100 10001000101 10001011001 10111101111 10011110110 23.188 42.389 1005.3 139652 17 -126 11 58 51 4 $GNGGA,125006.00,,,,,0,00,99.9,,,,,,*41
50 12 50 07 Nan Nan Nan 1101011101 1011010011 11011100101 1111000100 10001011100 10001001111 10010100100 10100010001 101011001 1101100100 1010000100 1111000011 1010010010 10010000010 10001001001 10001011101 10111101100 10011110011 23.125 42.382 1005.3 140492 18 -126 11 59 51 3 $GNGGA,125007.00,,,,,0,00,99.9,,,,,,*40
51 12 50 08 Nan Nan Nan 1101011101 1011010000 11011100010 1111001000 10001011011 10001001000 10010100001 10100010001 101011111 1101100100 1010000110 1111000100 1010001111 10010000010 10001000111 10001011011 10111101111 10011110011 23.125 42.351 1005.3 141492 16 -125 11 59 51 4 $GNGGA,125008.00,,,,,0,00,99.9,,,,,,*4F
51 12 50 09 Nan Nan Nan 1101011101 1011001111 11011100011 1111000011 10001011010 10001010001 10010101001 10100001111 101100000 1101100100 1010000110 1111000010 1010000110 10010000000 10001000101 10001011001 10111101111 10011110000 23.125 42.328 1005.3 142490 18 -126 10 59 51 4 $GNGGA,125009.00,,,,,0,00,99.9,,,,,,*4E
51 12 50 10 Nan Nan Nan 1101011101 1011010010 11011100101 1110111101 10001011001 10001010010 10010100111 10100001101 101011011 1101100100 1010000110 1111000100 1010001000 10001111111 10001001000 10001011010 10111101000 10011101100 23.188 42.275 1005.3 143489 17 -125 11 58 51 4 $GNGGA,125010.00,,,,,0,00,99.9,,,,,,*46
52 12 50 11 Nan Nan Nan 1101011101 1011010011 11011100110 1111000001 10001011101 10001001011 10010100101 10100011000 101011111 1101100100 1010000101 1111000011 1010001011 10001111111 10001000100 10001011111 10111101101 10011101100 23.125 42.237 1005.3 144489 18 -125 10 60 50 4 $GNGGA,125011.00,,,,,0,00,99.9,,,,,,*47
53 12 50 12 Nan Nan Nan 1101011101 1011001111 11011100010 1111000001 10001011100 10001010010 10010101010 10100010001 101011101 1101100100 1010001000 1111000011 1010001110 10010000011 10001001000 10001011010 10111110001 10011110111 23.125 42.229 1005.4 145647 18 -126 11 59 51 3 $GNGGA,125012.00,,,,,0,00,99.9,,,,,,*44
53 12 50 13 Nan Nan Nan 1101011101 1011010001 11011100011 1111000010 10001011110 10001001010 10010100000 10100001010 101011000 1101100100 1010000110 1111000011 1010001101 10010000001 10001000111 10001011001 10111101010 10011101101 23.125 42.222 1005.4 146487 16 -125 11 59 51 4 $GNGGA,125013.00,,,,,0,00,99.9,,,,,,*45
53 12 50 14 Nan Nan Nan 1101011101 1011010010 11011100101 1111000110 10001011110 10001000111 10010100000 10100010011 101100100 1101100011 1010000011 1111000010 1010001101 10010000010 10001000110 10001011011 10111101101 10011110100 23.125 42.191 1005.4 147484 18 -126 10 59 51 4 $GNGGA,125014.00,,,,,0,00,99.9,,,,,,*42
53 12 50 15 Nan Nan Nan 1101011101 1011010101 11011100111 1111000011 10001100000 10001001010 10010011110 10100010000 101100001 1101100100 1010000010 1111000010 1010001110 10010000010 10001000111 10001011010 10111101100 10011101000 23.125 42.176 1005.4 148485 16 -126 11 59 51 4 $GNGGA,125015.00,,,,,0,00,99.9,,,,,,*43
54 12 50 16 Nan Nan Nan 1101011101 1011001110 11011100010 1111000001 10001011111 10001001000 10010011101 10100001111 101011111 1101100100 1010000110 1111000100 1010000111 10010000000 10001000011 10001011100 10111101110 10011110111 23.125 42.168 1005.4 149484 17 -125 11 60 50 4 $GNGGA,125016.00,,,,,0,00,99.9,,,,,,*40
54 12 50 17 Nan Nan Nan 1101011101 1011010010 11011100011 1111000000 10001011011 10001001111 10010100110 10100001110 101100010 1101100100 1010000011 1111000010 1010001110 10010000001 10001000100 10001011010 10111101011 10011101110 23.125 42.168 1005.4 150482 17 -126 12 59 51 3 $GNGGA,125017.00,,,,,0,00,99.9,,,,,,*41
55 12 50 18 Nan Nan Nan 1101011101 1011001111 11011011111 1111000101 10001011011 10001001101 10010100101 10100001101 101101001 1101100100 1010000100 1111000100 1010001000 10010000001 10001000111 10001011100 10111100100 10011100010 23.125 42.145 1005.3 151641 17 -126 11 58 51 4 $GNGGA,125018.00,,,,,0,00,99.9,,,,,,*4E
55 12 50 19 Nan Nan Nan 1101011101 1011001111 11011100001 1111000111 10001011101 10001001010 10010100101 10100001101 101100111 1101100100 1010000101 1111000100 1010001000 10010000010 10001000010 10001011011 10111101001 10011101000 23.125 42.168 1005.3 152480 18 -126 11 58 51 3 $GNGGA,125019.00,,,,,0,00,99.9,,,,,,*4F
56 12 50 20 Nan Nan Nan 1101011101 1011010010 11011100011 1111000011 10001011110 10001001110 10010100011 10100010100 101101110 1101100100 1010000110 1111000011 1010001010 10010000011 10001001001 10001011010 10111101101 10011101110 23.125 42.176 1005.3 153480 17 -126 10 58 52 4 $GNGGA,125020.00,,,,,0,00,99.9,,,,,,*45
56 12 50 21 Nan Nan Nan 1101011101 1011010000 11011100001 1111000100 10001011101 10001010001 10010100100 10100010110 101101010 1101100100 1010000101 1111000011 1010010000 10010000010 10001000111 10001011011 10111101011 10011101101 23.125 42.191 1005.3 154477 18 -126 10 59 51 4 $GNGGA,125021.00,,,,,0,00,99.9,,,,,,*44
56 12 50 22 Nan Nan Nan 1101011101 1011010000 11011100101 1110111110 10001011101 10001001100 10010100010 10100011000 101100111 1101100100 1010000101 1111000100 1010001101 10010000001 10001000110 10001011100 10111101011 10011110001 23.125 42.222 1005.3 155478 16 -125 12 59 51 3 $GNGGA,125022.00,,,,,0,00,99.9,,,,,,*47
57 12 50 23 Nan Nan Nan 1101011101 1011010010 11011100101 1110111110 10001011001 10001010000 10010100101 10100001100 101010111 1101100100 1010000110 1111000101 1010001100 10010000001 10001000100 10001011010 10111101101 10011110111 23.125 42.214 1005.4 156477 18 -126 11 60 51 3 $GNGGA,125023.00,,,,,0,00,99.9,,,,,,*46
58 12 50 24 Nan Nan Nan 1101011101 1011010010 11011100110 1111000010 10001011100 10001001000 10010011100 10100001101 101100001 1101100100 1010000101 1111000011 1010001110 10010000001 10001000011 10001010110 10111101100 10011110101 23.125 42.199 1005.4 157635 18 -126 11 60 51 3 $GNGGA,125024.00,,,,,0,00,99.9,,,,,,*41
58 12 50 25 Nan Nan Nan 1101011101 1011010101 11011100110 1110111110 10001011010 10001001111 10010101010 10100011111 101100111 1101100100 1010000110 1111000101 1010010110 10010000010 10001000000 10001011000 10111100101 10011110010 23.125 42.199 1005.4 158475 16 -125 11 59 51 4 $GNGGA,125025.00,,,,,0,00,99.9,,,,,,*40
58 12 50 26 Nan Nan Nan 1101011101 1011010001 11011100001 1110111101 10001011010 10001001101 10010011101 10100010000 101100100 1101100100 1010000101 1111000011 1010001010 10010000001 10001000101 10001010100 10111101101 10011110001 23.125 42.191 1005.4 159473 18 -126 10 60 50 4 $GNGGA,125026.00,,,,,0,00,99.9,,,,,,*43
58 12 50 27 Nan Nan Nan 1101011101 1011010100 11011100011 1111000010 10001011110 10001001110 10010100101 10100001110 101100010 1101100100 1010000110 1111000110 1010010010 10010000011 10001000010 10001010011 10111101111 10011110011 23.125 42.222 1005.4 160473 16 -126 11 59 51 4 $GNGGA,125027.00,,,,,0,00,99.9,,,,,,*42
59 12 50 28 Nan Nan Nan 1101011101 1011010101 11011100101 1111000101 10001011001 10001001011 10010100101 10100001111 101100011 1101100100 1010001000 1111000100 1010001101 10001111111 10001000001 10001010111 10111101100 10011110111 23.125 42.237 1005.4 161472 17 -126 11 60 51 3 $GNGGA,125028.00,,,,,0,00,99.9,,,,,,*4D
59 12 50 29 Nan Nan Nan 1101011101 1011010010 11011100100 1111000111 10001011110 10001001011 10010100100 10100001111 101011001 1101100100 1010000101 1111000011 1010001010 10010000000 10001000011 10001010111 10111101110 10011111001 23.125 42.260 1005.4 162470 17 -126 12 58 51 3 $GNGGA,125029.00,,,,,0,00,99.9,,,,,,*4C
60 12 50 30 Nan Nan Nan 1101011101 1011001100 11011011101 1111000101 10001011101 10001001101 10010100000 10100010111 101100010 1101100100 1010000101 1111000010 1010001011 10001111111 10001000011 10001010100 10111101001 10011110011 23.125 42.374 1005.4 163631 16 -125 11 59 50 5 $GNGGA,125030.00,,,,,0,00,99.9,,,,,,*44
60 12 50 31 Nan Nan Nan 1101011101 1011010010 11011100100 1111000011 10001011010 10001001001 10010100001 10100010101 101101011 1101100011 1010000010 1111000001 1010001110 10010000001 10000111110 10001010111 10111101000 10011101001 23.125 42.428 1005.4 164468 18 -126 10 58 51 4 $GNGGA,125031.00,,,,,0,00,99.9,,,,,,*45
60 12 50 32 Nan Nan Nan 1101011101 1011010001 11011100101 1111000000 10001011001 10001001111 10010100110 10100001101 101100011 1101100100 1010000010 1111000010 1010001100 10001111111 10000111110 10001010101 10111100101 10011101100 23.125 42.405 1005.4 165467 17 -126 11 59 51 4 $GNGGA,125032.00,,,,,0,00,99.9,,,,,,*46
61 12 50 33 Nan Nan Nan 1101011101 1011010010 11011100001 1111000010 10001011010 10001001011 10010011100 10100010000 101100100 1101100100 1010000101 1111000010 1010001110 10010000000 10000111101 10001010111 10111100101 10011101010 23.125 42.397 1005.4 166466 18 -126 10 59 51 4 $GNGGA,125033.00,,,,,0,00,99.9,,,,,,*47
61 12 50 34 Nan Nan Nan 1101011101 1011010001 11011100011 1110111111 10001011011 10001001010 10010011100 10100010000 101100000 1101100100 1010000100 1111000010 1010001011 10010000000 10000111011 10001010001 10111101100 10011110011 23.125 42.450 1005.4 167465 17 -126 12 59 51 3 $GNGGA,125034.00,,,,,0,00,99.9,,,,,,*40
