id HH MM SS longitude latitude altitude adc_1_ch0 adc_1_ch1 adc_1_ch2 adc_1_ch3 adc_1_ch4 adc_1_ch5 adc_1_ch6 adc_1_ch7 adc_1_ch8 adc_2_ch0 adc_2_ch1 adc_2_ch2 adc_2_ch3 adc_2_ch4 adc_2_ch5 adc_2_ch6 adc_2_ch7 adc_2_ch8 temp hum pres t_prog t_gps t_split t_adc t_temp t_hum t_pres trame_gga
0 12 50 49 Nan Nan Nan 1101011101 1011010000 11011100010 1111000011 10001011101 10001001110 10010011101 10100001010 101100000 1101100100 1010000100 1111000101 1010010101 10010000010 10001000101 10001010011 10111100100 10011101110 23.125 42.512 795.83 1948 18 -126 10 59 51 4 $GNGGA,125049.00,,,,,0,00,99.9,,,,,,*4A
0 12 50 50 Nan Nan Nan 1101011101 1011010100 11011100101 1111000011 10001011101 10001001101 10010100001 10100000101 101010100 1101100011 1010000011 1111000101 1010001011 10010000001 10001000010 10001010011 10111100111 10011101011 23.125 42.626 1005.3 2947 17 -126 11 59 51 4 $GNGGA,125050.00,,,,,0,00,99.9,,,,,,*42
1 12 50 51 Nan Nan Nan 1101011101 1011010000 11011100011 1111000010 10001011100 10001000101 10010011010 10100001011 101100011 1101100100 1010000100 1111000010 1010001101 10010000001 10001000001 10001011100 10111100011 10011101011 23.125 42.756 1005.3 3946 18 -126 11 59 51 3 $GNGGA,125051.00,,,,,0,00,99.9,,,,,,*43
1 12 50 52 Nan Nan Nan 1101011101 1011010000 11011100100 1111001000 10001100000 10001001101 10010100000 10100001011 101100110 1101100011 1010000111 1111000101 1010001110 10001111111 10000111111 10001010001 10111100011 10011101000 23.125 42.878 1005.3 4945 17 -126 12 59 51 3 $GNGGA,125052.00,,,,,0,00,99.9,,,,,,*40
2 12 50 53 Nan Nan Nan 1101011101 1011010011 11011100011 1111000001 10001011010 10001001010 10010100011 10100000111 101100001 1101100100 1010000101 1111000011 1010001001 10010000010 10001000100 10001010110 10111101001 10011101101 23.125 42.748 1005.3 5945 16 -125 11 60 50 4 $GNGGA,125053.00,,,,,0,00,99.9,,,,,,*41
3 12 50 54 Nan Nan Nan 1101011101 1011010001 11011100011 1111000110 10001011110 10001000010 10010011001 10100001110 101101001 1101100100 1010000101 1111000011 1010001111 10010000001 10001000000 10001010011 10111101111 10011110010 23.063 42.641 1005.4 7103 17 -125 11 60 50 4 $GNGGA,125054.00,,,,,0,00,99.9,,,,,,*46
3 12 50 55 Nan Nan Nan 1101011101 1011010000 11011100110 1111000001 10001011011 10001000111 10010011000 10100001100 101011110 1101100100 1010000101 1111000100 1010001100 10001111111 10000111110 10001010101 10111100011 10011101101 23.125 42.618 1005.4 7943 17 -126 11 59 52 3 $GNGGA,125055.00,,,,,0,00,99.9,,,,,,*47
3 12 50 56 Nan Nan Nan 1101011101 1011010011 11011100100 1111000001 10001011011 10001001101 10010100001 10100010100 101100011 1101100100 1010000111 1111000010 1010001101 10001111110 10001000000 10001010110 10111100101 10011101100 23.125 42.672 1005.4 8941 18 -126 11 59 51 3 $GNGGA,125056.00,,,,,0,00,99.9,,,,,,*44
3 12 50 57 Nan Nan Nan 1101011101 1011010011 11011100100 1111000100 10001011010 10001001100 10010100111 10100010010 101100100 1101100100 1010001000 1111000110 1010010010 10010000010 10001000101 10001011011 10111101011 10011101110 23.063 42.588 1005.4 9940 16 -125 12 59 50 4 $GNGGA,125057.00,,,,,0,00,99.9,,,,,,*45
3 12 50 58 Nan Nan Nan 1101011101 1011010100 11011100101 1110111101 10001011011 10001001000 10010011100 10100001111 101100100 1101100100 1010001000 1111000111 1010001011 10010000000 10000111110 10001010011 10111101001 10011110010 23.125 42.565 1005.4 10939 17 -126 10 59 51 4 $GNGGA,125058.00,,,,,0,00,99.9,,,,,,*4A
3 12 50 59 Nan Nan Nan 1101011101 1011010011 11011100010 1111000101 10001011010 10001001010 10010100100 10100001100 101100101 1101100100 1010000111 1111000010 1010001010 10010000000 10001000001 10001010101 10111100110 10011101100 23.125 42.611 1005.3 11938 17 -126 11 58 51 4 $GNGGA,125059.00,,,,,0,00,99.9,,,,,,*4B
4 12 51 00 Nan Nan Nan 1101011101 1011010001 11011100011 1110111111 10001011010 10001001001 10010011100 10100001001 101011100 1101100100 1010000110 1111000100 1010010110 10010000010 10000111110 10001010100 10111101011 10011110000 23.063 42.504 1005.4 13097 17 -126 12 59 51 3 $GNGGA,125100.00,,,,,0,00,99.9,,,,,,*46
4 12 51 01 Nan Nan Nan 1101011101 1011010101 11011100100 1110111011 10001011100 10001000111 10010011110 10100000100 101010101 1101100100 1010000111 1111000101 1010010010 10010000011 10001000000 10001011001 10111100111 10011101110 23.063 42.527 1005.3 13935 18 -126 10 60 50 4 $GNGGA,125101.00,,,,,0,00,99.9,,,,,,*47
4 12 51 02 Nan Nan Nan 1101011101 1011010001 11011100010 1110111111 10001011011 10001001110 10010100111 10100001000 101011111 1101100100 1010000110 1111000001 1010010011 10010000011 10001000001 10001010101 10111100111 10011101111 23.063 42.481 1005.4 14936 16 -124 12 59 51 3 $GNGGA,125102.00,,,,,0,00,99.9,,,,,,*44
5 12 51 03 Nan Nan Nan 1101011101 1011001110 11011100000 1110111001 10001011010 10001001001 10010100000 10100001010 101100010 1101100100 1010001001 1111000100 1010001110 10001111111 10001000001 10001010011 10111100010 10011101111 23.063 42.420 1005.4 15934 18 -126 10 60 50 4 $GNGGA,125103.00,,,,,0,00,99.9,,,,,,*45
5 12 51 04 Nan Nan Nan 1101011110 1011001110 11011100010 1110111000 10001011011 10001000111 10010011100 10100001100 101101010 1101100100 1010000101 1111000011 1010010100 10010000100 10001000011 10001010011 10111100111 10011101010 23.063 42.321 1005.3 16933 16 -125 12 59 50 4 $GNGGA,125104.00,,,,,0,00,99.9,,,,,,*42
6 12 51 05 Nan Nan Nan 1101011101 1011010000 11011100001 1110111011 10001011100 10001001010 10010011111 10100001110 101100001 1101100100 1010000100 1111000011 1010010101 10010000011 10001000010 10001010100 10111100111 10011110100 23.063 42.702 1005.3 17933 17 -125 10 59 51 4 $GNGGA,125105.00,,,,,0,00,99.9,,,,,,*43
7 12 51 06 Nan Nan Nan 1101011101 1011010100 11011100100 1111000000 10001011101 10001001000 10010100001 10100001010 101011101 1101100100 1010000100 1111000110 1010010110 10010000010 10001000011 10001010001 10111100110 10011101000 23.063 42.969 1005.3 19091 18 -126 11 60 51 3 $GNGGA,125106.00,,,,,0,00,99.9,,,,,,*40
7 12 51 07 Nan Nan Nan 1101011101 1011010001 11011100001 1110111011 10001011011 10001001001 10010011101 10100001011 101100101 1101100100 1010000101 1111000011 1010001110 10010000001 10001000010 10001011001 10111100100 10011101001 23.063 43.068 1005.3 19931 17 -126 11 59 51 4 $GNGGA,125107.00,,,,,0,00,99.9,,,,,,*41
8 12 51 08 Nan Nan Nan 1101011101 1011010000 11011100001 1110111011 10001011100 10001001011 10010011101 10100000001 101011110 1101100100 1010000111 1111000100 1010010000 10010000011 10001000000 10001010100 10111101000 10011101110 23.063 43.046 1005.3 20930 18 -125 10 60 50 4 $GNGGA,125108.00,,,,,0,00,99.9,,,,,,*4E
8 12 51 09 Nan Nan Nan 1101011101 1011010001 11011100001 1111000000 10001011010 10001000111 10010011110 10100001111 101101001 1101100100 1010000100 1111000101 1010010000 10010000011 10001000010 10001011001 10111100101 10011110001 23.063 42.946 1005.3 21928 17 -126 11 58 51 4 $GNGGA,125109.00,,,,,0,00,99.9,,,,,,*4F
9 12 51 10 Nan Nan Nan 1101011101 1011001111 11011100011 1111000111 10001011101 10001001001 10010011011 10100001010 101100100 1101100100 1010001000 1111000011 1010010011 10010000011 10001000001 10001010111 10111100111 10011101000 23.063 42.885 1005.4 22928 17 -125 10 60 50 4 $GNGGA,125110.00,,,,,0,00,99.9,,,,,,*47
9 12 51 11 Nan Nan Nan 1101011101 1011010001 11011100010 1111000110 10001011100 10001000111 10010011101 10100001000 101100000 1101100100 1010001001 1111000101 1010001110 10010000001 10001000001 10001010110 10111101011 10011110010 23.063 42.916 1005.3 23926 18 -126 10 58 51 4 $GNGGA,125111.00,,,,,0,00,99.9,,,,,,*46
10 12 51 12 Nan Nan Nan 1101011101 1011001110 11011100010 1111000011 10001011010 10001001100 10010100000 10100001010 101100000 1101100100 1010000101 1111000001 1010010001 10010000001 10000111100 10001010101 10111100011 10011110000 23.063 42.939 1005.4 25083 17 -126 11 58 51 4 $GNGGA,125112.00,,,,,0,00,99.9,,,,,,*45
10 12 51 13 Nan Nan Nan 1101011101 1011010010 11011100001 1111001000 10001011111 10001000110 10010011010 10100000111 101100000 1101100100 1010000101 1111000010 1010001101 10010000010 10000111101 10001001110 10111100110 10011101010 23.063 42.916 1005.3 25924 18 -126 10 59 51 4 $GNGGA,125113.00,,,,,0,00,99.9,,,,,,*44
10 12 51 14 Nan Nan Nan 1101011101 1011010111 11011100101 1111000100 10001011101 10001000101 10010011110 10100000010 101011110 1101100100 1010000101 1111000100 1010001111 10010000000 10001000010 10001010110 10111100110 10011101111 23.063 42.855 1005.4 26924 17 -125 12 59 51 3 $GNGGA,125114.00,,,,,0,00,99.9,,,,,,*43
11 12 51 15 Nan Nan Nan 1101011101 1011010110 11011101000 1111000000 10001011010 10001000110 10010011011 10100010100 101101100 1101100100 1010000110 1111000101 1010001111 10010000100 10001000001 10001010110 10111011001 10011010111 23.063 42.695 1005.4 27922 18 -126 10 59 51 4 $GNGGA,125115.00,,,,,0,00,99.9,,,,,,*42
11 12 51 16 Nan Nan Nan 1101011101 1011010011 11011100100 1111000000 10001011100 10001000110 10010011101 10100001111 101100100 1101100100 1010001000 1111000100 1010001111 10010000010 10001000001 10001010001 10111011011 10011101000 23.063 42.580 1005.3 28921 17 -126 12 58 51 3 $GNGGA,125116.00,,,,,0,00,99.9,,,,,,*41
12 12 51 17 Nan Nan Nan 1101011101 1011010001 11011100010 1111000010 10001011010 10001001011 10010011110 10100001110 101100110 1101100100 1010001000 1111000011 1010001110 10010000001 10000111111 10001010000 10111100101 10011101010 23.063 42.504 1005.3 29921 16 -125 11 59 51 4 $GNGGA,125117.00,,,,,0,00,99.9,,,,,,*40
13 12 51 18 Nan Nan Nan 1101011101 1011010100 11011100101 1110111101 10001011001 10001001010 10010100101 10100001001 101100110 1101100100 1010000101 1111000001 1010001010 10010000001 10000111110 10001001111 10111100111 10011101101 23.063 42.473 1005.3 31080 18 -125 10 60 50 4 $GNGGA,125118.00,,,,,0,00,99.9,,,,,,*4F
13 12 51 19 Nan Nan Nan 1101011101 1011010101 11011100110 1111000101 10001011010 10001000111 10010100000 10100010010 101101010 1101100100 1010000011 1111000011 1010010010 10010000011 10001000000 10001010010 10111011101 10011101010 23.063 42.603 1005.3 31918 17 -126 10 58 51 5 $GNGGA,125119.00,,,,,0,00,99.9,,,,,,*4E
14 12 51 20 Nan Nan Nan 1101011101 1011010010 11011100001 1111000110 10001011101 10001000110 10010011111 10100010010 101110010 1101100100 1010000111 1111000011 1010010100 10010000010 10001000000 10001010010 10111100101 10011110000 23.063 42.748 1005.4 32917 18 -126 10 60 50 4 $GNGGA,125120.00,,,,,0,00,99.9,,,,,,*44
14 12 51 21 Nan Nan Nan 1101011101 1011010010 11011100010 1111000011 10001011011 10001000011 10010011001 10100001110 101100100 1101100011 1010000101 1111000100 1010010011 10010000000 10001000001 10001010011 10111100000 10011100101 23.063 42.771 1005.4 33916 17 -126 12 59 51 3 $GNGGA,125121.00,,,,,0,00,99.9,,,,,,*45
15 12 51 22 Nan Nan Nan 1101011101 1011010100 11011100101 1111000110 10001011010 10001001000 10010011011 10100000011 101100100 1101100100 1010000111 1111000010 1010010010 10010000010 10001000010 10001010110 10111100100 10011100110 23.063 42.946 1005.4 34916 16 -125 11 60 50 4 $GNGGA,125122.00,,,,,0,00,99.9,,,,,,*46
15 12 51 23 Nan Nan Nan 1101011101 1011010011 11011100011 1111000010 10001011101 10001000000 10010010011 10100001000 101101001 1101100100 1010000111 1111000000 1010010100 10010000010 10001000000 10001010101 10111011111 10011101011 23.063 43.229 1005.4 35914 17 -125 11 59 50 4 $GNGGA,125123.00,,,,,0,00,99.9,,,,,,*47
16 12 51 24 Nan Nan Nan 1101011101 1011010010 11011100011 1111001000 10001011111 10001000011 10010011011 10100000110 101101000 1101100100 1010001000 1111000011 1010001011 10010000001 10001000010 10001010110 10111100101 10011101111 23.063 43.381 1005.4 37071 17 -126 11 58 51 4 $GNGGA,125124.00,,,,,0,00,99.9,,,,,,*40
16 12 51 25 Nan Nan Nan 1101011101 1011010001 11011011111 1111000011 10001011010 10001001000 10010011101 10100000101 101101101 1101100100 1010000010 1110111111 1010001010 10010000000 10000111000 10001010000 10111100001 10011101111 23.063 43.412 1005.4 37913 17 -125 11 60 50 4 $GNGGA,125125.00,,,,,0,00,99.9,,,,,,*41
16 12 51 26 Nan Nan Nan 1101011101 1011010001 11011100011 1111000011 10001011011 10001000011 10010011100 10100001011 101101101 1101100011 1010001001 1111000110 1010010100 10010000010 10001000011 10001010101 10111100100 10011101001 23.063 43.366 1005.3 38912 17 -125 12 58 51 3 $GNGGA,125126.00,,,,,0,00,99.9,,,,,,*42
17 12 51 27 Nan Nan Nan 1101011101 1011010000 11011100010 1111000100 10001011100 10001001111 10010100001 10100000000 101100100 1101100100 1010000101 1111000101 1010001111 10010000001 10000111101 10001001111 10111011110 10011101010 23.063 43.267 1005.3 39911 17 -125 11 60 50 4 $GNGGA,125127.00,,,,,0,00,99.9,,,,,,*43
17 12 51 28 Nan Nan Nan 1101011101 1011010001 11011100010 1111000000 10001010110 10001001001 10010011111 10100000101 101100000 1101100011 1010001001 1111000100 1010001111 10010000001 10000111100 10001001111 10111100001 10011101101 23.063 43.160 1005.3 40909 17 -126 11 58 51 4 $GNGGA,125128.00,,,,,0,00,99.9,,,,,,*4C
18 12 51 29 Nan Nan Nan 1101011101 1011010001 11011100101 1111000101 10001011011 10001000011 10010011010 10100000001 101100010 1101100100 1010000110 1111000011 1010010000 10010000001 10001000000 10001010110 10111100001 10011101011 23.063 43.030 1005.3 41909 17 -126 11 59 52 3 $GNGGA,125129.00,,,,,0,00,99.9,,,,,,*4D
19 12 51 30 Nan Nan Nan 1101011101 1011010110 11011100110 1110111010 10001011010 10001000011 10010011011 10100000001 101011011 1101100100 1010000111 1111000010 1010001111 10001111111 10001000010 10001010101 10111100101 10011101010 23.125 42.878 1005.3 43066 16 -125 11 60 51 3 $GNGGA,125130.00,,,,,0,00,99.9,,,,,,*45
19 12 51 31 Nan Nan Nan 1101011101 1011010010 11011100011 1111000001 10001011100 10001001011 10010011101 10100001000 101100010 1101100100 1010001000 1111000100 1010001111 10010000010 10000111110 10001010010 10111100010 10011101110 23.063 42.809 1005.3 43907 16 -125 11 59 50 5 $GNGGA,125131.00,,,,,0,00,99.9,,,,,,*44
20 12 51 32 Nan Nan Nan 1101011101 1011010001 11011100001 1111000111 10001011101 10001001000 10010011100 10100001110 101100111 1101100100 1010000101 1111000010 1010010001 10010000010 10000111101 10001001111 10111010111 10011011100 23.063 42.702 1005.4 44905 18 -126 10 59 51 4 $GNGGA,125132.00,,,,,0,00,99.9,,,,,,*47
20 12 51 33 Nan Nan Nan 1101011101 1011010010 11011100100 1111000110 10001011111 10001000110 10010011100 10100001100 101101001 1101100011 1010000100 1111000010 1010001001 10001111111 10000111111 10001010010 10111100001 10011101011 23.063 42.702 1005.3 45904 17 -126 12 59 51 3 $GNGGA,125133.00,,,,,0,00,99.9,,,,,,*46
21 12 51 34 Nan Nan Nan 1101011101 1011010011 11011100110 1111000100 10001011010 10001000101 10010011010 10100000000 101100111 1101100100 1010000110 1111000011 1010010010 10010000010 10001000000 10001010010 10111100111 10011101000 23.063 42.679 1005.3 46904 16 -125 11 59 51 4 $GNGGA,125134.00,,,,,0,00,99.9,,,,,,*41
21 12 51 35 Nan Nan Nan 1101011101 1011011000 11011100111 1111000001 10001011010 10001001010 10010011111 10100001100 101101101 1101100100 1010000101 1111000010 1010001011 10010000001 10000111000 10001001111 10111100000 10011101000 23.063 42.702 1005.3 47902 18 -126 11 60 51 3 $GNGGA,125135.00,,,,,0,00,99.9,,,,,,*40
22 12 51 36 Nan Nan Nan 1101011101 1011010010 11011100011 1111000101 10001011111 10001000111 10010011011 10100000100 101100011 1101100011 1010000110 1111001000 1010001111 10010000011 10000111111 10001010001 10111100010 10011100000 23.063 42.733 1005.3 49061 17 -126 12 59 51 3 $GNGGA,125136.00,,,,,0,00,99.9,,,,,,*43
22 12 51 37 Nan Nan Nan 1101011101 1011001110 11011011111 1110111110 10001011010 10001000111 10010010111 10100010000 101101100 1101100100 1010000100 1111000011 1010001011 10010000010 10000111011 10001010011 10111100001 10011100111 23.063 42.733 1005.3 49900 18 -126 10 59 51 4 $GNGGA,125137.00,,,,,0,00,99.9,,,,,,*42
22 12 51 38 Nan Nan Nan 1101011101 1011010010 11011100001 1111000010 10001011001 10001000000 10010011000 10100001010 101100011 1101100100 1010000011 1111000000 1010010101 10010000010 10001000010 10001010101 10111100000 10011101100 23.063 42.649 1005.3 50899 17 -126 12 59 51 3 $GNGGA,125138.00,,,,,0,00,99.9,,,,,,*4D
23 12 51 39 Nan Nan Nan 1101011101 1011010001 11011100001 1111000011 10001011010 10001001001 10010100001 10100001101 101100110 1101100100 1010000110 1111000101 1010010101 10010000001 10000111100 10001010011 10111100001 10011101100 23.125 42.664 1005.3 51898 17 -126 10 59 51 4 $GNGGA,125139.00,,,,,0,00,99.9,,,,,,*4C
23 12 51 40 Nan Nan Nan 1101011101 1011010001 11011100001 1111001010 10001011110 10001000010 10010010110 10100010000 101101111 1101100011 1010000111 1111000101 1010010101 10010000001 10000111011 10001010010 10111011110 10011101100 23.063 42.626 1005.3 52897 18 -126 11 58 51 3 $GNGGA,125140.00,,,,,0,00,99.9,,,,,,*42
23 12 51 41 Nan Nan Nan 1101011101 1011010100 11011100100 1111000100 10001011011 10001001000 10010011110 10100001101 101100101 1101100100 1010000101 1111000011 1010010011 10010000001 10000111100 10001001110 10111011100 10011101101 23.063 42.618 1005.3 53896 16 -126 11 59 52 3 $GNGGA,125141.00,,,,,0,00,99.9,,,,,,*43
24 12 51 42 Nan Nan Nan 1101011101 1011010101 11011100111 1111000101 10001011110 10001000100 10010011110 10100010000 101100011 1101100100 1010000010 1111000010 1010010010 10010000001 10001000001 10001010011 10111100101 10011110000 23.063 42.618 1005.3 55054 17 -126 11 59 52 3 $GNGGA,125142.00,,,,,0,00,99.9,,,,,,*40
24 12 51 43 Nan Nan Nan 1101011110 1011010101 11011100101 1111000100 10001011100 10001000110 10010011011 10100001101 101101001 1101100100 1010001001 1111000100 1010010101 10010000011 10000111111 10001010011 10111100011 10011101101 23.063 42.595 1005.3 55895 17 -125 12 59 51 3 $GNGGA,125143.00,,,,,0,00,99.9,,,,,,*41
24 12 51 44 Nan Nan Nan 1101011101 1011010010 11011100001 1111000100 10001011010 10001000011 10010011000 10100000111 101100110 1101100100 1010001000 1111000101 1010001001 10010000001 10000111110 10001001100 10111100000 10011100111 23.063 42.901 1005.3 56893 17 -125 11 60 50 4 $GNGGA,125144.00,,,,,0,00,99.9,,,,,,*46
24 12 51 45 Nan Nan Nan 1101011101 1011010000 11011100000 1110111110 10001011101 10001000101 10010011100 10100000110 101011101 1101100100 1010000011 1111000000 1010010100 10010000011 10000111110 10001001111 10111100001 10011101100 23.063 42.985 1005.4 57892 17 -126 12 59 51 3 $GNGGA,125145.00,,,,,0,00,99.9,,,,,,*47
25 12 51 46 Nan Nan Nan 1101011101 1011010110 11011100101 1111000011 10001011010 10001000010 10010011011 10100001010 101100011 1101100011 1010001000 1111000100 1010011000 10010000000 10000111000 10001001110 10111011101 10011101010 23.063 42.992 1005.4 58892 16 -125 11 59 52 3 $GNGGA,125146.00,,,,,0,00,99.9,,,,,,*44
25 12 51 47 Nan Nan Nan 1101011101 1011010010 11011100001 1111000010 10001011100 10001000111 10010011100 10100001001 101100000 1101100100 1010001001 1111000100 1010001001 10001111111 10000111110 10001001100 10111011010 10011101001 23.125 42.931 1005.4 59890 18 -126 11 59 51 3 $GNGGA,125147.00,,,,,0,00,99.9,,,,,,*45
26 12 51 48 Nan Nan Nan 1101011101 1011010100 11011100001 1111000010 10001011110 10001000011 10010011011 10100000110 101101010 1101100100 1010000110 1111000010 1010010000 10010000001 10000111011 10001001111 10111011000 10011101000 23.125 42.847 1005.4 61047 17 -126 11 58 51 4 $GNGGA,125148.00,,,,,0,00,99.9,,,,,,*4A
26 12 51 49 Nan Nan Nan 1101011101 1011010101 11011100110 1111000001 10001011100 10001000100 10010011001 10100001000 101101011 1101100100 1010001101 1111000111 1010001111 10010000011 10000111000 10001001111 10111100001 10011101000 23.063 42.779 1005.4 61888 18 -126 10 59 51 4 $GNGGA,125149.00,,,,,0,00,99.9,,,,,,*4B
