id HH MM SS longitude latitude altitude adc_1_ch0 adc_1_ch1 adc_1_ch2 adc_1_ch3 adc_1_ch4 adc_1_ch5 adc_1_ch6 adc_1_ch7 adc_1_ch8 adc_2_ch0 adc_2_ch1 adc_2_ch2 adc_2_ch3 adc_2_ch4 adc_2_ch5 adc_2_ch6 adc_2_ch7 adc_2_ch8 temp hum pres t_prog t_gps t_split t_adc t_temp t_hum t_pres trame_gga
0 13 37 05 Nan Nan Nan 1101011110 1011100111 11010011111 1111000100 10001010101 1110111011 10000000000 10001111001 111011000 1101100101 1010101001 1110110010 1011111010 10010000011 1110111001 1110101110 10100000000 10001010001 23.188 42.557 795.83 2062 17 -126 10 60 50 4 $GNGGA,133705.00,,,,,0,00,99.9,,,,,,*42
1 13 37 06 Nan Nan Nan 1101011111 1011101000 11010100010 1111000110 10001010101 1110111110 10000001000 10001111011 111010110 1101100101 1010100110 1110101111 1011111100 10010000101 1110111000 1110101010 10100000001 10001010010 23.188 42.565 1005.1 3228 17 -125 11 60 50 4 $GNGGA,133706.00,,,,,0,00,99.9,,,,,,*41
1 13 37 07 Nan Nan Nan 1101011111 1011101010 11010100101 1110111111 10001010011 1110110001 1111111100 10001110010 111001000 1101100101 1010100110 1110110010 1011111101 10010000101 1110111000 1110101100 10100000011 10001001101 23.188 42.557 1005.1 4061 17 -125 10 59 51 4 $GNGGA,133707.00,,,,,0,00,99.9,,,,,,*40
1 13 37 08 Nan Nan Nan 1101011110 1011101010 11010100100 1111000100 10001010111 1110111011 1111111100 10001111010 111011110 1101100101 1010101010 1110110001 1100000001 10010000110 1110111110 1110110001 10100000010 10001010000 23.188 42.565 1005.1 5059 18 -126 11 59 51 3 $GNGGA,133708.00,,,,,0,00,99.9,,,,,,*4F
1 13 37 09 Nan Nan Nan 1101011110 1011101010 11010100101 1111000010 10001010110 1110111010 10000000001 10001111000 111011110 1101100101 1010101000 1110110001 1011111110 10010000100 1110110111 1110101010 10100000011 10001001101 23.188 42.550 1005.1 6059 16 -125 12 59 51 3 $GNGGA,133709.00,,,,,0,00,99.9,,,,,,*4E
1 13 37 10 Nan Nan Nan 1101011111 1011101011 11010100100 1111000011 10001011001 1110110101 1111111111 10001101110 111010111 1101100101 1010100111 1110110010 1011111100 10010000011 1110111001 1110101011 10100000001 10001010000 23.188 42.534 1005.1 7057 18 -126 10 59 51 4 $GNGGA,133710.00,,,,,0,00,99.9,,,,,,*46
1 13 37 11 Nan Nan Nan 1101011111 1011101010 11010100001 1111000101 10001011010 1110110111 10000000010 10001110100 111011011 1101100101 1010101010 1110110000 1011111010 10010000100 1110111111 1110110001 10100000001 10001001110 23.188 42.550 1005.1 8056 16 -125 12 59 50 4 $GNGGA,133711.00,,,,,0,00,99.9,,,,,,*47
2 13 37 12 Nan Nan Nan 1101011111 1011101001 11010100010 1111001100 10001011100 1110110101 1111111111 10001111100 111011100 1101100101 1010100111 1110101111 1011110100 10010000011 1110110111 1110101100 10100000011 10001010011 23.188 42.573 1005.1 9222 17 -126 11 58 52 3 $GNGGA,133712.00,,,,,0,00,99.9,,,,,,*44
2 13 37 13 Nan Nan Nan 1101011111 1011101011 11010100101 1111000111 10001011001 1110111000 1111111010 10001111000 111011000 1101100101 1010101011 1110110010 1011111001 10010000100 1110111110 1110110001 10100000000 10001001110 23.188 42.580 1005.1 10054 17 -126 11 60 51 3 $GNGGA,133713.00,,,,,0,00,99.9,,,,,,*45
2 13 37 14 Nan Nan Nan 1101011111 1011101000 11010011111 1111000001 10001011001 1110110110 1111111111 10001111000 111011011 1101100101 1010100110 1110101110 1011111011 10010000110 1110111011 1110101011 10100000111 10001010100 23.188 42.603 1005.1 11054 16 -125 11 59 51 4 $GNGGA,133714.00,,,,,0,00,99.9,,,,,,*42
2 13 37 15 Nan Nan Nan 1101011111 1011101001 11010011111 1111001000 10001011010 1110111100 10000000011 10001110111 111100001 1101100101 1010101010 1110101111 1011111011 10010000100 1110111100 1110110000 10100000011 10001010110 23.188 42.641 1005.1 12052 18 -126 10 59 51 4 $GNGGA,133715.00,,,,,0,00,99.9,,,,,,*43
2 13 37 16 Nan Nan Nan 1101011111 1011101000 11010100001 1111000101 10001011010 1110111001 10000000001 10001110011 111100100 1101100101 1010101100 1110110011 1011111011 10010000011 1110111110 1110110001 10100000110 10001010001 23.188 42.733 1005.1 13051 17 -125 11 59 50 4 $GNGGA,133716.00,,,,,0,00,99.9,,,,,,*40
2 13 37 17 Nan Nan Nan 1101011111 1011101001 11010100001 1111000010 10001010110 1110111110 10000001010 10001101011 111010001 1101100101 1010101001 1110101111 1011111010 10010000101 1110111101 1110101110 10100000001 10001010000 23.188 42.786 1005.1 14050 17 -126 11 59 52 3 $GNGGA,133717.00,,,,,0,00,99.9,,,,,,*41
3 13 37 18 Nan Nan Nan 1101011110 1011101011 11010100100 1111000001 10001010110 1110110111 10000000000 10001101100 111010011 1101100101 1010101001 1110110011 1011111010 10010000110 1110111111 1110101011 10011111101 10001001110 23.188 42.847 1005.1 15216 17 -125 11 60 50 4 $GNGGA,133718.00,,,,,0,00,99.9,,,,,,*4E
3 13 37 19 Nan Nan Nan 1101011110 1011101100 11010100011 1111000001 10001011001 1110110111 1111111111 10001101111 111011101 1101100101 1010101001 1110110011 1011111111 10010000110 1110110110 1110100111 10011111110 10001001101 23.188 42.954 1005.1 16048 17 -126 11 59 51 4 $GNGGA,133719.00,,,,,0,00,99.9,,,,,,*4F
4 13 37 20 Nan Nan Nan 1101011111 1011100111 11010011111 1111001011 10001011010 1110110111 10000000001 10001110011 111011110 1101100101 1010101101 1110110101 1011111101 10010000110 1110111011 1110101110 10100000000 10001001101 23.188 42.946 1005.1 17047 17 -126 11 60 51 3 $GNGGA,133720.00,,,,,0,00,99.9,,,,,,*45
4 13 37 21 Nan Nan Nan 1101011111 1011101110 11010100011 1111000110 10001010101 1110110010 1111110111 10001110101 111010100 1101100101 1010101010 1110110011 1011111011 10010000100 1110111101 1110101110 10011111110 10001010001 23.188 42.870 1005.1 18046 16 -125 12 59 50 4 $GNGGA,133721.00,,,,,0,00,99.9,,,,,,*44
4 13 37 22 Nan Nan Nan 1101011111 1011101110 11010101000 1111001010 10001010111 1110111011 10000000101 10001110011 111010100 1101100101 1010100111 1110110000 1011111000 10010000010 1110111000 1110101011 10100000000 10001001101 23.188 42.885 1005.1 19045 17 -126 11 59 51 3 $GNGGA,133722.00,,,,,0,00,99.9,,,,,,*47
4 13 37 23 Nan Nan Nan 1101011111 1011101010 11010100001 1111001001 10001010110 1110110010 1111111100 10001110101 111011001 1101100101 1010101001 1110110011 1011111001 10010000100 1110110111 1110101011 10011111111 10001001100 23.188 43.000 1005.1 20043 18 -126 11 59 51 3 $GNGGA,133723.00,,,,,0,00,99.9,,,,,,*46
5 13 37 24 Nan Nan Nan 1101011111 1011101100 11010100100 1111000111 10001010110 1110110100 1111111101 10001110001 111010111 1101100101 1010101001 1110110000 1011111111 10010000101 1111000001 1110101110 10011111110 10001001110 23.188 43.000 1005.1 21210 16 -126 11 59 51 4 $GNGGA,133724.00,,,,,0,00,99.9,,,,,,*41
5 13 37 25 Nan Nan Nan 1101011111 1011101101 11010100101 1111001001 10001011000 1110110011 1111110111 10001111100 111010101 1101100101 1010101011 1110110000 1011111100 10010000101 1110110101 1110100110 10011111001 10001001011 23.188 43.000 1005.1 22042 17 -126 11 60 51 3 $GNGGA,133725.00,,,,,0,00,99.9,,,,,,*40
5 13 37 26 Nan Nan Nan 1101011111 1011101010 11010100010 1111001100 10001010110 1110111011 10000000111 10001110101 111011000 1101100101 1010100111 1110110000 1011111001 10010000100 1110111000 1110101010 10011111100 10001001001 23.188 42.969 1005.1 23042 16 -124 12 59 50 4 $GNGGA,133726.00,,,,,0,00,99.9,,,,,,*43
5 13 37 27 Nan Nan Nan 1101011110 1011101111 11010100111 1111001010 10001011001 1110111011 1111111111 10001110111 111010100 1101100101 1010101001 1110110101 1011111110 10010000011 1110111111 1110110000 10011110111 10001000111 23.188 42.878 1005.1 24040 17 -126 11 60 51 3 $GNGGA,133727.00,,,,,0,00,99.9,,,,,,*42
5 13 37 28 Nan Nan Nan 1101011111 1011101001 11010011111 1111000011 10001011001 1110110000 1111111001 10001110101 111011011 1101100101 1010101010 1110110001 1011110111 10010000011 1110111010 1110101111 10011111100 10001001001 23.188 42.794 1005.1 25039 16 -125 12 59 50 4 $GNGGA,133728.00,,,,,0,00,99.9,,,,,,*4D
5 13 37 29 Nan Nan Nan 1101011110 1011101001 11010100001 1111001000 10001010111 1110111010 1111111110 10001110000 111010100 1101100101 1010100111 1110101111 1100000010 10010000101 1110111100 1110110001 10011110111 10001000011 23.188 42.763 1005.1 26038 17 -126 10 58 52 4 $GNGGA,133729.00,,,,,0,00,99.9,,,,,,*4C
6 13 37 30 Nan Nan Nan 1101011110 1011101001 11010011111 1111000011 10001010111 1110110110 10000000001 10001101111 111010000 1101100101 1010101101 1110110101 1011110111 10010000100 1110111110 1110101110 10100000001 10001001110 23.188 42.992 1005.1 27204 17 -125 11 60 50 4 $GNGGA,133730.00,,,,,0,00,99.9,,,,,,*44
6 13 37 31 Nan Nan Nan 1101011110 1011100111 11010100000 1111001001 10001011001 1110111000 1111111101 10001110101 111001111 1101100101 1010101000 1110110001 1100000001 10010000110 1110111111 1110101000 10100000010 10001010100 23.188 43.015 1005.1 28036 17 -126 10 58 51 5 $GNGGA,133731.00,,,,,0,00,99.9,,,,,,*45
6 13 37 32 Nan Nan Nan 1101011111 1011101000 11010011110 1111000100 10001010100 1110110111 1111111100 10001110110 111010100 1101100101 1010101001 1110110011 1011111010 10010000010 1110110111 1110100111 10100000000 10001010110 23.188 42.878 1005.1 29035 17 -125 11 60 50 4 $GNGGA,133732.00,,,,,0,00,99.9,,,,,,*46
6 13 37 33 Nan Nan Nan 1101011111 1011100111 11010100001 1111001110 10001011100 1110111010 10000000010 10001110110 111010110 1101100101 1010101010 1110110010 1011111101 10010000100 1110111011 1110101010 10011111101 10001010011 23.188 42.847 1005.1 30034 16 -125 12 59 50 4 $GNGGA,133733.00,,,,,0,00,99.9,,,,,,*47
6 13 37 34 Nan Nan Nan 1101011111 1011101001 11010100010 1111001001 10001011001 1110111111 10000000001 10001110111 111010011 1101100101 1010101010 1110110000 1011111001 10010000011 1110111011 1110101010 10100000001 10001010110 23.188 43.046 1005.1 31033 17 -126 10 59 51 4 $GNGGA,133734.00,,,,,0,00,99.9,,,,,,*40
6 13 37 35 Nan Nan Nan 1101011111 1011101100 11010100011 1111000010 10001011001 1110110011 1111110111 10001101111 111001110 1101100101 1010101001 1110101111 1011111101 10010000100 1110111000 1110101000 10011111110 10001001010 23.188 42.977 1005.1 32032 17 -125 11 59 50 4 $GNGGA,133735.00,,,,,0,00,99.9,,,,,,*41
7 13 37 36 Nan Nan Nan 1101011111 1011101011 11010100011 1111001001 10001011011 1110110111 1111111011 10001101111 111010110 1101100101 1010101011 1110110010 1011111001 10010000011 1110110111 1110101101 10100000001 10001001100 23.188 43.099 1005.1 33197 17 -126 12 58 51 3 $GNGGA,133736.00,,,,,0,00,99.9,,,,,,*42
7 13 37 37 Nan Nan Nan 1101011110 1011101011 11010100011 1111001001 10001010110 1110111001 10000000011 10001110010 111010011 1101100101 1010101001 1110101110 1011111110 10010000100 1110111001 1110101011 10011111100 10001001010 23.188 43.084 1005.1 34030 17 -125 11 60 50 4 $GNGGA,133737.00,,,,,0,00,99.9,,,,,,*43
7 13 37 38 Nan Nan Nan 1101011111 1011101010 11010100010 1111000101 10001010101 1110111011 10000000001 10001110001 111001100 1101100101 1010101101 1110110010 1011111101 10010000011 1111000000 1110101111 10100000010 10001001101 23.188 43.084 1005.1 35028 17 -126 11 58 51 4 $GNGGA,133738.00,,,,,0,00,99.9,,,,,,*4C
8 13 37 39 Nan Nan Nan 1101011111 1011101000 11010100000 1111000011 10001010110 1110111010 10000000000 10001110101 111010010 1101100101 1010100111 1110110010 1011111010 10010000101 1110110100 1110101011 10100000010 10001010000 23.188 43.244 1005.1 36028 16 -126 11 60 51 3 $GNGGA,133739.00,,,,,0,00,99.9,,,,,,*4D
8 13 37 40 Nan Nan Nan 1101011110 1011101001 11010011111 1111000101 10001010110 1110111100 10000000000 10001101110 111010111 1101100101 1010101001 1110110001 1011110111 10010000010 1110110101 1110101010 10100001000 10001010011 23.188 43.274 1005.1 37027 17 -125 11 59 50 4 $GNGGA,133740.00,,,,,0,00,99.9,,,,,,*43
8 13 37 41 Nan Nan Nan 1101011111 1011101001 11010100000 1111001000 10001010101 1110111111 10000001001 10001101111 111011000 1101100101 1010101000 1110101110 1011111101 10010000110 1110111001 1110100110 10100000100 10001001101 23.188 43.122 1005.1 38026 16 -125 11 59 51 4 $GNGGA,133741.00,,,,,0,00,99.9,,,,,,*42
9 13 37 42 Nan Nan Nan 1101011111 1011101101 11010100011 1111001110 10001011010 1110111001 10000000010 10001110100 111010111 1101100101 1010101110 1110110100 1011111010 10010000110 1110111000 1110101110 10011111000 10001000110 23.188 42.985 1005.1 39191 18 -126 10 59 51 4 $GNGGA,133742.00,,,,,0,00,99.9,,,,,,*41
9 13 37 43 Nan Nan Nan 1101011111 1011101000 11010100000 1111000110 10001010110 1110111100 10000000010 10001101100 111010001 1101100101 1010101000 1110110000 1011111110 10010000100 1110111010 1110101100 10011111010 10001001001 23.188 42.969 1005.1 40024 17 -126 10 58 51 5 $GNGGA,133743.00,,,,,0,00,99.9,,,,,,*40
10 13 37 44 Nan Nan Nan 1101011111 1011101001 11010100000 1111001011 10001010111 1110110101 1111111011 10001101101 111011001 1101100101 1010101010 1110110010 1011111001 10010000011 1110110010 1110100110 10100000000 10001001110 23.188 42.969 1005.1 41023 17 -125 11 60 50 4 $GNGGA,133744.00,,,,,0,00,99.9,,,,,,*47
10 13 37 45 Nan Nan Nan 1101011111 1011101001 11010100010 1111000110 10001010110 1110110000 1111110111 10001101100 111011010 1101100101 1010101101 1110110101 1011110110 10010000010 1110111001 1110101000 10100000010 10001010011 23.250 43.305 1005.1 42022 16 -125 12 59 50 4 $GNGGA,133745.00,,,,,0,00,99.9,,,,,,*46
10 13 37 46 Nan Nan Nan 1101011111 1011101001 11010100011 1111000000 10001010100 1110110011 1111111001 10001101110 111011011 1101100101 1010100111 1110110000 1011111000 10010000100 1110110101 1110100101 10011111010 10001001011 23.188 43.427 1005.1 43021 17 -126 10 58 52 4 $GNGGA,133746.00,,,,,0,00,99.9,,,,,,*45
10 13 37 47 Nan Nan Nan 1101011110 1011101000 11010011111 1111000101 10001011001 1110110100 1111111010 10001110100 111011100 1101100101 1010101001 1110110000 1011110101 10010000011 1110111100 1110101001 10011110110 10001000010 23.188 43.450 1005.1 44020 17 -125 11 59 50 4 $GNGGA,133747.00,,,,,0,00,99.9,,,,,,*44
11 13 37 48 Nan Nan Nan 1101011110 1011101010 11010100000 1111000110 10001011011 1110110101 1111111101 10001111010 111011110 1101100101 1010101010 1110110011 1011111101 10010000100 1110111010 1110101110 10100000010 10001010100 23.250 43.290 1005.1 45185 16 -125 12 59 51 3 $GNGGA,133748.00,,,,,0,00,99.9,,,,,,*4B
11 13 37 49 Nan Nan Nan 1101011111 1011101100 11010100010 1111000010 10001011000 1110110001 1111111000 10001110010 111010101 1101100101 1010101001 1110101111 1011111000 10010000011 1110111000 1110101001 10011111101 10001001111 23.250 43.160 1005.1 46018 17 -126 11 60 51 3 $GNGGA,133749.00,,,,,0,00,99.9,,,,,,*4A
11 13 37 50 Nan Nan Nan 1101011111 1011101100 11010100110 1111000010 10001011000 1110110011 1111111100 10001101011 111010110 1101100101 1010101000 1110101111 1100000000 10010000110 1110111001 1110100111 10011111110 10001001101 23.188 43.076 1005.1 47016 17 -126 11 58 51 4 $GNGGA,133750.00,,,,,0,00,99.9,,,,,,*42
11 13 37 51 Nan Nan Nan 1101011111 1011101000 11010100001 1111000111 10001011001 1110110110 10000000000 10001101011 111011010 1101100101 1010101000 1110110000 1011111100 10010000110 1110111100 1110101011 10011111011 10001010000 23.188 42.977 1005.1 48016 16 -125 11 60 51 3 $GNGGA,133751.00,,,,,0,00,99.9,,,,,,*43
11 13 37 52 Nan Nan Nan 1101011111 1011101001 11010100011 1111000110 10001011001 1110111011 10000000001 10001101100 111011001 1101100101 1010101010 1110110010 1011111010 10010000011 1110111011 1110101111 10011111101 10001010001 23.250 42.878 1005.1 49014 18 -126 10 58 51 4 $GNGGA,133752.00,,,,,0,00,99.9,,,,,,*40
12 13 37 53 Nan Nan Nan 1101011111 1011101100 11010100101 1110111111 10001010011 1110111001 1111111111 10001110101 111011111 1101100101 1010101100 1110110011 1100000001 10010000011 1110110111 1110100100 10100000001 10001010000 23.188 42.756 1005.1 50014 16 -126 11 59 52 3 $GNGGA,133753.00,,,,,0,00,99.9,,,,,,*41
13 13 37 54 Nan Nan Nan 1101011111 1011101010 11010100011 1111000111 10001011000 1110110111 1111111101 10001110100 111011000 1101100101 1010101000 1110101111 1011111101 10010000100 1110111010 1110101111 10011111111 10001001101 23.250 42.664 1005.1 51178 17 -126 11 60 51 3 $GNGGA,133754.00,,,,,0,00,99.9,,,,,,*46
13 13 37 55 Nan Nan Nan 1101011111 1011101011 11010100001 1111001111 10001011001 1110110101 1111111100 10001110011 111011100 1101100101 1010100110 1110101111 1011111111 10010000100 1110111000 1110101111 10011111011 10001001101 23.188 42.603 1005.1 52012 16 -125 12 59 51 3 $GNGGA,133755.00,,,,,0,00,99.9,,,,,,*47
14 13 37 56 Nan Nan Nan 1101011111 1011101011 11010100001 1111001101 10001010111 1110110101 1111111000 10001110001 111011110 1101100101 1010101010 1110101110 1011111101 10010000100 1110111011 1110101101 10011110100 10001001000 23.188 42.550 1005.1 53011 17 -125 11 60 50 4 $GNGGA,133756.00,,,,,0,00,99.9,,,,,,*44
14 13 37 57 Nan Nan Nan 1101011111 1011101110 11010100110 1111000110 10001010100 1110111001 1111111110 10001101010 111010110 1101100101 1010101010 1110101110 1011111101 10010000100 1110111101 1110110000 10011111011 10001001000 23.188 42.527 1005.1 54009 17 -126 12 58 51 3 $GNGGA,133757.00,,,,,0,00,99.9,,,,,,*45
15 13 37 58 Nan Nan Nan 1101011110 1011100111 11010100001 1111000100 10001010110 1110111001 10000000000 10001110010 111010100 1101100101 1010100111 1110101111 1011110111 10010000100 1110111001 1110101100 10011111011 10001001000 23.250 42.534 1005.1 55009 16 -125 11 59 51 4 $GNGGA,133758.00,,,,,0,00,99.9,,,,,,*4A
15 13 37 59 Nan Nan Nan 1101011111 1011101001 11010011111 1111000111 10001011000 1110111100 10000000000 10001101011 111010110 1101100101 1010100111 1110101110 1100000010 10010000110 1110110110 1110100001 10011111110 10001001011 23.188 42.489 1005.1 56007 17 -125 11 60 50 4 $GNGGA,133759.00,,,,,0,00,99.9,,,,,,*4B
16 13 38 00 Nan Nan Nan 1101011110 1011101011 11010100110 1111001101 10001011000 1110110110 1111111111 10001101110 111010110 1101100101 1010101001 1110101111 1011110001 10010000100 1110111001 1110100110 10011111100 10001001011 23.250 42.458 1005.1 57171 17 -126 11 58 51 4 $GNGGA,133800.00,,,,,0,00,99.9,,,,,,*48
16 13 38 01 Nan Nan Nan 1101011110 1011101010 11010100011 1111001011 10001011000 1110110101 1111111101 10001110001 111010010 1101100101 1010100100 1110101100 1011111110 10010000100 1110110110 1110101000 10100000010 10001010011 23.250 42.481 1005.1 58005 18 -126 10 60 50 4 $GNGGA,133801.00,,,,,0,00,99.9,,,,,,*49
16 13 38 02 Nan Nan Nan 1101011110 1011101100 11010100100 1111001100 10001011001 1110110011 1111110101 10001110000 111011001 1101100101 1010101011 1110110011 1011110101 10010000101 1110110111 1110101011 10011111110 10001001111 23.188 42.481 1005.1 59004 16 -126 12 59 51 3 $GNGGA,133802.00,,,,,0,00,99.9,,,,,,*4A
17 13 38 03 Nan Nan Nan 1101011111 1011101010 11010100010 1111000001 10001010100 1110111001 1111111111 10001110001 111001110 1101100101 1010101011 1110110100 1011111101 10010000101 1110111000 1110101010 10011111110 10001010000 23.188 42.450 1005.1 60004 17 -126 10 60 50 4 $GNGGA,133803.00,,,,,0,00,99.9,,,,,,*4B
17 13 38 04 Nan Nan Nan 1101011110 1011101011 11010100011 1111001000 10001010101 1110111100 10000000010 10001101010 111001111 1101100101 1010101001 1110110001 1011111111 10010000110 1110111000 1110101011 10011111111 10001001101 23.188 42.450 1005.1 61002 18 -126 11 59 51 3 $GNGGA,133804.00,,,,,0,00,99.9,,,,,,*4C
18 13 38 05 Nan Nan Nan 1101011111 1011101011 11010100010 1111000010 10001010110 1110110111 1111111011 10001110100 111011001 1101100101 1010100111 1110101110 1011111010 10010000101 1110111000 1110101001 10100000001 10001010001 23.188 42.405 1005.1 62002 16 -126 11 59 52 3 $GNGGA,133805.00,,,,,0,00,99.9,,,,,,*4D
19 13 38 06 Nan Nan Nan 1101011110 1011101100 11010100001 1111000110 10001010111 1110110110 1111111111 10001111001 111011011 1101100101 1010101010 1110101111 1011111010 10010000101 1110111000 1110101100 10100000010 10001001100 23.188 42.382 1005.1 63166 17 -126 11 60 51 3 $GNGGA,133806.00,,,,,0,00,99.9,,,,,,*4E
19 13 38 07 Nan Nan Nan 1101011110 1011100111 11010011110 1111001010 10001010111 1110110100 1111111010 10001111011 111011010 1101100101 1010100111 1110110001 1011111011 10010000010 1110111001 1110101101 10100000001 10001010001 23.188 42.374 1005.1 64000 16 -125 12 59 51 3 $GNGGA,133807.00,,,,,0,00,99.9,,,,,,*4F
20 13 38 08 Nan Nan Nan 1101011110 1011101011 11010100100 1111001001 10001011001 1110110011 1111110100 10001110011 111011000 1101100101 1010101100 1110110011 1011111111 10010000110 1110110100 1110101000 10011111110 10001001111 23.188 42.351 1005.1 64998 18 -126 10 60 50 4 $GNGGA,133808.00,,,,,0,00,99.9,,,,,,*40
20 13 38 09 Nan Nan Nan 1101011111 1011101011 11010100100 1111000110 10001011010 1110110011 1111111010 10001110010 111001110 1101100101 1010100110 1110101101 1100000101 10010000011 1110111010 1110101000 10100000000 10001001100 23.188 42.344 1005.1 65997 16 -126 12 59 51 3 $GNGGA,133809.00,,,,,0,00,99.9,,,,,,*41
20 13 38 10 Nan Nan Nan 1101011111 1011101011 11010100010 1111001000 10001011000 1110111010 10000000001 10001101110 111001101 1101100101 1010101010 1110110000 1011111100 10010000010 1110110000 1110101000 10011111011 10001001011 23.250 42.344 1005.1 66996 16 -126 11 59 52 3 $GNGGA,133810.00,,,,,0,00,99.9,,,,,,*49
20 13 38 11 Nan Nan Nan 1101011110 1011101011 11010100100 1111000100 10001010110 1110110111 10000000000 10001101111 111010001 1101100101 1010101010 1110110010 1011111111 10010000100 1110111010 1110101011 10011111011 10001001001 23.188 42.344 1005.1 67995 18 -126 10 59 51 4 $GNGGA,133811.00,,,,,0,00,99.9,,,,,,*48
21 13 38 12 Nan Nan Nan 1101011110 1011101000 11010100000 1111001100 10001011000 1110110110 1111111100 10001110001 111001100 1101100101 1010100110 1110101110 1011111010 10010000010 1110110001 1110100111 10100000011 10001001110 23.250 42.336 1005.1 69159 17 -126 11 58 51 4 $GNGGA,133812.00,,,,,0,00,99.9,,,,,,*4B
21 13 38 13 Nan Nan Nan 1101011110 1011101000 11010100001 1111001001 10001011000 1110110010 1111110110 10001110010 111010101 1101100101 1010101011 1110110100 1011111101 10010000011 1110111100 1110101011 10011111111 10001001100 23.188 42.328 1005.1 69993 18 -126 10 59 51 4 $GNGGA,133813.00,,,,,0,00,99.9,,,,,,*4A
21 13 38 14 Nan Nan Nan 1101011111 1011101001 11010100001 1111000110 10001010111 1110110111 1111111110 10001110101 111010011 1101100101 1010101010 1110110010 1011111111 10010000111 1110111000 1110101001 10011111111 10001001000 23.250 42.313 1005.1 70992 17 -126 12 58 51 3 $GNGGA,133814.00,,,,,0,00,99.9,,,,,,*4D
21 13 38 15 Nan Nan Nan 1101011111 1011101011 11010100001 1111000111 10001010100 1110110101 1111111110 10001110111 111010101 1101100101 1010101011 1110110000 1011111110 10010000110 1110110111 1110101001 10011111110 10001001001 23.250 42.344 1005.1 71991 17 -126 11 58 52 3 $GNGGA,133815.00,,,,,0,00,99.9,,,,,,*4C
22 13 38 16 Nan Nan Nan 1101011111 1011101010 11010011110 1111001000 10001011001 1110111100 10000000001 10001110000 111010011 1101100101 1010101101 1110110110 1011111011 10010000010 1110110111 1110100011 10100001000 10001011001 23.188 42.359 1005.1 72990 18 -126 10 58 51 4 $GNGGA,133816.00,,,,,0,00,99.9,,,,,,*4F
22 13 38 17 Nan Nan Nan 1101011110 1011100110 11010011110 1111001000 10001010110 1110110100 1111111011 10001111000 111011001 1101100101 1010101110 1110110011 1011111001 10010000100 1110111100 1110101110 10011111111 10001001001 23.250 42.473 1005.1 73990 16 -125 11 59 50 5 $GNGGA,133817.00,,,,,0,00,99.9,,,,,,*4E
23 13 38 18 Nan Nan Nan 1101011111 1011101000 11010011110 1111001110 10001011010 1110111010 10000000011 10001110000 111001111 1101100101 1010101100 1110110100 1011111100 10010000100 1110111100 1110101000 10011111011 10001010100 23.250 42.786 1005.1 75154 18 -126 10 59 51 4 $GNGGA,133818.00,,,,,0,00,99.9,,,,,,*41
23 13 38 19 Nan Nan Nan 1101011110 1011101001 11010011111 1111001001 10001010101 1110111001 1111111110 10001110011 111010100 1101100101 1010101001 1110101111 1100000000 10010000101 1110110111 1110101011 10011111011 10001001000 23.250 42.901 1005.1 75987 17 -126 12 58 51 3 $GNGGA,133819.00,,,,,0,00,99.9,,,,,,*40
24 13 38 20 Nan Nan Nan 1101011110 1011101010 11010100011 1111001110 10001011000 1110110111 1111111111 10001110111 111011001 1101100101 1010101100 1110110000 1011111101 10010000100 1110110101 1110100111 10011111111 10001001100 23.188 42.824 1005.1 76987 16 -125 11 60 50 4 $GNGGA,133820.00,,,,,0,00,99.9,,,,,,*4A
24 13 38 21 Nan Nan Nan 1101011111 1011101000 11010011110 1111000110 10001010111 1110111101 10000000011 10001101100 111010110 1101100101 1010101100 1110110010 1100000011 10010000111 1110111000 1110101010 10011110011 10001000010 23.250 42.756 1005.1 77985 17 -125 11 59 50 4 $GNGGA,133821.00,,,,,0,00,99.9,,,,,,*4B
25 13 38 22 Nan Nan Nan 1101011111 1011100111 11010011110 1111000001 10001010110 1110110111 1111111101 10001110000 111011001 1101100101 1010100111 1110101111 1011111111 10010000101 1110110101 1110100110 10011101111 10000111110 23.188 42.687 1005.1 78985 16 -125 11 59 51 4 $GNGGA,133822.00,,,,,0,00,99.9,,,,,,*48
25 13 38 23 Nan Nan Nan 1101011110 1011100111 11010100000 1111001101 10001011100 1110110011 1111110110 10001101100 111011110 1101100101 1010101101 1110110101 1011111001 10010000011 1110111001 1110101011 10100000100 10001010000 23.250 42.695 1005.1 79983 18 -126 10 59 51 4 $GNGGA,133823.00,,,,,0,00,99.9,,,,,,*49
