id HH MM SS longitude latitude altitude adc_1_ch0 adc_1_ch1 adc_1_ch2 adc_1_ch3 adc_1_ch4 adc_1_ch5 adc_1_ch6 adc_1_ch7 adc_1_ch8 adc_2_ch0 adc_2_ch1 adc_2_ch2 adc_2_ch3 adc_2_ch4 adc_2_ch5 adc_2_ch6 adc_2_ch7 adc_2_ch8 temp hum pres t_prog t_gps t_split t_adc t_temp t_hum t_pres trame_gga
0 14 07 30 Nan Nan Nan 1101011111 1011110010 11001111111 1111001101 10001010110 1110001010 1111001101 10000100100 111011000 1101100110 1010110000 1110100001 1100011001 10010000000 1110010000 1101111001 10010110001 10000010111 23.438 43.076 795.83 2170 17 -126 11 59 50 4 $GNGGA,140730.00,,,,,0,00,99.9,,,,,,*40
0 14 07 31 Nan Nan Nan 1101011111 1011101110 11001111011 1111001110 10001010110 1110001001 1111001000 10000100111 111011011 1101100110 1010110010 1110100011 1100011100 10010000010 1110001110 1110000000 10010101011 10000001111 23.375 43.107 1004.9 3010 18 -126 10 59 51 4 $GNGGA,140731.00,,,,,0,00,99.9,,,,,,*41
0 14 07 32 Nan Nan Nan 1101011111 1011110000 11001111010 1111000111 10001010100 1110010000 1111001100 10000100100 111011001 1101100110 1010101111 1110011110 1100011110 10010000010 1110010111 1110000100 10010110000 10000001111 23.375 43.168 1004.8 4009 16 -125 12 59 50 4 $GNGGA,140732.00,,,,,0,00,99.9,,,,,,*42
1 14 07 33 Nan Nan Nan 1101011111 1011110000 11001111110 1111001011 10001011000 1110001101 1111001110 10000101100 111011100 1101100110 1010110001 1110100000 1100011010 10010000010 1110010000 1110000000 10010110100 10000010010 23.438 43.129 1004.8 5008 17 -126 10 59 51 4 $GNGGA,140733.00,,,,,0,00,99.9,,,,,,*43
1 14 07 34 Nan Nan Nan 1101011111 1011101111 11001111011 1111001010 10001010110 1110001101 1111001101 10000100010 111011010 1101100110 1010110000 1110100100 1100011000 10010000000 1110010011 1101111111 10010110110 10000011001 23.375 43.152 1004.8 6007 16 -126 12 58 51 3 $GNGGA,140734.00,,,,,0,00,99.9,,,,,,*44
1 14 07 35 Nan Nan Nan 1101100000 1011110010 11001111011 1111000111 10001011000 1110001010 1111001100 10000100111 111010100 1101100110 1010110111 1110100100 1100100101 10010000011 1110010011 1101111011 10010101100 10000010000 23.375 43.709 1004.8 7006 17 -126 10 59 51 4 $GNGGA,140735.00,,,,,0,00,99.9,,,,,,*45
2 14 07 36 Nan Nan Nan 1101011111 1011110010 11001111100 1111000010 10001010101 1110001111 1111001010 10000101001 111011001 1101100110 1010110100 1110100011 1100100010 10010000011 1110001110 1101111010 10010111011 10000011011 23.438 44.045 1004.8 8165 16 -126 11 59 51 3 $GNGGA,140736.00,,,,,0,00,99.9,,,,,,*46
2 14 07 37 Nan Nan Nan 1101011111 1011101110 11001111001 1111000001 10001010101 1110010010 1111010000 10000101010 111010110 1101100110 1010110010 1110100011 1100011011 10010000011 1110010001 1101111111 10010110101 10000011110 23.375 44.121 1004.8 9005 16 -124 12 59 50 4 $GNGGA,140737.00,,,,,0,00,99.9,,,,,,*47
3 14 07 38 Nan Nan Nan 1101100000 1011110010 11001111101 1111000011 10001010100 1110001011 1111001000 10000100001 111010011 1101100110 1010110110 1110100100 1100011001 10010000001 1110010111 1110000010 10010110001 10000011000 23.375 44.236 1004.8 10003 18 -126 10 59 51 4 $GNGGA,140738.00,,,,,0,00,99.9,,,,,,*48
