id HH MM SS longitude latitude altitude adc_1_ch0 adc_1_ch1 adc_1_ch2 adc_1_ch3 adc_1_ch4 adc_1_ch5 adc_1_ch6 adc_1_ch7 adc_1_ch8 adc_2_ch0 adc_2_ch1 adc_2_ch2 adc_2_ch3 adc_2_ch4 adc_2_ch5 adc_2_ch6 adc_2_ch7 adc_2_ch8 temp hum pres t_prog t_gps t_split t_adc t_temp t_hum t_pres trame_gga
0 Nan Nan Nan Nan Nan Nan 1101010101 111111111111 111111111111 1000 1101111 111111111111 111111111111 111111111111 1101100 1101011100 101 1100110 101 1101010 111111111111 111111111111 111111111111 111111111111 21.438 55.428 795.83 2215 16 -126 11 59 51 3 $GNGGA,,,,,,0,00,99.9,,,,,,*6F
1 Nan Nan Nan Nan Nan Nan 1101010101 111111111111 111111111111 111 1101100 111111111111 111111111111 111111111111 1101100 1101011100 101 1100011 101 1101010 111111111111 111111111111 111111111111 111111111111 21.438 55.405 1003.7 3215 16 -126 10 60 51 3 $GNGGA,,,,,,0,00,99.9,,,,,,*6F
1 Nan Nan Nan Nan Nan Nan 1101010110 111111111111 111111111111 1000 1101100 111111111111 111111111111 111111111111 1101100 1101011100 101 1110011 101 1101010 111111111111 111111111111 111111111111 111111111111 21.375 55.306 1003.7 4214 17 -126 10 59 51 3 $GNGGA,,,,,,0,00,99.9,,,,,,*6F
1 Nan Nan Nan Nan Nan Nan 1101010110 111111111111 111111111111 111 1101100 111111111111 111111111111 111111111111 1101100 1101011100 101 11100100 101 1101001 111111111111 111111111111 111111111111 111111111111 21.438 55.230 1003.7 5213 17 -126 9 58 52 4 $GNGGA,,,,,,0,00,99.9,,,,,,*6F
1 Nan Nan Nan Nan Nan Nan 1101010110 111111111111 111111111111 111 1101100 111111111111 111111111111 111111111111 1101100 1101011100 101 101010011 101 1101001 111111111111 111111111111 111111111111 111111111111 21.438 55.123 1003.7 6212 17 -126 10 60 50 4 $GNGGA,,,,,,0,00,99.9,,,,,,*6F
1 Nan Nan Nan Nan Nan Nan 1101010110 111111111111 111111111111 111 1101100 111111111111 111111111111 111111111111 1101100 1101011100 110 110101011 101 1101001 111111111111 111111111111 111111111111 111111111111 21.438 55.016 1003.7 7212 17 -125 10 58 51 4 $GNGGA,,,,,,0,00,99.9,,,,,,*6F
1 Nan Nan Nan Nan Nan Nan 1101010101 111111111111 111111111111 1000 1101011 111111111111 111111111111 111111111111 1101100 1101011100 101 111101111 101 1100111 111111111111 111111111111 111111111111 111111111111 21.375 54.909 1003.7 8210 16 -126 10 60 51 3 $GNGGA,,,,,,0,00,99.9,,,,,,*6F
1 Nan Nan Nan Nan Nan Nan 1101010110 111111111111 111111111111 111 1101010 111111111111 111111111111 111111111111 1101100 1101011100 101 1000100110 101 1100101 111111111111 111111111111 111111111111 111111111111 21.438 54.810 1003.7 9209 16 -126 11 58 51 4 $GNGGA,,,,,,0,00,99.9,,,,,,*6F
2 Nan Nan Nan Nan Nan Nan 1101010101 111111111111 111111111111 1000 1101001 111111111111 111111111111 111111111111 1101100 1101011100 101 1001001110 101 1100011 111111111111 111111111111 111111111111 111111111111 21.438 54.734 1003.7 10209 16 -126 9 58 52 4 $GNGGA,,,,,,0,00,99.9,,,,,,*6F
2 Nan Nan Nan Nan Nan Nan 1101010101 111111111111 111111111111 1000 1100111 111111111111 111111111111 111111111111 1101100 1101011100 101 1001101101 101 1101001 111111111111 111111111111 111111111111 111111111111 21.438 54.696 1003.7 11207 17 -126 10 60 50 4 $GNGGA,,,,,,0,00,99.9,,,,,,*6F
3 Nan Nan Nan Nan Nan Nan 1101010110 111111111111 111111111111 1000 1100110 111111111111 111111111111 111111111111 1101100 1101011100 100 1010001100 101 10111101 111111111111 111111111111 111111111111 111111111111 21.438 54.711 1003.7 12207 17 -126 9 58 51 5 $GNGGA,,,,,,0,00,99.9,,,,,,*6F
3 Nan Nan Nan Nan Nan Nan 1101010110 111111111111 111111111111 111 1100101 111111111111 111111111111 111111111111 1101100 1101011100 100 1010100110 101 100100011 111111111111 111111111111 111111111111 111111111111 21.438 54.650 1003.7 13206 17 -126 10 60 50 4 $GNGGA,,,,,,0,00,99.9,,,,,,*6F
3 Nan Nan Nan Nan Nan Nan 1101010110 111111111111 111111111111 111 1100100 111111111111 111111111111 111111111111 1101100 1101011100 100 1010110110 101 101111010 111111111111 111111111111 111111111111 111111111111 21.438 54.658 1003.7 14205 16 -126 11 59 51 3 $GNGGA,,,,,,0,00,99.9,,,,,,*6F
3 Nan Nan Nan Nan Nan Nan 1101010110 111111111111 111111111111 1000 1100100 111111111111 111111111111 111111111111 1101100 1101011100 100 1011000111 101 110111111 111111111111 111111111111 111111111111 111111111111 21.438 54.795 1003.7 15204 16 -126 10 59 51 4 $GNGGA,,,,,,0,00,99.9,,,,,,*6F
4 Nan Nan Nan Nan Nan Nan 1101010101 111111111111 111111111111 111 1101000 111111111111 111111111111 111111111111 1101100 1101011100 100 1011010010 101 111111000 111111111111 111111111111 111111111111 111111111111 21.438 54.825 1003.7 16204 17 -126 10 59 51 3 $GNGGA,,,,,,0,00,99.9,,,,,,*6F
4 Nan Nan Nan Nan Nan Nan 1101010110 111111111111 111111111111 111 1110100 111111111111 111111111111 111111111111 1101100 1101011100 100 1011011011 101 1000101000 111111111111 111111111111 111111111111 111111111111 21.375 54.780 1003.7 17204 16 -126 10 59 52 3 $GNGGA,,,,,,0,00,99.9,,,,,,*6F
4 Nan Nan Nan Nan Nan Nan 1101010101 111111111111 111111111111 111 10001001 111111111111 111111111111 111111111111 1101100 1101011100 100 1011100110 101 1001010011 111111111111 111111111111 111111111111 111111111111 21.438 54.719 1003.7 18202 17 -126 10 59 51 4 $GNGGA,,,,,,0,00,99.9,,,,,,*6F
4 Nan Nan Nan Nan Nan Nan 1101010110 111111111111 111111111111 111 10011111 111111111111 111111111111 111111111111 1101100 1101011100 100 1011101001 101 1001110101 111111111111 111111111111 111111111111 111111111111 21.438 55.153 1003.7 19202 16 -126 11 59 51 3 $GNGGA,,,,,,0,00,99.9,,,,,,*6F
5 Nan Nan Nan Nan Nan Nan 1101010110 111011101100 111111111111 111 10111011 111111111111 111111111111 111111111111 1101100 1101011100 100 1011101110 101 1010010011 111111111111 111111111111 111111111111 111111111111 21.438 55.344 1003.7 20201 17 -125 10 60 50 4 $GNGGA,,,,,,0,00,99.9,,,,,,*6F
5 Nan Nan Nan Nan Nan Nan 1101010101 110111000011 111111111111 111 11010110 111111111111 111111111111 111111111111 1101100 1101011100 100 1011110010 101 1010101111 111111111111 111111111111 111111111111 111111111111 21.438 55.329 1003.7 21199 16 -126 11 58 51 4 $GNGGA,,,,,,0,00,99.9,,,,,,*6F
5 Nan Nan Nan Nan Nan Nan 1101010101 110011001000 111111111111 111 11110000 111111111111 111111111111 111111111111 1101100 1101011100 100 1011110101 101 1011000111 111111111111 111111111111 111111111111 111111111111 21.438 55.222 1003.7 22199 16 -125 10 59 52 3 $GNGGA,,,,,,0,00,99.9,,,,,,*6F
6 Nan Nan Nan Nan Nan Nan 1101010101 101111110011 111111111111 111 100001100 111111111111 111111111111 111111111111 1101100 1101011100 100 1011111001 101 1011011011 111111111111 111111111111 111111111111 111111111111 21.438 55.321 1003.7 23198 17 -126 10 60 51 3 $GNGGA,,,,,,0,00,99.9,,,,,,*6F
6 Nan Nan Nan Nan Nan Nan 1101010101 101100111110 111111111111 111 100011101 111111111111 111111111111 111111111111 1101100 1101011100 100 1011111011 101 1011110000 111111111111 111111111111 111111111111 111111111111 21.438 55.314 1003.7 24198 16 -126 10 59 52 3 $GNGGA,,,,,,0,00,99.9,,,,,,*6F
6 Nan Nan Nan Nan Nan Nan 1101010110 101010100111 111111111111 111 100110101 111111111111 111111111111 111111111111 1101100 1101011100 100 1100000001 101 1100000000 111111111111 111111111111 111111111111 111111111111 21.438 55.199 1003.7 25196 17 -126 10 59 51 4 $GNGGA,,,,,,0,00,99.9,,,,,,*6F
6 Nan Nan Nan Nan Nan Nan 1101010110 101000100101 111111111111 111 101000111 111111111111 111111111111 111111111111 1101100 1101011100 100 1100000100 101 1100001101 111111111111 111111111111 111111111111 111111111111 21.438 55.092 1003.7 26195 16 -125 11 59 50 4 $GNGGA,,,,,,0,00,99.9,,,,,,*6F
7 Nan Nan Nan Nan Nan Nan 1101010101 100110101110 111111111111 111 101010110 111111111111 111111111111 111111111111 1101100 1101011100 11 1100000110 101 1100011011 111111111111 111111111111 111111111111 111111111111 21.438 55.008 1003.7 27195 16 -126 10 60 51 3 $GNGGA,,,,,,0,00,99.9,,,,,,*6F
7 Nan Nan Nan Nan Nan Nan 1101010110 100101001100 111111111111 111 101101100 111111111111 111111111111 111111111111 1101100 1101011100 11 1100001010 101 1100100111 111111111111 111111111111 111111111111 111111111111 21.375 54.955 1003.7 28194 17 -125 10 59 51 3 $GNGGA,,,,,,0,00,99.9,,,,,,*6F
8 Nan Nan Nan Nan Nan Nan 1101010101 100011110110 111111111111 111 101111100 111111111111 111111111111 111111111111 1101100 1101011100 100 1100000111 101 1100110011 111111111111 111111111111 111111111111 111111111111 21.438 54.879 1003.7 29193 16 -126 10 58 52 4 $GNGGA,,,,,,0,00,99.9,,,,,,*6F
8 Nan Nan Nan Nan Nan Nan 1101010101 100010101001 111111111111 111 110001001 111111111111 111111111111 111111111111 1101100 1101011100 11 1100001001 101 1100111111 111111111111 111111111111 111111111111 111111111111 21.438 54.795 1003.7 30192 17 -126 10 60 51 3 $GNGGA,,,,,,0,00,99.9,,,,,,*6F
8 Nan Nan Nan Nan Nan Nan 1101010110 100001101001 111111111111 111 110100000 111111111111 111111111111 111111111111 1101100 1101011100 100 1100001101 101 1101000110 111111111111 111111111111 111111111111 111111111111 21.438 54.734 1003.7 31192 16 -124 11 59 50 4 $GNGGA,,,,,,0,00,99.9,,,,,,*6F
9 Nan Nan Nan Nan Nan Nan 1101010110 100000101100 111111111111 111 110101011 111111111111 111111111111 111111111111 1101100 1101011100 100 1100001110 101 1101010010 111111111111 111111111111 111111111111 111111111111 21.438 54.719 1003.7 32190 17 -126 10 59 51 4 $GNGGA,,,,,,0,00,99.9,,,,,,*6F
9 Nan Nan Nan Nan Nan Nan 1101010110 11111110100 111111111111 111 110110100 111111111111 111111111111 111111111111 1101100 1101011100 100 1100010000 101 1101011101 111111111111 111111111111 111111111111 111111111111 21.438 54.772 1003.7 33189 16 -125 11 59 50 4 $GNGGA,,,,,,0,00,99.9,,,,,,*6F
10 Nan Nan Nan Nan Nan Nan 1101010110 11111001000 111111111111 111 111000111 111111111111 111111111111 111111111111 1101100 1101011100 11 1100001110 101 1101100100 111111111111 111111111111 111111111111 111111111111 21.438 54.772 1003.7 34189 16 -126 10 59 52 3 $GNGGA,,,,,,0,00,99.9,,,,,,*6F
10 Nan Nan Nan Nan Nan Nan 1101010110 11110011100 111111111111 111 111010111 111111111111 111111111111 111111111111 1101100 1101011100 100 1100001111 101 1101101100 111111111111 111111111111 111111111111 111111111111 21.438 54.848 1003.7 35188 17 -125 10 59 50 4 $GNGGA,,,,,,0,00,99.9,,,,,,*6F
11 Nan Nan Nan Nan Nan Nan 1101010110 11101111000 111111111111 110 111101001 111111111111 111111111111 111111111111 1101100 1101011100 100 1100001111 101 1101110001 111111111111 111111111111 111111111111 111111111111 21.375 54.848 1003.7 36187 16 -126 10 59 50 5 $GNGGA,,,,,,0,00,99.9,,,,,,*6F
11 Nan Nan Nan Nan Nan Nan 1101010101 11101011010 111111111111 110 111110000 111111111111 111111111111 111111111111 1101100 1101011100 100 1100010011 101 1101111010 111111111111 111111111111 111111111111 111111111111 21.375 54.772 1003.7 37186 18 -126 9 59 51 4 $GNGGA,,,,,,0,00,99.9,,,,,,*6F
11 Nan Nan Nan Nan Nan Nan 1101010110 11100111011 111111111111 110 111111110 111111111111 111111111111 111111111111 1101100 1101011100 100 1100010011 101 1110000000 111111111111 111111111111 111111111111 111111111111 21.375 54.719 1003.7 38185 16 -125 11 59 50 4 $GNGGA,,,,,,0,00,99.9,,,,,,*6F
12 Nan Nan Nan Nan Nan Nan 1101010110 11100011011 111111111111 110 1000001100 111111111111 111111111111 111111111111 1101011 1101011100 100 1100010101 101 1110000101 111111111111 111111111111 111111111111 111111111111 21.438 54.680 1003.7 39185 16 -126 10 60 51 3 $GNGGA,,,,,,0,00,99.9,,,,,,*6F
13 Nan Nan Nan Nan Nan Nan 1101010101 11011111111 111111111111 110 1000010100 111111111111 111111111111 111111111111 1101011 1101011100 100 1100010001 101 1110001011 111111111111 111111111111 111111111111 111111111111 21.375 54.703 1003.7 40184 16 -126 11 59 51 3 $GNGGA,,,,,,0,00,99.9,,,,,,*6F
13 Nan Nan Nan Nan Nan Nan 1101010110 11011011101 111111111111 110 1000011100 111111111111 111111111111 111111111111 1101011 1101011100 100 1100010101 101 1110010000 111111111111 111111111111 111111111111 111111111111 21.375 54.726 1003.7 41183 16 -126 10 59 52 3 $GNGGA,,,,,,0,00,99.9,,,,,,*6F
13 Nan Nan Nan Nan Nan Nan 1101010110 11011000111 111111111111 110 1000100110 111111111111 111111111111 111111111111 1101011 1101011100 100 1100011001 101 1110010101 111111111111 111111111111 111111111111 111111111111 21.375 54.810 1003.7 42182 17 -126 10 60 51 3 $GNGGA,,,,,,0,00,99.9,,,,,,*6F
13 Nan Nan Nan Nan Nan Nan 1101010101 11010101111 111111111111 110 1000110100 111111111111 111111111111 111111111111 1101011 1101011100 100 1100010101 101 1110011001 111111111111 111111111111 111111111111 111111111111 21.375 54.856 1003.7 43182 16 -126 10 59 50 5 $GNGGA,,,,,,0,00,99.9,,,,,,*6F
14 Nan Nan Nan Nan Nan Nan 1101010110 11010010101 111111111111 110 1000111011 111111111111 111111111111 111111111111 1101011 1101011100 100 1100010111 101 1110100000 111111111111 111111111111 111111111111 111111111111 21.375 55.008 1003.7 44181 17 -125 10 60 51 3 $GNGGA,,,,,,0,00,99.9,,,,,,*6F
14 Nan Nan Nan Nan Nan Nan 1101010110 11001111101 111111111111 110 1001000111 111111111111 111111111111 111111111111 1101011 1101011100 100 1100011010 101 1110100011 111111111111 111111111111 111111111111 111111111111 21.375 54.986 1003.7 45179 16 -126 11 59 51 3 $GNGGA,,,,,,0,00,99.9,,,,,,*6F
15 Nan Nan Nan Nan Nan Nan 1101010110 11001101010 111111111111 101 1001010000 111111111111 111111111111 111111111111 1101010 1101011100 100 1100011010 101 1110100101 111111111111 111111111111 111111111111 111111111111 21.438 54.894 1003.7 46179 17 -126 10 58 52 3 $GNGGA,,,,,,0,00,99.9,,,,,,*6F
15 Nan Nan Nan Nan Nan Nan 1101010101 11001010110 111111111111 101 1001010101 111111111111 111111111111 111111111111 1101010 1101011100 100 1100011000 101 1110101100 111111111111 111111111111 111111111111 111111111111 21.375 54.818 1003.7 47178 17 -125 10 59 50 4 $GNGGA,,,,,,0,00,99.9,,,,,,*6F
16 Nan Nan Nan Nan Nan Nan 1101010110 11001000101 111111111111 101 1001011101 111111111111 111111111111 111111111111 1101010 1101011100 100 1100011101 101 1110110001 111111111111 111111111111 111111111111 111111111111 21.375 54.749 1003.7 48178 16 -125 10 59 52 3 $GNGGA,,,,,,0,00,99.9,,,,,,*6F
16 Nan Nan Nan Nan Nan Nan 1101010101 11000110010 111111111111 101 1001101001 111111111111 111111111111 111111111111 1101010 1101011100 1000 1100011001 101 1110110011 111111111111 111111111111 111111111111 111111111111 21.375 54.703 1003.7 49176 17 -125 10 60 50 4 $GNGGA,,,,,,0,00,99.9,,,,,,*6F
17 Nan Nan Nan Nan Nan Nan 1101010101 11000100001 111111111111 101 1001110001 111111111111 111111111111 111111111111 1101010 1101011100 10101 1100011100 101 1110111000 111111111111 111111111111 111111111111 111111111111 21.375 54.680 1003.7 50176 16 -125 11 59 51 3 $GNGGA,,,,,,0,00,99.9,,,,,,*6F
18 Nan Nan Nan Nan Nan Nan 1101010110 11000010100 111111111111 101 1001110011 111111111111 111111111111 111111111111 1101010 1101011100 10011 1100011100 101 1110111001 111111111111 111111111111 111111111111 111111111111 21.375 54.680 1003.6 51175 16 -126 10 60 51 3 $GNGGA,,,,,,0,00,99.9,,,,,,*6F
18 Nan Nan Nan Nan Nan Nan 1101010110 11000000011 111111111111 101 1010000010 111111111111 111111111111 111111111111 1101001 1101011100 110100 1100011011 101 1110111100 111111111111 111111111111 111111111111 111111111111 21.375 54.665 1003.7 52173 18 -126 10 58 51 3 $GNGGA,,,,,,0,00,99.9,,,,,,*6F
19 Nan Nan Nan Nan Nan Nan 1101010101 10111110111 111111111111 110 1010000110 111111111111 111111111111 111111111111 1101001 1101011100 1000011 1100011100 101 1111000000 111111111111 111111111111 111111111111 111111111111 21.375 54.673 1003.7 53173 17 -126 10 59 52 3 $GNGGA,,,,,,0,00,99.9,,,,,,*6F
19 Nan Nan Nan Nan Nan Nan 1101010101 10111100110 111111111111 110 1010010000 111111111111 111111111111 111111111111 1101001 1101011100 1010010 1100100001 101 1111000101 111111111111 111111111111 111111111111 111111111111 21.375 54.711 1003.7 54172 17 -125 10 60 50 4 $GNGGA,,,,,,0,00,99.9,,,,,,*6F
19 Nan Nan Nan Nan Nan Nan 1101010101 10111011001 111111010000 110 1010010101 111111111111 111111111111 111111111111 1101001 1101011100 1011110 1100011111 101 1111000111 111111111111 111111111111 111111111111 111111111111 21.375 54.932 1003.7 55171 16 -126 10 59 50 5 $GNGGA,,,,,,0,00,99.9,,,,,,*6F
19 Nan Nan Nan Nan Nan Nan 1101010110 10111001011 111101000101 101 1010011101 111111111111 111111111111 111111111111 1101001 1101011100 1100100 1100011101 101 1111000110 111111111111 111111111111 111111111111 111111111111 21.375 55.222 1003.7 56170 17 -125 10 60 50 4 $GNGGA,,,,,,0,00,99.9,,,,,,*6F
19 Nan Nan Nan Nan Nan Nan 1101010101 10110111110 111011001101 101 1010011101 111111111111 111111111111 111111111111 1101001 1101011100 1110011 1100011110 101 1111010000 111111111111 111111111111 111111111111 111111111111 21.375 55.138 1003.7 57169 16 -126 11 59 51 3 $GNGGA,,,,,,0,00,99.9,,,,,,*6F
20 Nan Nan Nan Nan Nan Nan 1101010110 10110110011 111001011111 101 1010101000 111111111111 111111111111 111111111111 1101001 1101011100 10000010 1100100011 101 1111001011 111111111111 111111111111 111111111111 111111111111 21.375 55.016 1003.7 58169 16 -126 10 60 51 3 $GNGGA,,,,,,0,00,99.9,,,,,,*6F
20 Nan Nan Nan Nan Nan Nan 1101010110 10110101001 111000000001 101 1010101111 111111111111 111111111111 111111111111 1101000 1101011100 10001010 1100011111 101 1111010000 111111111111 111111111111 111111111111 111111111111 21.375 54.909 1003.7 59167 17 -126 10 59 50 4 $GNGGA,,,,,,0,00,99.9,,,,,,*6F
21 Nan Nan Nan Nan Nan Nan 1101010110 10110100000 110110101101 101 1010110100 111111111111 111111111111 111111111111 1101000 1101011100 10010110 1100100000 101 1111010100 111111111111 111111111111 111111111111 111111111111 21.375 54.886 1003.7 60167 17 -126 9 58 52 4 $GNGGA,,,,,,0,00,99.9,,,,,,*6F
21 Nan Nan Nan Nan Nan Nan 1101010110 10110010010 110101011010 101 1010111100 111111111111 111111111111 111111111111 1101000 1101011100 10100000 1100100011 101 1111010101 111111111111 111111111111 111111111111 111111111111 21.375 54.902 1003.7 61166 18 -126 10 60 51 3 $GNGGA,,,,,,0,00,99.9,,,,,,*6F
21 Nan Nan Nan Nan Nan Nan 1101010110 10110001011 110100010110 101 1011000011 111111111111 111111111111 111111111111 1101000 1101011100 10100111 1100011110 101 1111011000 111111111111 111111111111 111111111111 111111111111 21.375 54.825 1003.7 62164 16 -126 11 59 50 4 $GNGGA,,,,,,0,00,99.9,,,,,,*6F
22 Nan Nan Nan Nan Nan Nan 1101010110 10110000000 110011010010 101 1011000110 111111111111 111111111111 111111011101 1101000 1101011100 10110101 1100100110 101 1111011001 111111111111 111111111111 111111111111 111111111111 21.375 54.734 1003.7 63164 16 -126 10 59 51 4 $GNGGA,,,,,,0,00,99.9,,,,,,*6F
22 Nan Nan Nan Nan Nan Nan 1101010110 10101110101 110010010100 101 1011001111 111111111111 111111111111 111110010100 1101000 1101011100 10111110 1100100010 101 1111011100 111111111111 111111111111 111111111111 111111111111 21.375 54.818 1003.7 64163 17 -126 10 58 51 4 $GNGGA,,,,,,0,00,99.9,,,,,,*6F
22 Nan Nan Nan Nan Nan Nan 1101010110 10101101011 110001011010 101 1011010100 111111111111 111111111111 111101010011 1100111 1101011100 11000101 1100100101 101 1111011110 111111111111 111111111111 111111111111 111111111111 21.375 54.947 1003.7 65163 16 -125 10 59 52 3 $GNGGA,,,,,,0,00,99.9,,,,,,*6F
22 Nan Nan Nan Nan Nan Nan 1101010110 10101100011 110000100101 101 1011010111 111111111111 111111111111 111100001000 1100111 1101011100 11001101 1100100111 101 1111011101 111111111111 111111111111 111111111111 111111111111 21.375 55.077 1003.7 66162 17 -126 10 60 50 4 $GNGGA,,,,,,0,00,99.9,,,,,,*6F
22 Nan Nan Nan Nan Nan Nan 1101010101 10101011110 101111111000 101 1011011110 111111111111 111111111111 111011001100 1100111 1101011100 11010110 1100100101 101 1111011111 111111111111 111111111111 111111111111 111111111111 21.375 55.306 1003.7 67161 16 -126 10 59 51 4 $GNGGA,,,,,,0,00,99.9,,,,,,*6F
23 Nan Nan Nan Nan Nan Nan 1101010110 10101010001 101111000100 101 1011100010 111111111111 111111111111 111010010001 1100111 1101011100 11011101 1100100100 101 1111100101 111111111111 111111111111 111111111111 111111111111 21.375 55.405 1003.7 68160 18 -126 10 60 51 3 $GNGGA,,,,,,0,00,99.9,,,,,,*6F
23 Nan Nan Nan Nan Nan Nan 1101010101 10101001010 101110011001 101 1011100111 111111111111 111111111111 111001001011 1100111 1101011100 11100110 1100100110 101 1111100101 111111111111 111111111111 111111111111 111111111111 21.375 55.543 1003.7 69159 16 -126 11 59 51 3 $GNGGA,,,,,,0,00,99.9,,,,,,*6F
23 Nan Nan Nan Nan Nan Nan 1101010110 10101000010 101101110001 101 1011101101 111111111111 111111111111 111000011101 1100111 1101011100 11101101 1100100110 101 1111100111 111111111111 111111111111 111111111111 111111111111 21.375 55.581 1003.7 70158 16 -126 10 58 52 4 $GNGGA,,,,,,0,00,99.9,,,,,,*6F
23 Nan Nan Nan Nan Nan Nan 1101010101 10100111011 101101001101 101 1011110000 111111111111 111111111111 110111101111 1100111 1101011100 11110100 1100101000 101 1111101000 111111111111 111111111111 111111111111 111111111111 21.375 55.558 1003.7 71157 18 -126 10 59 51 3 $GNGGA,,,,,,0,00,99.9,,,,,,*6F
24 Nan Nan Nan Nan Nan Nan 1101010101 10100110011 101100101000 101 1011111001 111111111111 111111111111 110110111100 1100110 1101011100 11111100 1100101000 101 1111101011 111111111111 111111111111 111111111111 111111111111 21.375 55.512 1003.7 72157 17 -126 10 58 52 3 $GNGGA,,,,,,0,00,99.9,,,,,,*6F
24 Nan Nan Nan Nan Nan Nan 1101010110 10100101100 101100000110 101 1011111110 111111111111 111111111111 110110001111 1100110 1101011100 100000100 1100101000 101 1111101011 111111111111 111111111111 111111111111 111111111111 21.375 55.451 1003.7 73155 18 -126 10 60 51 3 $GNGGA,,,,,,0,00,99.9,,,,,,*6F
24 Nan Nan Nan Nan Nan Nan 1101010101 10100100010 101011100100 101 1100000001 111111111111 111111111111 110101100011 1100110 1101011100 100001010 1100100110 101 1111101111 111111111111 111111111111 111111111111 111111111111 21.375 55.398 1003.7 74156 16 -124 11 59 50 4 $GNGGA,,,,,,0,00,99.9,,,,,,*6F
25 Nan Nan Nan Nan Nan Nan 1101010101 10100100010 101011001010 101 1100001011 111111111111 111111111111 110100110001 1100110 1101011100 100010001 1100100111 101 1111101110 111111111111 111111111111 111111111111 111111111111 21.375 55.573 1003.7 75154 18 -126 10 60 51 3 $GNGGA,,,,,,0,00,99.9,,,,,,*6F
25 Nan Nan Nan Nan Nan Nan 1101010110 10100010100 101010100110 101 1100001010 111111111111 111111111111 110100010011 1100110 1101011100 100010110 1100100111 101 1111110010 111111111111 111111111111 111111111111 111111111111 21.375 55.367 1003.7 76153 17 -126 11 59 51 3 $GNGGA,,,,,,0,00,99.9,,,,,,*6F
25 Nan Nan Nan Nan Nan Nan 1101010101 10100010010 101010001101 101 1100001101 111111111111 111111111111 110011101100 1100110 1101011100 100011100 1100100100 101 1111110011 111111111111 111111111111 111111111111 111111111111 21.375 55.222 1003.7 77152 17 -126 10 59 52 3 $GNGGA,,,,,,0,00,99.9,,,,,,*6F
25 Nan Nan Nan Nan Nan Nan 1101010110 10100001100 101001110110 101 1100001111 111111111111 111111111111 110011000011 1100110 1101011100 100100101 1100100110 101 1111110101 111111111111 111111111111 111111111111 111111111111 21.375 55.085 1003.7 78151 18 -126 9 59 51 4 $GNGGA,,,,,,0,00,99.9,,,,,,*6F
26 Nan Nan Nan Nan Nan Nan 1101010110 10100000101 101001011100 101 1100010111 111111111111 111111111111 110010100001 1100110 1101011100 100100110 1100100110 101 1111110101 111111111111 111111111111 111111111111 111111111111 21.375 55.291 1003.7 79151 17 -126 10 58 51 4 $GNGGA,,,,,,0,00,99.9,,,,,,*6F
26 Nan Nan Nan Nan Nan Nan 1101010101 10011111111 101001000011 101 1100011001 111111111111 111111111111 110001111111 1100110 1101011100 100101110 1100100110 101 1111110111 111111111111 111111111111 111111111111 111111111111 21.375 55.275 1003.7 80150 17 -125 10 60 50 4 $GNGGA,,,,,,0,00,99.9,,,,,,*6F
26 Nan Nan Nan Nan Nan Nan 1101010101 10011110110 101000101000 101 1100011101 111111111111 111111111111 110001010111 1100110 1101011100 100110001 1100101001 100 1111111001 111111111111 111111111111 111111111111 111111111111 21.375 55.275 1003.7 81148 17 -126 11 58 51 3 $GNGGA,,,,,,0,00,99.9,,,,,,*6F
27 Nan Nan Nan Nan Nan Nan 1101010101 10011110100 101000010110 101 1100100011 111111111111 111111111111 110000111000 1100101 1101011100 100110110 1100100111 101 1111111010 111111111111 111111111111 111111111111 111111111111 21.375 55.375 1003.7 82148 17 -126 10 59 51 3 $GNGGA,,,,,,0,00,99.9,,,,,,*6F
27 Nan Nan Nan Nan Nan Nan 1101010110 10011101001 100111111111 101 1100100101 111111111111 111111111111 110000010011 1100101 1101011100 100111010 1100100110 101 1111111010 111111111111 111111111111 111111111111 111111111111 21.375 55.237 1003.7 83146 18 -126 10 58 51 3 $GNGGA,,,,,,0,00,99.9,,,,,,*6F
28 Nan Nan Nan Nan Nan Nan 1101010110 10011100101 100111101011 101 1100101000 111111111111 111111111111 101111110000 1100101 1101011100 101000101 1100100111 101 1111111110 111111111111 111111111111 111111111111 111111111111 21.375 55.192 1003.7 84146 16 -126 10 59 51 4 $GNGGA,,,,,,0,00,99.9,,,,,,*6F
28 Nan Nan Nan Nan Nan Nan 1101010110 10011011111 100111010110 101 1100110000 111111111111 111111111111 101111100001 1100101 1101011100 101000110 1100101000 101 1111111111 111111111111 111111111111 111111111111 111111111111 21.375 55.069 1003.7 85145 17 -126 10 59 51 4 $GNGGA,,,,,,0,00,99.9,,,,,,*6F
28 Nan Nan Nan Nan Nan Nan 1101010110 10011011011 100111000000 101 1100101101 111111111111 111111111111 101110111010 1100101 1101011100 101001011 1100100110 101 1111111110 111111111111 111111111111 111111111111 111111111111 21.375 54.970 1003.7 86145 16 -124 11 59 50 4 $GNGGA,,,,,,0,00,99.9,,,,,,*6F
29 Nan Nan Nan Nan Nan Nan 1101010110 10011011000 100110110001 101 1100110101 111111111111 111111111111 101110100011 1100101 1101011100 101010011 1100101011 100 1111111100 111111111111 111111111111 111111111111 111111111111 21.375 54.894 1003.7 87143 18 -126 10 60 51 3 $GNGGA,,,,,,0,00,99.9,,,,,,*6F
29 Nan Nan Nan Nan Nan Nan 1101010110 10011010010 100110100000 101 1100111001 111111111111 111111111111 101110001011 1100101 1101011100 101010110 1100101001 101 1111111101 111111111111 111111111111 111111111111 111111111111 21.375 54.848 1003.7 88142 16 -126 11 58 51 4 $GNGGA,,,,,,0,00,99.9,,,,,,*6F
30 Nan Nan Nan Nan Nan Nan 1101010110 10011001000 100110001101 100 1100111101 111111111111 111111111111 101101110000 1100101 1101011100 101011000 1100101000 100 1111111111 111111111111 111111111111 111111111111 111111111111 21.375 54.818 1003.7 89142 17 -126 10 58 52 3 $GNGGA,,,,,,0,00,99.9,,,,,,*6F
30 Nan Nan Nan Nan Nan Nan 1101010110 10011000110 100101111011 101 1100111101 111111111111 111111111111 101101011100 1100100 1101011100 101011101 1100100111 100 10000000001 111111111111 111111111111 111111111111 111111111111 21.375 54.902 1003.7 90141 18 -126 10 60 51 3 $GNGGA,,,,,,0,00,99.9,,,,,,*6F
30 Nan Nan Nan Nan Nan Nan 1101010110 10011000101 100101101101 100 1101000000 111111111111 111111111111 101101000011 1100100 1101011100 101100110 1100101001 101 10000000001 111111111111 111111111111 111111111111 111111111111 21.375 55.069 1003.7 91140 16 -126 10 58 51 5 $GNGGA,,,,,,0,00,99.9,,,,,,*6F
30 Nan Nan Nan Nan Nan Nan 1101010110 10010111110 100101011110 100 1101000101 111111111111 111111111111 101100100111 1100100 1101011100 101100110 1100101001 100 10000000100 111111111111 111111111111 111111111111 111111111111 21.375 55.100 1003.7 92139 18 -126 10 60 51 3 $GNGGA,,,,,,0,00,99.9,,,,,,*6F
30 Nan Nan Nan Nan Nan Nan 1101010101 10010111010 100101001110 100 1101001010 111111111111 111111111111 101100011001 1100100 1101011100 101101011 1100101000 100 10000000111 111111111111 111111111111 111111111111 111111111111 21.375 55.153 1003.7 93138 17 -126 11 59 51 3 $GNGGA,,,,,,0,00,99.9,,,,,,*6F
31 Nan Nan Nan Nan Nan Nan 1101010101 10010110110 100101000000 100 1101001010 111111111111 111111111111 101100000111 1100100 1101011100 101110001 1100101000 100 10000000110 111111111111 111111111111 111111111111 111111111111 21.375 55.138 1003.6 94138 17 -126 10 60 51 3 $GNGGA,,,,,,0,00,99.9,,,,,,*6F
31 Nan Nan Nan Nan Nan Nan 1101010110 10010110000 100100101111 100 1101001111 111111111111 111111111111 101011111101 1100100 1101011100 101110100 1100101010 100 10000001001 111111111111 111111111111 111111111111 111111111111 21.375 55.146 1003.6 95137 18 -126 10 59 51 3 $GNGGA,,,,,,0,00,99.9,,,,,,*6F
31 Nan Nan Nan Nan Nan Nan 1101010101 10010101010 100100100001 100 1101010001 111111111111 111111111111 101011011011 1100100 1101011100 101110111 1100101010 100 10000000101 111111111111 111111111111 111111111111 111111111111 21.375 55.100 1003.7 96136 17 -126 9 58 52 4 $GNGGA,,,,,,0,00,99.9,,,,,,*6F
31 Nan Nan Nan Nan Nan Nan 1101010110 10010101000 100100010100 100 1101010011 111111111111 111111111111 101011001010 1100100 1101011100 101111100 1100101101 100 10000000111 111111111111 111111111111 111111111111 111111111111 21.375 55.092 1003.7 97135 18 -126 10 60 51 3 $GNGGA,,,,,,0,00,99.9,,,,,,*6F
31 Nan Nan Nan Nan Nan Nan 1101010101 10010100000 100100000100 100 1101011011 111111111111 111111111111 101010111101 1100100 1101011100 101111100 1100101011 100 10000001010 111111111111 111111111111 111111111111 111111111111 21.375 55.008 1003.7 98135 17 -125 11 59 51 3 $GNGGA,,,,,,0,00,99.9,,,,,,*6F
32 08 33 19 Nan Nan Nan 1101010110 10010100001 100011111001 101 1101011100 111111111111 111111111111 101010011110 1100100 1101011100 110000010 1100101100 100 10000001110 111111111111 111111111111 111111111111 111111111111 21.375 55.016 1003.7 99502 16 -126 11 59 51 4 $GNGGA,083319.00,,,,,0,00,99.9,,,,,,*41
32 08 33 20 Nan Nan Nan 1101010101 10010011011 100011101101 110 1101011110 111111111111 111111111111 101010010111 1100100 1101011100 110000101 1100101001 100 10000001110 111111010100 111111111111 111111111111 111111111111 21.375 54.978 1003.7 100350 16 -125 12 59 51 3 $GNGGA,083320.00,,,,,0,00,99.9,,,,,,*4B
33 08 33 21 Nan Nan Nan 1101010101 10010010110 100011011110 1101 1101100000 111111111111 111111111111 101001111110 1100011 1101011100 110001011 1100101100 100 10000010000 111110010001 111111001011 111111111111 111111111111 21.375 54.902 1003.7 101351 17 -126 11 60 51 3 $GNGGA,083321.00,,,,,0,00,99.9,,,,,,*4A
33 08 33 22 Nan Nan Nan 1101010101 10010010001 100011010110 10100 1101100001 111111111111 111111111111 101001101010 1100100 1101011100 110000111 1100101011 100 10000010000 111101001001 111101110111 111111111111 111111111111 21.375 54.848 1003.7 102349 17 -126 11 58 51 4 $GNGGA,083322.00,,,,,0,00,99.9,,,,,,*49
34 08 33 23 Nan Nan Nan 1101010101 10010001110 100011001010 101001 1101101001 111111111111 111111111111 101001100100 1100100 1101011100 110010001 1100101100 100 10000001101 111100010100 111100110110 111111111111 111111111111 21.375 54.818 1003.7 103349 16 -126 11 59 52 3 $GNGGA,083323.00,,,,,0,00,99.9,,,,,,*48
34 08 33 24 Nan Nan Nan 1101010101 10010001001 100010111010 101011 1101101000 111111111111 111111111111 101001010101 1100011 1101011100 110010001 1100101000 11 10000010000 111011010011 111011101000 111111111111 111111111111 21.375 54.795 1003.7 104348 18 -126 10 60 50 4 $GNGGA,083324.00,,,,,0,00,99.9,,,,,,*4F
35 08 33 25 Nan Nan Nan 1101010110 10010000001 100010101110 111111 1101101101 111111111111 111111111111 101001000010 1100011 1101011100 110010011 1100101001 11 10000010010 111010010100 111010011100 111111111111 111111111111 21.375 54.787 1003.7 105507 16 -125 12 59 50 4 $GNGGA,083325.00,,,,,0,00,99.9,,,,,,*4E
35 08 33 26 Nan Nan Nan 1101010101 10010000010 100010100110 1001000 1101110000 111111111111 111111111111 101000101010 1100100 1101011100 110010101 1100101001 100 10000001111 111001100100 111001100110 111111111111 111111111111 21.375 54.932 1003.7 106346 18 -126 11 59 51 3 $GNGGA,083326.00,,,,,0,00,99.9,,,,,,*4D
36 08 33 27 Nan Nan Nan 1101010101 10010000000 100010011111 1001110 1101110011 111111111111 111111111111 101000100011 1100100 1101011100 110011100 1100101100 11 10000010000 111000110011 111000101100 111111111111 111111111111 21.375 54.947 1003.7 107346 16 -125 12 59 50 4 $GNGGA,083327.00,,,,,0,00,99.9,,,,,,*4C
37 08 33 28 Nan Nan Nan 1101010101 10001111101 100010010010 1011011 1101110100 111111111111 111111001110 101000010011 1100100 1101011100 110011011 1100101011 11 10000010100 110111111111 110111110100 111111111111 111111111111 21.375 54.894 1003.7 108346 16 -126 11 60 51 3 $GNGGA,083328.00,,,,,0,00,99.9,,,,,,*43
37 08 33 29 Nan Nan Nan 1101010101 10001110111 100010001010 1101001 1101110111 111111111111 111110001101 101000001010 1100011 1101011100 110011101 1100101001 11 10000010001 110111001010 110110111001 111111111111 111111111111 21.375 54.963 1003.7 109344 17 -126 11 59 51 3 $GNGGA,083329.00,,,,,0,00,99.9,,,,,,*42
37 08 33 30 Nan Nan Nan 1101010101 10001110100 100001111111 1110100 1101111000 111111111111 111101010100 101000000101 1100100 1101011100 110100010 1100101011 11 10000010111 110110100010 110110000101 111111111111 111101101110 21.375 54.932 1003.7 110343 17 -126 11 58 52 3 $GNGGA,083330.00,,,,,0,00,99.9,,,,,,*4A
38 08 33 31 Nan Nan Nan 1101010101 10001110010 100001110110 1111111 1101111111 111111111111 111100011101 100111110000 1100100 1101011100 110100011 1100101001 11 10000010110 110101110010 110101001011 111111111111 111010000101 21.375 54.879 1003.7 111437 16 -125 12 59 50 4 $GNGGA,083331.00,,,,,0,00,99.9,,,,,,*4B
38 08 33 32 Nan Nan Nan 1101010101 10001101101 100001101111 1111111 1101111010 111111111111 111011101010 100111100001 1100100 1101011101 110101000 1100101011 11 10000010011 110101001011 110100100010 111111111111 110111011101 21.375 54.848 1003.7 112343 17 -125 12 58 51 3 $GNGGA,083332.00,,,,,0,00,99.9,,,,,,*48
39 08 33 33 Nan Nan Nan 1101010101 10001110001 100001101001 10001110 1101111111 111111111111 111010111111 100111010110 1100100 1101011100 110101100 1100101011 11 10000010110 110100100001 110011110111 111111111111 110100111100 21.375 54.818 1003.7 113342 17 -125 11 60 51 3 $GNGGA,083333.00,,,,,0,00,99.9,,,,,,*49
39 08 33 34 Nan Nan Nan 1101010101 10001100110 100001011001 10010100 1101111111 111111111111 111010001100 100111000001 1100011 1101011100 110101101 1100101011 11 10000010100 110011111100 110011001000 111111111111 110010101111 21.375 54.787 1003.7 114341 16 -126 12 59 51 3 $GNGGA,083334.00,,,,,0,00,99.9,,,,,,*4E
39 08 33 35 Nan Nan Nan 1101010101 10001100101 100001010000 10011100 1110000100 111111111111 111001011101 100110111011 1100100 1101011100 110101111 1100101010 11 10000010110 110011001111 110010011100 111111111111 110000111010 21.375 54.787 1003.7 115340 17 -126 10 58 52 4 $GNGGA,083335.00,,,,,0,00,99.9,,,,,,*4F
39 08 33 36 Nan Nan Nan 1101010101 10001100001 100001001011 10100011 1110000101 111111111111 111000110100 100110101000 1100011 1101011100 110110010 1100101011 11 10000010100 110010110011 110010000000 111111111111 101111010001 21.375 54.772 1003.7 116339 17 -125 11 60 50 4 $GNGGA,083336.00,,,,,0,00,99.9,,,,,,*4C
40 08 33 36 Nan Nan Nan 1101010101 10001100000 100001000011 10101110 1110001000 111111111111 110111111100 100110011110 1100100 1101011100 110110101 1100101100 11 10000010101 110010001010 110001001110 111111111111 101101110000 21.375 54.825 1003.7 117497 17 -126 12 58 51 3 $GNGGA,083336.00,,,,,0,00,99.9,,,,,,*4C
40 08 33 37 Nan Nan Nan 1101010110 10001100000 100000111101 10101111 1110001011 111111111111 110111011100 100110011110 1100100 1101011100 110110011 1100101001 11 10000010111 110001101110 110000101100 111111111111 101100101011 21.375 54.833 1003.7 118337 18 -126 11 59 51 3 $GNGGA,083337.00,,,,,0,00,99.9,,,,,,*4D
40 08 33 38 Nan Nan Nan 1101010110 10001011001 100000110001 10111110 1110001101 111111111111 110110111011 100110010111 1100100 1101011100 110110101 1100101001 11 10000011000 110001001001 110000001011 111111111111 101011101010 21.375 54.795 1003.7 119336 16 -126 12 59 51 3 $GNGGA,083338.00,,,,,0,00,99.9,,,,,,*42
41 08 33 39 Nan Nan Nan 1101010110 10001010101 100000101001 11000100 1110001100 111111111111 110110010010 100110000000 1100101 1101011100 111000000 1100101101 11 10000011000 110000101100 101111101011 111111111111 101010101000 21.375 54.772 1003.7 120336 16 -125 11 60 50 4 $GNGGA,083339.00,,,,,0,00,99.9,,,,,,*43
41 08 33 40 Nan Nan Nan 1101010101 10001010100 100000100100 11001001 1110001111 111111101000 110101110001 100101110101 1100101 1101011100 110111111 1100101010 11 10000011001 110000010001 101111001000 111111111111 101001110001 21.375 54.772 1003.7 121334 18 -126 10 58 51 4 $GNGGA,083340.00,,,,,0,00,99.9,,,,,,*4D
41 08 33 41 Nan Nan Nan 1101010110 10001010110 100000100001 11010101 1110010100 111110110011 110101001010 100101101101 1100110 1101011100 111000011 1100101100 11 10000011000 101111110001 101110101000 111111111111 101001000000 21.375 54.787 1003.7 122333 17 -126 10 58 52 4 $GNGGA,083341.00,,,,,0,00,99.9,,,,,,*4C
42 08 33 42 Nan Nan Nan 1101010101 10001001100 100000010100 11010111 1110010111 111101111110 110100100111 100101011100 1100110 1101011100 111000101 1100101110 11 10000011001 101111010010 101110000111 111111111111 101000001111 21.375 54.856 1003.7 123493 16 -125 11 60 50 4 $GNGGA,083342.00,,,,,0,00,99.9,,,,,,*4F
42 08 33 43 Nan Nan Nan 1101010110 10001001010 100000001101 11011110 1110010101 111101011000 110100001010 100101010011 1100110 1101011100 111000011 1100101100 11 10000011010 101110110100 101101101000 111111111111 100111100101 21.375 54.909 1003.7 124332 17 -125 11 58 51 4 $GNGGA,083343.00,,,,,0,00,99.9,,,,,,*4E
42 08 33 44 Nan Nan Nan 1101010110 10001000111 100000000110 11100111 1110010111 111100100101 110011100001 100101000110 1100110 1101011100 111001001 1100101100 11 10000011010 101110100000 101101001110 111111111111 100110111101 21.375 54.947 1003.7 125330 18 -126 10 59 51 4 $GNGGA,083344.00,,,,,0,00,99.9,,,,,,*49
42 08 33 45 Nan Nan Nan 1101010110 10001000101 11111111100 11101010 1110011000 111011111001 110011001000 100101000001 1100110 1101011100 111001011 1100101101 11 10000011100 101101111011 101100110011 111111111111 100110011001 21.375 55.001 1003.7 126329 17 -126 12 58 51 3 $GNGGA,083345.00,,,,,0,00,99.9,,,,,,*48
43 08 33 46 Nan Nan Nan 1101010101 10001000001 11111111001 11101101 1110011001 111011010011 110010101100 100100110000 1100110 1101011100 111001101 1100101101 11 10000011101 101101100100 101100011001 111111111111 100101111010 21.375 55.024 1003.7 127329 16 -125 11 59 52 3 $GNGGA,083346.00,,,,,0,00,99.9,,,,,,*4B
43 08 33 47 Nan Nan Nan 1101010101 10001000000 11111110001 11111101 1110011101 111010101010 110010010100 100100101010 1100110 1101011011 111001010 1100101010 11 10000011101 101101010010 101100000010 111111111111 100101010101 21.375 55.161 1003.7 128328 17 -125 11 60 50 4 $GNGGA,083347.00,,,,,0,00,99.9,,,,,,*4A
44 08 33 48 Nan Nan Nan 1101010101 10000111110 11111101011 11111101 1110011110 111010000101 110001110100 100100100001 1101000 1101011100 111001111 1100101100 11 10000011011 101100110110 101011100100 111111111111 100100111110 21.375 55.092 1003.7 129486 17 -126 11 59 50 4 $GNGGA,083348.00,,,,,0,00,99.9,,,,,,*45
44 08 33 49 Nan Nan Nan 1101010101 10001000000 11111100111 100000101 1110011110 111001100100 110001011011 100100011000 1101000 1101011100 111010000 1100101100 11 10000011011 101100011110 101011001000 111111111111 100100011111 21.375 55.039 1003.7 130326 18 -126 10 60 50 4 $GNGGA,083349.00,,,,,0,00,99.9,,,,,,*44
44 08 33 50 Nan Nan Nan 1101010110 10000111011 11111011111 100010000 1110100100 111001000000 110001001000 100100001100 1101010 1101011100 111010010 1100101101 11 10000011111 101100001010 101010110011 111111111111 100100000111 21.375 54.963 1003.7 131325 17 -126 11 58 51 4 $GNGGA,083350.00,,,,,0,00,99.9,,,,,,*4C
45 08 33 51 Nan Nan Nan 1101010101 10000110110 11111010110 100010110 1110100001 111000011110 110000101010 100100001001 1101010 1101011100 111010111 1100101101 11 10000011101 101011110100 101010011100 111111111111 100011101101 21.375 55.047 1003.7 132324 17 -126 10 60 50 4 $GNGGA,083351.00,,,,,0,00,99.9,,,,,,*4D
45 08 33 52 Nan Nan Nan 1101010110 10000110010 11111010001 100011001 1110100100 110111111000 110000010000 100100000010 1101101 1101011100 111010110 1100101011 11 10000011101 101011011100 101010000110 111111111111 100011011011 21.375 55.092 1003.7 133324 17 -125 11 59 50 4 $GNGGA,083352.00,,,,,0,00,99.9,,,,,,*4E
45 08 33 53 Nan Nan Nan 1101010110 10000110000 11111001010 100100000 1110101000 110111011000 101111110110 100011111110 1101101 1101011100 111011001 1100101110 11 10000011100 101011001011 101001101111 111111111111 100010111111 21.375 55.024 1003.7 134323 17 -126 10 59 51 4 $GNGGA,083353.00,,,,,0,00,99.9,,,,,,*4F
46 08 33 54 Nan Nan Nan 1101010110 10000101101 11111000010 100100110 1110101001 110110110011 101111011010 100011101011 1101100 1101011100 111011011 1100110000 11 10000011110 101010101111 101001011011 111111111111 100010101011 21.375 55.047 1003.7 135483 16 -125 11 60 50 4 $GNGGA,083354.00,,,,,0,00,99.9,,,,,,*48
46 08 33 55 Nan Nan Nan 1101010101 10000101011 11111000011 100101011 1110101010 110110010100 101111000111 100011100110 1101101 1101011100 111011111 1100101101 11 10000100001 101010100011 101001000101 111111111111 100010001010 21.375 55.054 1003.7 136321 17 -125 11 58 51 4 $GNGGA,083355.00,,,,,0,00,99.9,,,,,,*49
47 08 33 56 Nan Nan Nan 1101010101 10000101101 11110111011 100101101 1110101011 110101110110 101110110001 100011011010 1101100 1101011100 111100000 1100101110 11 10000011110 101010010000 101000110101 111111111111 100010000111 21.375 55.062 1003.7 137320 18 -126 10 60 50 4 $GNGGA,083356.00,,,,,0,00,99.9,,,,,,*4A
47 08 33 57 Nan Nan Nan 1101010101 10000101010 11110110110 100110001 1110101110 110101011001 101110010111 100011010111 1101111 1101011100 111011101 1100101101 11 10000100000 101001111101 101000100010 111111111111 100001101110 21.375 55.283 1003.7 138318 17 -126 11 59 50 4 $GNGGA,083357.00,,,,,0,00,99.9,,,,,,*4B
47 08 33 58 Nan Nan Nan 1101010110 10000100101 11110101110 100110101 1110101110 110101000000 101110000100 100011001110 1101110 1101011100 111011110 1100101100 11 10000100001 101001100101 101000001111 111111111111 100001100001 21.813 55.298 1003.7 139318 17 -126 10 58 52 4 $GNGGA,083358.00,,,,,0,00,99.9,,,,,,*44
47 08 33 59 Nan Nan Nan 1101010101 10000100101 11110101011 100111100 1110110000 110100100011 101101110011 100011000010 1110000 1101011100 111100000 1100101011 11 10000100100 101001011001 100111111111 111111111111 100001011011 22.313 55.222 1003.7 140317 17 -126 11 60 51 3 $GNGGA,083359.00,,,,,0,00,99.9,,,,,,*45
48 08 34 00 Nan Nan Nan 1101010101 10000100011 11110100011 101000111 1110110001 110100000011 101101011011 100010111100 1101111 1101011100 111100111 1100101101 11 10000100011 101001000000 100111100100 111111111111 100000110100 22.313 55.031 1003.7 141478 16 -126 12 59 51 3 $GNGGA,083400.00,,,,,0,00,99.9,,,,,,*4E
48 08 34 01 Nan Nan Nan 1101010101 10000100001 11110100000 101010010 1110111010 110011110100 101101001011 100010101111 1110001 1101011100 111101010 1100101101 11 10000100011 101000110100 100111011000 111111111111 100000101000 22.313 54.917 1003.7 142316 17 -126 11 60 51 3 $GNGGA,083401.00,,,,,0,00,99.9,,,,,,*4F
48 08 34 02 Nan Nan Nan 1101010101 10000011011 11110010111 101010000 1110110101 110011010011 101100110111 100010101000 1110010 1101011100 111100110 1100101100 11 10000100101 101000100110 100111000100 111111111111 100000010001 22.313 54.825 1003.7 143314 16 -126 12 59 51 3 $GNGGA,083402.00,,,,,0,00,99.9,,,,,,*4C
49 08 34 03 Nan Nan Nan 1101010101 10000100000 11110011000 101010011 1110110111 110010111010 101100100011 100010100101 1110100 1101011100 111101000 1100101100 11 10000100010 101000011000 100110111010 111111111111 11110110001 22.188 54.772 1003.7 144314 17 -126 10 60 50 4 $GNGGA,083403.00,,,,,0,00,99.9,,,,,,*4D
49 08 34 04 Nan Nan Nan 1101010101 10000011001 11110010000 101010111 1110111001 110010100100 101100010011 100010011010 1110100 1101011100 111101100 1100101110 11 10000100101 101000001010 100110110010 111111111111 11101110101 22.188 54.734 1003.7 145312 18 -126 10 58 51 4 $GNGGA,083404.00,,,,,0,00,99.9,,,,,,*4A
50 08 34 05 Nan Nan Nan 1101010101 10000011001 11110001110 101011001 1110110111 110010001100 101100000001 100010010001 1110011 1101011100 111101010 1100101001 11 10000100101 101000000100 100110101001 111111111111 11101010011 22.188 54.741 1003.7 146313 16 -125 11 59 51 4 $GNGGA,083405.00,,,,,0,00,99.9,,,,,,*4B
51 08 34 06 Nan Nan Nan 1101010110 10000010111 11110001001 101011000 1110110111 110001110011 101011101111 100010001100 1110110 1101011100 111101011 1100101000 11 10000100101 100111110101 100110011010 111111111111 11100101010 22.125 54.810 1003.7 147473 16 -125 11 60 50 4 $GNGGA,083406.00,,,,,0,00,99.9,,,,,,*48
51 08 34 07 Nan Nan Nan 1101010101 10000011100 11110001010 101100100 1110111010 110001100101 101011011101 100010000101 1111010 1101011100 111110001 1100101101 10 10000100101 100111101011 100110001010 111111111111 11100011111 22.125 54.841 1003.7 148310 17 -125 11 58 51 4 $GNGGA,083407.00,,,,,0,00,99.9,,,,,,*49
52 08 34 08 Nan Nan Nan 1101010101 10000010100 11101111101 101100011 1110111001 110001000100 101011001001 100010000011 1110100 1101011100 111110010 1100101111 11 10000100110 100111010101 100101110111 111111111111 11100010110 22.125 54.863 1003.7 149310 17 -126 11 60 51 3 $GNGGA,083408.00,,,,,0,00,99.9,,,,,,*46
52 08 34 09 Nan Nan Nan 1101010110 10000010010 11101111001 101101111 1110111110 110000110011 101010111100 100001111100 1111001 1101011100 111110010 1100101101 11 10000100001 100111001001 100101101000 111111111111 11100001110 22.063 54.848 1003.7 150308 17 -126 11 58 51 4 $GNGGA,083409.00,,,,,0,00,99.9,,,,,,*47
53 08 34 10 Nan Nan Nan 1101010101 10000001111 11101110100 101110010 1110111111 110000011111 101010101100 100001110010 1111010 1101011100 111110011 1100101100 11 10000100110 100111000000 100101100000 111111111111 11100001000 22.063 54.802 1003.7 151308 16 -126 11 59 52 3 $GNGGA,083410.00,,,,,0,00,99.9,,,,,,*4F
53 08 34 11 Nan Nan Nan 1101010101 10000001101 11101110001 101110101 1110111111 110000001010 101010011101 100001101000 1111111 1101011100 111111001 1100101110 11 10000100111 100110110001 100101010010 111111111111 11100001001 22.063 54.787 1003.7 152306 17 -125 11 60 51 3 $GNGGA,083411.00,,,,,0,00,99.9,,,,,,*4E
54 08 34 12 Nan Nan Nan 1101010101 10000001011 11101101100 101111000 1111000010 101111111010 101010010011 100001100100 10000000 1101011100 111110111 1100101101 11 10000100111 100110100100 100101000000 111111111111 11100010001 22.000 54.772 1003.7 153467 16 -125 12 59 50 4 $GNGGA,083412.00,,,,,0,00,99.9,,,,,,*4D
54 08 34 13 Nan Nan Nan 1101010101 10000001011 11101100111 110000011 1111000101 101111101011 101010000011 100001011100 10000000 1101011100 111111001 1100101100 11 10000101000 100110001101 100100110001 111111111111 11100000111 22.000 54.757 1003.7 154304 18 -126 11 60 51 3 $GNGGA,083413.00,,,,,0,00,99.9,,,,,,*4C
54 08 34 14 Nan Nan Nan 1101010101 10000001100 11101100101 110000010 1111000101 101111010000 101001110011 100001011011 10000000 1101011100 111111000 1100110000 11 10000101001 100110000010 100100100100 111111111111 11100010001 22.000 54.741 1003.7 155303 16 -125 12 59 50 4 $GNGGA,083414.00,,,,,0,00,99.9,,,,,,*4B
