id HH MM SS longitude latitude altitude adc_1_ch0 adc_1_ch1 adc_1_ch2 adc_1_ch3 adc_1_ch4 adc_1_ch5 adc_1_ch6 adc_1_ch7 adc_1_ch8 adc_2_ch0 adc_2_ch1 adc_2_ch2 adc_2_ch3 adc_2_ch4 adc_2_ch5 adc_2_ch6 adc_2_ch7 adc_2_ch8 temp hum pres t_prog t_gps t_split t_adc t_temp t_hum t_pres trame_gga
0 Nan Nan Nan Nan Nan Nan 1101010110 111111111111 111111111111 110 111111111111 111111111111 111111111111 111111111111 1101011 1101011100 1111011010 111111111111 110 110000000 111111111111 111111111111 111111111111 111111111111 21.750 56.885 795.83 2215 17 -126 11 59 51 3 $GNGGA,,,,,,0,00,99.9,,,,,,*6F
1 Nan Nan Nan Nan Nan Nan 1101010110 111111111111 111111111111 110 111011000110 111111111111 111111111111 111111111111 1101011 1101011100 1110100111 111111111111 110 1001001001 111111111111 111111111111 111111111111 111111111111 21.813 56.832 998.72 3215 17 -126 10 59 51 3 $GNGGA,,,,,,0,00,99.9,,,,,,*6F
1 Nan Nan Nan Nan Nan Nan 1101010110 111111111111 111111111111 110 101100001110 111111111111 111111111111 111111111111 1101011 1101011100 1101111011 111111111111 110 1011010110 111111111111 111111111111 111111111111 111111111111 21.750 56.794 998.72 4214 18 -126 10 59 51 3 $GNGGA,,,,,,0,00,99.9,,,,,,*6F
1 Nan Nan Nan Nan Nan Nan 1101010110 111111111111 111111111111 1000 100011111011 111111111111 111111111111 111111111111 1101101 1101011100 1101011010 111111111111 110 1100110000 111111111111 111111111111 111111111111 111111111111 21.813 56.748 998.72 5213 16 -126 10 58 52 4 $GNGGA,,,,,,0,00,99.9,,,,,,*6F
1 Nan Nan Nan Nan Nan Nan 1101010110 111111111111 111111111111 111 11110111100 111111111111 111111111111 111111111111 1101100 1101011100 1101000010 111111111111 110 1101110010 111111111111 111111111111 111111111111 111111111111 21.813 56.725 998.71 6213 17 -125 10 60 50 4 $GNGGA,,,,,,0,00,99.9,,,,,,*6F
1 Nan Nan Nan Nan Nan Nan 1101010110 111111111111 111111111111 111 11100000010 111111111111 111111111111 111111111111 1101100 1101011100 1100110001 111111111111 101 1110100101 111111111111 111111111111 111111111111 111111111111 21.813 56.725 998.72 7212 16 -125 11 58 51 4 $GNGGA,,,,,,0,00,99.9,,,,,,*6F
1 Nan Nan Nan Nan Nan Nan 1101010111 111111111111 111111111111 111 11010001110 111111111111 111111111111 111111111111 1101100 1101011100 1100100010 111111111111 110 1111000100 111111111111 111111111111 111111111111 111111111111 21.813 56.725 998.72 8210 18 -126 10 59 51 3 $GNGGA,,,,,,0,00,99.9,,,,,,*6F
1 Nan Nan Nan Nan Nan Nan 1101010111 111111111111 111111111111 111 11001000011 111111111111 111111111111 111111111111 1101100 1101011100 1100011001 111111111111 110 1111011101 111111111111 111111111111 111111111111 111111111111 21.813 56.725 998.73 9209 16 -126 11 59 50 4 $GNGGA,,,,,,0,00,99.9,,,,,,*6F
2 Nan Nan Nan Nan Nan Nan 1101010110 111111111111 111111111111 111 11000001100 111111111111 111111111111 111111111111 1101100 1101011101 1100010001 111111001101 101 1111110001 111111111111 111111111111 111111111111 111111111111 21.813 56.710 998.73 10209 17 -126 9 58 52 4 $GNGGA,,,,,,0,00,99.9,,,,,,*6F
2 Nan Nan Nan Nan Nan Nan 1101010111 111111111111 111111111111 111 10111101001 111111111111 111111111111 111111111111 1101100 1101011100 1100010000 110110011111 110 10000000001 111111111111 111111111111 111111111111 111111111111 21.813 56.740 998.72 11208 17 -125 10 60 50 4 $GNGGA,,,,,,0,00,99.9,,,,,,*6F
3 Nan Nan Nan Nan Nan Nan 1101010110 111111111111 111111111111 111 10111001110 111111111111 111111111111 111111111111 1101100 1101011100 1100001010 101111110000 110 10000001010 111111111111 111111111111 111111111111 111111111111 21.813 56.840 998.72 12207 16 -126 10 58 51 5 $GNGGA,,,,,,0,00,99.9,,,,,,*6F
3 Nan Nan Nan Nan Nan Nan 1101010110 111111111111 111111111111 111 10110110101 111111111111 111111111111 111111111111 1101100 1101011100 1100000011 101010010101 110 10000010010 111111111111 111111111111 111111111111 111111111111 21.813 56.801 998.71 13207 17 -125 10 60 50 4 $GNGGA,,,,,,0,00,99.9,,,,,,*6F
3 Nan Nan Nan Nan Nan Nan 1101010110 111111111111 111111111111 111 10110100110 111111111111 111111111111 111111111111 1101100 1101011011 1100000001 100110001001 110 10000011000 111111111111 111111111111 111111111111 111111111111 21.813 57.107 998.72 14205 17 -126 10 58 51 4 $GNGGA,,,,,,0,00,99.9,,,,,,*6F
3 Nan Nan Nan Nan Nan Nan 1101010111 111111111111 111111111111 111 10110010011 111111111111 111111111111 111111111111 1101100 1101011100 1100000001 100010110000 110 10000011110 111111111111 111111111111 111111111111 111111111111 21.813 57.404 998.71 15204 16 -126 10 60 50 4 $GNGGA,,,,,,0,00,99.9,,,,,,*6F
4 Nan Nan Nan Nan Nan Nan 1101010110 111111111111 111111111111 111 10110001010 111111111111 111111111111 111111111111 1101100 1101011100 1011111100 11111111111 101 10000100010 111111111111 111111111111 111111111111 111111111111 21.813 57.503 998.72 16204 18 -126 9 58 51 4 $GNGGA,,,,,,0,00,99.9,,,,,,*6F
5 Nan Nan Nan Nan Nan Nan 1101010110 111111111111 111111111111 111 10101111000 111111111111 111111111111 111111111111 1101100 1101011100 1011110101 11101110100 110 10000100100 111111111111 111111111111 111111111111 111111111111 21.813 57.396 998.73 17204 17 -126 10 59 52 3 $GNGGA,,,,,,0,00,99.9,,,,,,*6F
5 Nan Nan Nan Nan Nan Nan 1101010110 111111111111 111111111111 111 10101110011 111111111111 111111111111 111111111111 1101100 1101011101 1011111000 11011111101 110 10000101001 111111111111 111111111111 111111111111 111111111111 21.813 57.221 998.72 18203 17 -125 10 60 50 4 $GNGGA,,,,,,0,00,99.9,,,,,,*6F
5 Nan Nan Nan Nan Nan Nan 1101010110 111111111111 111111111111 111 10101100111 111111111111 111111111111 111111111111 1101100 1101011100 1011110110 11010011101 110 10000101010 111111111111 111111111111 111111111111 111111111111 21.813 57.084 998.73 19202 17 -126 11 59 51 3 $GNGGA,,,,,,0,00,99.9,,,,,,*6F
5 Nan Nan Nan Nan Nan Nan 1101010110 111111111111 111111111111 111 10101100000 111111111111 111111111111 111111111111 1101100 1101011100 1011111001 11001001110 101 10000101100 111111111111 111111111111 111111111111 111111111111 21.813 56.946 998.73 20201 18 -126 10 60 51 3 $GNGGA,,,,,,0,00,99.9,,,,,,*6F
5 Nan Nan Nan Nan Nan Nan 1101010111 111111111111 111111111111 111 10101010111 111111111111 111111111111 111111111111 1101100 1101011100 1011110001 11000001000 110 10000101110 111111111111 111111111111 111111111111 111111111111 21.813 56.840 998.73 21200 16 -125 11 59 50 4 $GNGGA,,,,,,0,00,99.9,,,,,,*6F
6 Nan Nan Nan Nan Nan Nan 1101010110 111111111111 111111111111 111 10101010001 111111111111 111111111111 111111111111 1101100 1101011100 1011110100 10111010000 101 10000110011 111111111111 111111111111 111111111111 111111111111 21.875 56.786 998.74 22199 17 -126 10 59 52 3 $GNGGA,,,,,,0,00,99.9,,,,,,*6F
